    47    47     1
     8.57411     0.556079     0.279122     0.266377     0.261989     0.279645     0.398346     0.338146     0.377523     0.357893     0.335469      0.33615     0.334476      0.32044     0.278042     0.314546      0.31122     0.321208     0.333632     0.337301     0.334222      0.51548      6.84635     0.214147     0.172982     0.106528  -0.00829021    -0.129332    -0.237646    -0.191712    -0.402491    -0.582846    -0.614931    -0.507595     -0.51083    -0.520583    -0.522316    -0.613082    -0.466656    -0.363204    -0.314035    -0.303834    -0.362662    -0.654882   -2.248e-08   -0.0229783    0.0501636
    0.556079     0.865643     0.800534      0.81296     0.801444     0.747394     0.666526     0.830661      0.75515     0.734575     0.773874     0.794588     0.799544     0.763884     0.635951      0.75006     0.786154     0.765932     0.762958     0.781191     0.804455    0.0626784    -0.329232     0.018031    0.0180984    0.0363685    0.0685281     0.123167     0.162155   -0.0743465   -0.0733581    0.0700758      0.14954    0.0426587    0.0585193    0.0691469    0.0607394  -0.00614565    -0.117935   -0.0753959   -0.0415599   -0.0299514   -0.0467439   -0.0741093  5.67847e-09    0.0624721   -0.0109385
    0.279122     0.800534     0.909372      0.79628      0.83676     0.775566     0.649772     0.847373      0.75999     0.742195     0.786932     0.808645     0.813641     0.777075     0.644364     0.762684     0.801194     0.779911     0.776469     0.795144     0.818968    0.0529511    -0.338674      0.12594   -0.0338759   -0.0205644    0.0200633    0.0883887     0.119355   -0.0794383   -0.0761083    0.0833862     0.178021    0.0535677    0.0695738    0.0809018    0.0717706   0.00572878    -0.110633   -0.0692975   -0.0356944   -0.0240089   -0.0399287   -0.0615631  4.43128e-09    0.0764289   -0.0133591
    0.266377      0.81296      0.79628       0.9979     0.734222     0.792101     0.645499     0.844206     0.757517     0.739504     0.783942      0.80564     0.810625     0.774256     0.641935     0.759769     0.798037     0.777133      0.77395     0.792486     0.815941    0.0623479    -0.355543      0.20654     0.247669    -0.056714   -0.0271695    0.0370449    0.0498528   -0.0851202   -0.0848331    0.0696532     0.164662    0.0432814     0.058391    0.0690441    0.0600622  -0.00669011    -0.118447   -0.0755812    -0.041421   -0.0296749    -0.046556   -0.0736631   4.4622e-09    0.0776559   -0.0130389
    0.261989     0.801444      0.83676     0.734222      1.21378     0.560489     0.675497     0.831628     0.763099     0.738785     0.775728     0.796763     0.802106     0.766958     0.639905     0.752511      0.78789      0.76821     0.765668     0.783827     0.806766    0.0783176    -0.368804     0.257894     0.305322     0.430614    -0.123149   -0.0741516   -0.0990663   -0.0842165   -0.0822181    0.0461767     0.119887    0.0291989    0.0420449    0.0502722    0.0428894   -0.0254183    -0.131502   -0.0861149    -0.051063   -0.0392497   -0.0577346   -0.0940719  4.49787e-09    0.0601657   -0.0120171
    0.279645     0.747394     0.775566     0.792101     0.560489      1.71512     0.666659     0.760826     0.807058     0.743534     0.733118      0.74952     0.757314     0.729182     0.635853     0.716192     0.734006     0.719207     0.718481     0.735079     0.757636    0.0921767    -0.366685     0.234317     0.270949     0.388396     0.655515    -0.306887    -0.416575   -0.0238462    0.0188951    0.0209321   -0.0502065    0.0342495    0.0398469    0.0383395    0.0404546   -0.0298894    -0.140197   -0.0937582   -0.0588975   -0.0474761   -0.0669662    -0.111174  3.95567e-09   -0.0683581   -0.0081845
    0.398346     0.666526     0.649772     0.645499     0.675497     0.666659       2.3712     0.612649      1.08395     0.871678     0.686197     0.687066     0.705497     0.697625     0.716924     0.690574     0.647196     0.643723     0.645872     0.660253     0.689114   0.00996005     -0.30301   -0.0989431    -0.125606    -0.209271    -0.275122    -0.158775   -0.0335332     0.294421     0.545973      0.14293    -0.495907     0.214135     0.202753     0.177194     0.213639     0.139321   -0.0675354   -0.0359896  -0.00702339   0.00307252  -0.00745329   -0.0024342 -2.32341e-11     -0.58063   0.00272432
    0.338146     0.830661     0.847373     0.844206     0.831628     0.760826     0.612649     0.863013      0.73358     0.741845     0.792664     0.814993      0.81966     0.781874     0.644086     0.767455     0.808666     0.786638     0.782886      0.80179     0.825697     0.049269    -0.324101   -0.0543458   -0.0392094   -0.0041317    0.0469473     0.109154     0.144949   -0.0836234    -0.069511     0.107374     0.204824     0.049258    0.0714459    0.0848923    0.0740077   0.00840274    -0.108009   -0.0671101   -0.0336039   -0.0218837   -0.0374873   -0.0570867  2.70446e-09    0.0954342   -0.0118576
    0.377523      0.75515      0.75999     0.757517     0.763099     0.807058      1.08395      0.73358      1.19975      0.62636     0.746749     0.752734     0.761352      0.73549     0.657569     0.723861     0.732999     0.719539      0.71921     0.735781     0.759675    0.0802198    -0.335323   -0.0801787   -0.0798502   -0.0856497   -0.0748195    0.0145257    0.0285092      1.00992   0.00486935   -0.0300526    -0.126014    0.0716083    0.0636123    0.0611006    0.0679258   -0.0043443    -0.130836   -0.0860559   -0.0515859   -0.0401869   -0.0585627   -0.0956344  1.18586e-08    -0.145033   0.00472266
    0.357893     0.734575     0.742195     0.739504     0.738785     0.743534     0.871678     0.741845      0.62636      2.12889     0.451741     0.737443     0.732263     0.703529     0.614515     0.694419     0.712562     0.697923     0.697084     0.713258     0.735213    0.0853673    -0.321256   -0.0887074   -0.0848841    -0.079835    -0.061901   0.00230883   0.00151135     0.219246       1.2319    -0.340729    -0.128793    0.0664599    0.0350077    0.0441655    0.0429059   -0.0250549    -0.132867   -0.0884842   -0.0549434   -0.0439022   -0.0624241    -0.103228  8.07343e-09   -0.0616883    0.0183007
    0.335469     0.773874     0.786932     0.783942     0.775728     0.733118     0.686197     0.792664     0.746749     0.451741      1.87063     0.622888     0.766476     0.726023     0.615848      0.72043     0.752455      0.73361     0.730974     0.748405      0.77098    0.0601242    -0.313538   -0.0657471   -0.0550279   -0.0315236   0.00619114    0.0664489    0.0872054   -0.0373872    0.0465387     0.501614  -0.00102475    0.0165979    0.0276165    0.0739544    0.0608264  -0.00298191     -0.11331   -0.0724166   -0.0398662   -0.0287152   -0.0448588   -0.0710778     4.58e-09    0.0375967    0.0119818
     0.33615     0.794588     0.808645      0.80564     0.796763      0.74952     0.687066     0.814993     0.752734     0.737443     0.622888      1.35311     0.727838     0.737935     0.629235     0.739073     0.773123     0.753301     0.750283     0.768256     0.791562    0.0531657    -0.317319   -0.0579998   -0.0460404   -0.0195232    0.0227442    0.0886602     0.119687   -0.0529419   -0.0170345     0.164126     0.326504   -0.0293134  0.000435716    0.0889539      0.07056   0.00671128    -0.108981   -0.0685218   -0.0357506   -0.0244038   -0.0400594   -0.0620911  4.48645e-09    0.0467982   0.00528529
    0.334476     0.799544     0.813641     0.810625     0.802106     0.757314     0.705497      0.81966     0.761352     0.732263     0.766476     0.727838       1.1973     0.672956     0.630358     0.744589     0.778281     0.758284     0.755125     0.773244      0.79695    0.0471538    -0.317187   -0.0524449   -0.0403871   -0.0139696    0.0290175    0.0991517     0.135706   -0.0637457   -0.0493558    0.0918732     0.200366     0.310709     -0.22189     0.114162    0.0784456     0.015584    -0.104449   -0.0647648   -0.0321812   -0.0208187   -0.0359267   -0.0544842  4.91155e-09    0.0411993   0.00183068
     0.32044     0.763884     0.777075     0.774256     0.766958     0.729182     0.697625     0.781874      0.73549     0.703529     0.726023     0.737935     0.672956      1.88285     0.472816     0.711855     0.743624     0.724756     0.721805     0.739098     0.761888      0.04475    -0.304308   -0.0484023   -0.0371918   -0.0129037    0.0279142     0.098735     0.136203   -0.0477243   -0.0281365    0.0814754     0.104566    0.0395791     0.393281    -0.229138    0.0862924    0.0154404   -0.0998045    -0.061804   -0.0306139   -0.0197429   -0.0341753   -0.0517201  4.36197e-09    0.0294715   0.00687506
    0.278042     0.635951     0.644364     0.641935     0.639905     0.635853     0.716924     0.644086     0.657569     0.614515     0.615848     0.629235     0.630358     0.472816      4.01203     0.417941      0.61435     0.601574     0.600923     0.616457     0.636958    0.0273263    -0.259389   -0.0436248   -0.0375841    -0.027061  -0.00247446    0.0654559    0.0956014  -0.00271927     0.032727    0.0739817    0.0404461    0.0652881    0.0876713      0.19931    -0.355308    0.0810917   -0.0742876   -0.0474287   -0.0220206   -0.0129468   -0.0247306   -0.0378612 -2.45808e-08   -0.0347265   0.00122042
    0.314546      0.75006     0.762684     0.759769     0.752511     0.716192     0.690574     0.767455     0.723861     0.694419      0.72043     0.739073     0.744589     0.711855     0.417941      1.98011     0.712017     0.716222     0.712201     0.726753     0.747805    0.0395459      -0.2976   -0.0488413   -0.0382433   -0.0158234    0.0217812    0.0883168     0.121529    -0.045573   -0.0242564    0.0881331     0.124799    0.0649799    0.0796514    0.0782009     0.405952    -0.432491    -0.118027   -0.0697221   -0.0362098   -0.0251913    -0.041117   -0.0708645  -1.6663e-08    0.0261394  -0.00987544
     0.31122     0.786154     0.801194     0.798037      0.78789     0.734006     0.647196     0.808666     0.732999     0.712562     0.752455     0.773123     0.778281     0.743624      0.61435     0.712017      1.08938     0.808389     0.800322     0.777065      0.77743     0.201109    -0.300002   -0.0360466   -0.0225037   0.00733219    0.0533993     0.121763     0.166526   -0.0598588    -0.042352     0.111507     0.189766    0.0794426    0.0955964     0.106091     0.104041     0.691771    -0.444246    -0.198995     -0.13014    -0.115552    -0.146889    -0.258941  5.07639e-09    0.0611213   -0.0119638
    0.321208     0.765932     0.779911     0.777133      0.76821     0.719207     0.643723     0.786638     0.719539     0.697923      0.73361     0.753301     0.758284     0.724756     0.601574     0.716222     0.808389      1.25394     0.771407     0.774733     0.751869     0.390611    -0.304774   -0.0524342   -0.0403039   -0.0130892    0.0298348    0.0944778     0.128373   -0.0646501   -0.0566066    0.0779099     0.147322    0.0522739    0.0668728    0.0763569     0.071625     0.398454     0.999366    -0.356916    -0.243253    -0.225346    -0.275068    -0.490079  1.99175e-09    0.0536978   -0.0107357
    0.333632     0.762958     0.776469      0.77395     0.765668     0.718481     0.645872     0.782886      0.71921     0.697084     0.730974     0.750283     0.755125     0.721805     0.600923     0.712201     0.800322     0.771407      1.35868      0.70035     0.750453     0.377906    -0.313222   -0.0656141    -0.054216   -0.0281134    0.0136223     0.076397     0.103028   -0.0707005   -0.0705313    0.0534274     0.119474     0.031549    0.0455923    0.0544881    0.0491903     0.209803     0.471707     0.592876    -0.240227     -0.21821    -0.266965    -0.475847 -6.79598e-10    0.0514149   -0.0105152
    0.337301     0.781191     0.795144     0.792486     0.783827     0.735079     0.660253      0.80179     0.735781     0.713258     0.748405     0.768256     0.773244     0.739098     0.616457     0.726753     0.777065     0.774733      0.70035       1.3318      0.73089     0.164184    -0.317615   -0.0628772    -0.051002   -0.0239998    0.0190034    0.0837755      0.11326   -0.0701657   -0.0673641    0.0625732     0.130773     0.038873    0.0534956    0.0629237    0.0560337    0.0587036    0.0565212     0.111073      0.16303   -0.0837773    -0.117597    -0.207694 -2.23432e-09    0.0531136   -0.0114901
    0.334222     0.804455     0.818968     0.815941     0.806766     0.757636     0.689114     0.825697     0.759675     0.735213      0.77098     0.791562      0.79695     0.761888     0.636958     0.747805      0.77743     0.751869     0.750453      0.73089      1.21167   -0.0939755    -0.317364     -0.05112   -0.0385447    -0.010806    0.0332706      0.10187     0.138543   -0.0619788    -0.048552    0.0906161     0.157017    0.0631085    0.0785441    0.0887385     0.081059  -0.00629572    -0.161245    -0.124531   -0.0904527   -0.0743105     0.120712    0.0362435 -2.27862e-08    0.0506478   -0.0126671
     0.51548    0.0626784    0.0529511    0.0623479    0.0783176    0.0921767   0.00996005     0.049269    0.0802198    0.0853673    0.0601242    0.0531657    0.0471538      0.04475    0.0273263    0.0395459     0.201109     0.390611     0.377906     0.164184   -0.0939755      13.6141     -0.37644    -0.495822    -0.514544    -0.532253    -0.546709    -0.603957    -0.847388    -0.296056    -0.623309    -0.905768    -0.904634    -0.781584    -0.797304    -0.818306    -0.816815    -0.176257      1.16381      1.37979      1.41659      1.41589      1.68103      3.04929  1.35865e-08    0.0226126    0.0343077
     6.84635    -0.329232    -0.338674    -0.355543    -0.368804    -0.366685     -0.30301    -0.324101    -0.335323    -0.321256    -0.313538    -0.317319    -0.317187    -0.304308    -0.259389      -0.2976    -0.300002    -0.304774    -0.313222    -0.317615    -0.317364     -0.37644      8.24114        0.417     0.493267     0.476839     0.424324     0.378573     0.505346     0.160022     0.305015     0.416513     0.420692     0.361246     0.364061     0.373717      0.37472     0.444629     0.346774     0.268363     0.229872     0.221448     0.265313     0.478071  1.86927e-08  -0.00924809    0.0389475
    0.214147     0.018031      0.12594      0.20654     0.257894     0.234317   -0.0989431   -0.0543458   -0.0801787   -0.0887074   -0.0657471   -0.0579998   -0.0524449   -0.0484023   -0.0436248   -0.0488413   -0.0360466   -0.0524342   -0.0656141   -0.0628772     -0.05112    -0.495822        0.417      14.1506     -1.79653     -1.51946     -1.04864    -0.566331    -0.557277     0.160619     0.407116     0.591409     0.612521     0.540806     0.538386     0.545202     0.548751     0.617731      0.42603     0.337458     0.300284     0.294196      0.34718     0.630584 -4.69253e-09    0.0118102    0.0064235
    0.172982    0.0180984   -0.0338759     0.247669     0.305322     0.270949    -0.125606   -0.0392094   -0.0798502   -0.0848841   -0.0550279   -0.0460404   -0.0403871   -0.0371918   -0.0375841   -0.0382433   -0.0225037   -0.0403039    -0.054216    -0.051002   -0.0385447    -0.514544     0.493267     -1.79653      14.1302     -1.62143     -1.13469    -0.624179    -0.623683     0.156422     0.409015     0.614843     0.654822     0.560863     0.558482     0.566121     0.568897     0.640175     0.441128     0.349695     0.311559     0.305421     0.360256     0.654508 -4.38241e-09    0.0292392   0.00296612
    0.106528    0.0363685   -0.0205644    -0.056714     0.430614     0.388396    -0.209271   -0.0041317   -0.0856497    -0.079835   -0.0315236   -0.0195232   -0.0139696   -0.0129037    -0.027061   -0.0158234   0.00733219   -0.0130892   -0.0281134   -0.0239998    -0.010806    -0.532253     0.476839     -1.51946     -1.62143      14.2885     -1.31715      -0.8103    -0.883072     0.129462     0.382805     0.634573     0.729276     0.578214     0.574444     0.583435     0.583976     0.658189       0.4546     0.360884     0.322226     0.316216     0.372679     0.677361 -3.50358e-09     0.081182   -0.0029805
 -0.00829021    0.0685281    0.0200633   -0.0271695    -0.123149     0.655515    -0.275122    0.0469473   -0.0748195    -0.061901   0.00619114    0.0227442    0.0290175    0.0279142  -0.00247446    0.0217812    0.0533993    0.0298348    0.0136223    0.0190034    0.0332706    -0.546709     0.424324     -1.04864     -1.13469     -1.31715      14.4207     -1.27658     -1.59824    0.0888237     0.352815     0.644354     0.797257     0.598731      0.58809     0.596082     0.595492     0.672447     0.464163     0.369325     0.330928     0.325295     0.382862     0.696347 -2.24442e-09      0.14105   -0.0113102
   -0.129332     0.123167    0.0883887    0.0370449   -0.0741516    -0.306887    -0.158775     0.109154    0.0145257   0.00230883    0.0664489    0.0886602    0.0991517     0.098735    0.0654559    0.0883168     0.121763    0.0944778     0.076397    0.0837755      0.10187    -0.603957     0.378573    -0.566331    -0.624179      -0.8103     -1.27658       13.785     -3.20968    0.0842022     0.427882     0.698114     0.827653     0.693258     0.664489     0.663654     0.668973     0.751808     0.507934     0.405752     0.365784     0.360461     0.423283     0.770849 -1.01476e-09     0.135064   -0.0220799
   -0.237646     0.162155     0.119355    0.0498528   -0.0990663    -0.416575   -0.0335332     0.144949    0.0285092   0.00151135    0.0872054     0.119687     0.135706     0.136203    0.0956014     0.121529     0.166526     0.128373     0.103028      0.11326     0.138543    -0.847388     0.505346    -0.557277    -0.623683    -0.883072     -1.59824     -3.20968      10.7336     0.109443     0.613595     0.964145      1.13235     0.982267     0.931798     0.927039     0.936414      1.05379     0.713364     0.569794     0.513533        0.506     0.594249      1.08216  -7.9698e-10     0.186515   -0.0307621
   -0.191712   -0.0743465   -0.0794383   -0.0851202   -0.0842165   -0.0238462     0.294421   -0.0836234      1.00992     0.219246   -0.0373872   -0.0529419   -0.0637457   -0.0477243  -0.00271927    -0.045573   -0.0598588   -0.0646501   -0.0707005   -0.0701657   -0.0619788    -0.296056     0.160022     0.160619     0.156422     0.129462    0.0888237    0.0842022     0.109443       15.019     -1.81009     -1.69508     0.011467     0.750403     0.389191     0.329908     0.351106     0.388795     0.255175     0.201927     0.179477     0.175602     0.207332     0.376693  6.62915e-09    -0.168249     0.094594
   -0.402491   -0.0733581   -0.0761083   -0.0848331   -0.0822181    0.0188951     0.545973    -0.069511   0.00486935       1.2319    0.0465387   -0.0170345   -0.0493558   -0.0281365     0.032727   -0.0242564    -0.042352   -0.0566066   -0.0705313   -0.0673641    -0.048552    -0.623309     0.305015     0.407116     0.409015     0.382805     0.352815     0.427882     0.613595     -1.81009      12.1085     -4.03477     -0.62508      1.42706     0.858812     0.709327     0.744788     0.815117     0.531396     0.422133     0.377464     0.370331     0.436239      0.79346   1.0923e-08    -0.272278    0.0476538
   -0.582846    0.0700758    0.0833862    0.0696532    0.0461767    0.0209321      0.14293     0.107374   -0.0300526    -0.340729     0.501614     0.164126    0.0918732    0.0814754    0.0739817    0.0881331     0.111507    0.0779099    0.0534274    0.0625732    0.0906161    -0.905768     0.416513     0.591409     0.614843     0.634573     0.644354     0.698114     0.964145     -1.69508     -4.03477      9.99603     -2.83142      1.24986       1.2259      1.04873      1.05224      1.15304     0.763102     0.608786     0.547905     0.539349     0.633741      1.15385  3.46099e-09   -0.0329974  -0.00411626
   -0.614931      0.14954     0.178021     0.164662     0.119887   -0.0502065    -0.495907     0.204824    -0.126014    -0.128793  -0.00102475     0.326504     0.200366     0.104566    0.0404461     0.124799     0.189766     0.147322     0.119474     0.130773     0.157017    -0.904634     0.420692     0.612521     0.654822     0.729276     0.797257     0.827653      1.13235     0.011467     -0.62508     -2.83142      7.25459     -1.56722      1.06504      1.08643      1.00824      1.12056     0.760842      0.60759     0.547538      0.53955     0.633659      1.15369 -6.39311e-09     0.282731   -0.0222391
   -0.507595    0.0426587    0.0535677    0.0432814    0.0291989    0.0342495     0.214135     0.049258    0.0716083    0.0664599    0.0165979   -0.0293134     0.310709    0.0395791    0.0652881    0.0649799    0.0794426    0.0522739     0.031549     0.038873    0.0631085    -0.781584     0.361246     0.540806     0.560863     0.578214     0.598731     0.693258     0.982267     0.750403      1.42706      1.24986     -1.56722      3.86609    -0.688779      1.07953     0.909864      1.00345     0.660588     0.526848     0.473897     0.466331     0.548088     0.997813  6.64528e-09   -0.0735178  -0.00644052
    -0.51083    0.0585193    0.0695738     0.058391    0.0420449    0.0398469     0.202753    0.0714459    0.0636123    0.0350077    0.0276165  0.000435716     -0.22189     0.393281    0.0876713    0.0796514    0.0955964    0.0668728    0.0455923    0.0534956    0.0785441    -0.797304     0.364061     0.538386     0.558482     0.574444      0.58809     0.664489     0.931798     0.389191     0.858812       1.2259      1.06504    -0.688779      2.76137     0.458701     0.956054      1.01984     0.672412      0.53655     0.483007     0.475477     0.558655      1.01724  4.31857e-09   -0.0628188   -0.0244181
   -0.520583    0.0691469    0.0809018    0.0690441    0.0502722    0.0383395     0.177194    0.0848923    0.0611006    0.0441655    0.0739544    0.0889539     0.114162    -0.229138      0.19931    0.0782009     0.106091    0.0763569    0.0544881    0.0629237    0.0887385    -0.818306     0.373717     0.545202     0.566121     0.583435     0.596082     0.663654     0.927039     0.329908     0.709327      1.04873      1.08643      1.07953     0.458701      1.32782     0.895209      1.05396      0.69022     0.550504     0.495712     0.488075     0.573339      1.04373  6.28838e-09   -0.0482851   -0.0174963
   -0.522316    0.0607394    0.0717706    0.0600622    0.0428894    0.0404546     0.213639    0.0740077    0.0679258    0.0429059    0.0608264      0.07056    0.0784456    0.0862924    -0.355308     0.405952     0.104041     0.071625    0.0491903    0.0560337     0.081059    -0.816815      0.37472     0.548751     0.568897     0.583976     0.595492     0.668973     0.936414     0.351106     0.744788      1.05224      1.00824     0.909864     0.956054     0.895209      1.19415       0.8559     0.679366     0.545836       0.4923     0.484737     0.569295      1.03463  1.24211e-08    -0.067607   -0.0140105
   -0.613082  -0.00614565   0.00572878  -0.00669011   -0.0254183   -0.0298894     0.139321   0.00840274   -0.0043443   -0.0250549  -0.00298191   0.00671128     0.015584    0.0154404    0.0810917    -0.432491     0.691771     0.398454     0.209803    0.0587036  -0.00629572    -0.176257     0.444629     0.617731     0.640175     0.658189     0.672447     0.751808      1.05379     0.388795     0.815117      1.15304      1.12056      1.00345      1.01984      1.05396       0.8559      3.90167    -0.581262    0.0363584     0.119664     0.123885     0.149626     0.285677  4.88143e-09   -0.0635572   -0.0108669
   -0.466656    -0.117935    -0.110633    -0.118447    -0.131502    -0.140197   -0.0675354    -0.108009    -0.130836    -0.132867     -0.11331    -0.108981    -0.104449   -0.0998045   -0.0742876    -0.118027    -0.444246     0.999366     0.471707    0.0565212    -0.161245      1.16381     0.346774      0.42603     0.441128       0.4546     0.464163     0.507934     0.713364     0.255175     0.531396     0.763102     0.760842     0.660588     0.672412      0.69022     0.679366    -0.581262      12.9567      -1.0708    -0.727816     -0.69982    -0.816973     -1.49345  -8.4245e-09   -0.0216493  -0.00358068
   -0.363204   -0.0753959   -0.0692975   -0.0755812   -0.0861149   -0.0937582   -0.0359896   -0.0671101   -0.0860559   -0.0884842   -0.0724166   -0.0685218   -0.0647648    -0.061804   -0.0474287   -0.0697221    -0.198995    -0.356916     0.592876     0.111073    -0.124531      1.37979     0.268363     0.337458     0.349695     0.360884     0.369325     0.405752     0.569794     0.201927     0.422133     0.608786      0.60759     0.526848      0.53655     0.550504     0.545836    0.0363584      -1.0708      14.7484    -0.861074    -0.828505    -0.968809      -1.7695 -8.45438e-09   -0.0169218  -0.00314205
   -0.314035   -0.0415599   -0.0356944    -0.041421    -0.051063   -0.0588975  -0.00702339   -0.0336039   -0.0515859   -0.0549434   -0.0398662   -0.0357506   -0.0321812   -0.0306139   -0.0220206   -0.0362098     -0.13014    -0.243253    -0.240227      0.16303   -0.0904527      1.41659     0.229872     0.300284     0.311559     0.322226     0.330928     0.365784     0.513533     0.179477     0.377464     0.547905     0.547538     0.473897     0.483007     0.495712       0.4923     0.119664    -0.727816    -0.861074      15.1136    -0.849831    -0.994618     -1.81577 -9.41317e-09   -0.0148312  -0.00335385
   -0.303834   -0.0299514   -0.0240089   -0.0296749   -0.0392497   -0.0474761   0.00307252   -0.0218837   -0.0401869   -0.0439022   -0.0287152   -0.0244038   -0.0208187   -0.0197429   -0.0129468   -0.0251913    -0.115552    -0.225346     -0.21821   -0.0837773   -0.0743105      1.41589     0.221448     0.294196     0.305421     0.316216     0.325295     0.360461        0.506     0.175602     0.370331     0.539349      0.53955     0.466331     0.475477     0.488075     0.484737     0.123885     -0.69982    -0.828505    -0.849831      15.1516    -0.994243     -1.81523 -9.94703e-09   -0.0141749  -0.00357618
   -0.362662   -0.0467439   -0.0399287    -0.046556   -0.0577346   -0.0669662  -0.00745329   -0.0374873   -0.0585627   -0.0624241   -0.0448588   -0.0400594   -0.0359267   -0.0341753   -0.0247306    -0.041117    -0.146889    -0.275068    -0.266965    -0.117597     0.120712      1.68103     0.265313      0.34718     0.360256     0.372679     0.382862     0.423283     0.594249     0.207332     0.436239     0.633741     0.633659     0.548088     0.558655     0.573339     0.569295     0.149626    -0.816973    -0.968809    -0.994618    -0.994243      14.8139      -2.1465 -9.14452e-09   -0.0168659  -0.00384596
   -0.654882   -0.0741093   -0.0615631   -0.0736631   -0.0940719    -0.111174   -0.0024342   -0.0570867   -0.0956344    -0.103228   -0.0710778   -0.0620911   -0.0544842   -0.0517201   -0.0378612   -0.0708645    -0.258941    -0.490079    -0.475847    -0.207694    0.0362435      3.04929     0.478071     0.630584     0.654508     0.677361     0.696347     0.770849      1.08216     0.376693      0.79346      1.15385      1.15369     0.997813      1.01724      1.04373      1.03463     0.285677     -1.49345      -1.7695     -1.81577     -1.81523      -2.1465      12.0984 -1.91725e-08   -0.0307779  -0.00734479
  -2.248e-08  5.67847e-09  4.43128e-09   4.4622e-09  4.49787e-09  3.95567e-09 -2.32341e-11  2.70446e-09  1.18586e-08  8.07343e-09     4.58e-09  4.48645e-09  4.91155e-09  4.36197e-09 -2.45808e-08  -1.6663e-08  5.07639e-09  1.99175e-09 -6.79598e-10 -2.23432e-09 -2.27862e-08  1.35865e-08  1.86927e-08 -4.69253e-09 -4.38241e-09 -3.50358e-09 -2.24442e-09 -1.01476e-09  -7.9698e-10  6.62915e-09   1.0923e-08  3.46099e-09 -6.39311e-09  6.64528e-09  4.31857e-09  6.28838e-09  1.24211e-08  4.88143e-09  -8.4245e-09 -8.45438e-09 -9.41317e-09 -9.94703e-09 -9.14452e-09 -1.91725e-08         2.25 -1.08872e-08   -2.721e-10
  -0.0229783    0.0624721    0.0764289    0.0776559    0.0601657   -0.0683581     -0.58063    0.0954342    -0.145033   -0.0616883    0.0375967    0.0467982    0.0411993    0.0294715   -0.0347265    0.0261394    0.0611213    0.0536978    0.0514149    0.0531136    0.0506478    0.0226126  -0.00924809    0.0118102    0.0292392     0.081182      0.14105     0.135064     0.186515    -0.168249    -0.272278   -0.0329974     0.282731   -0.0735178   -0.0628188   -0.0482851    -0.067607   -0.0635572   -0.0216493   -0.0169218   -0.0148312   -0.0141749   -0.0168659   -0.0307779 -1.08872e-08      0.28426  -0.00636805
   0.0501636   -0.0109385   -0.0133591   -0.0130389   -0.0120171   -0.0081845   0.00272432   -0.0118576   0.00472266    0.0183007    0.0119818   0.00528529   0.00183068   0.00687506   0.00122042  -0.00987544   -0.0119638   -0.0107357   -0.0105152   -0.0114901   -0.0126671    0.0343077    0.0389475    0.0064235   0.00296612   -0.0029805   -0.0113102   -0.0220799   -0.0307621     0.094594    0.0476538  -0.00411626   -0.0222391  -0.00644052   -0.0244181   -0.0174963   -0.0140105   -0.0108669  -0.00358068  -0.00314205  -0.00335385  -0.00357618  -0.00384596  -0.00734479   -2.721e-10  -0.00636805   0.00678574
* row and column names
in_inst:0_usecol:1_direct_idx0:18.75
in_inst:0_usecol:1_direct_idx0:21.25
in_inst:0_usecol:1_direct_idx0:23.75
in_inst:0_usecol:1_direct_idx0:26.25
in_inst:0_usecol:1_direct_idx0:28.75
in_inst:0_usecol:1_direct_idx0:31.25
in_inst:0_usecol:1_direct_idx0:33.75
in_inst:0_usecol:1_direct_idx0:36.25
in_inst:0_usecol:1_direct_idx0:38.75
in_inst:0_usecol:1_direct_idx0:41.25
in_inst:0_usecol:1_direct_idx0:43.75
in_inst:0_usecol:1_direct_idx0:46.25
in_inst:0_usecol:1_direct_idx0:48.75
in_inst:0_usecol:1_direct_idx0:51.25
in_inst:0_usecol:1_direct_idx0:53.75
in_inst:0_usecol:1_direct_idx0:56.25
in_inst:0_usecol:1_direct_idx0:58.75
in_inst:0_usecol:1_direct_idx0:61.25
in_inst:0_usecol:1_direct_idx0:63.75
in_inst:0_usecol:1_direct_idx0:66.25
in_inst:0_usecol:1_direct_idx0:68.75
in_inst:0_usecol:1_direct_idx0:71.25
out_inst:0_usecol:2_direct_idx0:18.75
out_inst:0_usecol:2_direct_idx0:21.25
out_inst:0_usecol:2_direct_idx0:23.75
out_inst:0_usecol:2_direct_idx0:26.25
out_inst:0_usecol:2_direct_idx0:28.75
out_inst:0_usecol:2_direct_idx0:31.25
out_inst:0_usecol:2_direct_idx0:33.75
out_inst:0_usecol:2_direct_idx0:36.25
out_inst:0_usecol:2_direct_idx0:38.75
out_inst:0_usecol:2_direct_idx0:41.25
out_inst:0_usecol:2_direct_idx0:43.75
out_inst:0_usecol:2_direct_idx0:46.25
out_inst:0_usecol:2_direct_idx0:48.75
out_inst:0_usecol:2_direct_idx0:51.25
out_inst:0_usecol:2_direct_idx0:53.75
out_inst:0_usecol:2_direct_idx0:56.25
out_inst:0_usecol:2_direct_idx0:58.75
out_inst:0_usecol:2_direct_idx0:61.25
out_inst:0_usecol:2_direct_idx0:63.75
out_inst:0_usecol:2_direct_idx0:66.25
out_inst:0_usecol:2_direct_idx0:68.75
out_inst:0_usecol:2_direct_idx0:71.25
p_inst:0_usecol:1_direct_idx0:diffusioncoefficient
p_inst:0_usecol:1_direct_idx0:dispersivity
tot_inst:0_usecol:1_direct
