    47    47     1
      8.5746     0.556575     0.279611     0.266837     0.262368     0.279738     0.397687      0.34047     0.371965      0.35848     0.335805      0.33642     0.334325      0.31692      0.27911      0.31494     0.311667     0.321651     0.334077     0.337754     0.334675     0.515831      6.84611     0.213332     0.172142     0.105622  -0.00946072    -0.131295    -0.240761    -0.188061    -0.396318    -0.577701    -0.615458    -0.508781    -0.513248    -0.520192    -0.522632     -0.61351    -0.466991    -0.363459     -0.31425    -0.304039    -0.362909    -0.655327 -2.24996e-08   -0.0225782    0.0507148
    0.556575     0.866311     0.801209     0.813605     0.801978     0.747466       0.6652     0.833237     0.749364     0.735182     0.774373     0.795054     0.799947     0.758058     0.637432     0.750577     0.786768     0.766529     0.763554     0.781798     0.805063     0.063038    -0.329497    0.0171808    0.0172406    0.0354954    0.0674253     0.121179     0.158957   -0.0708149   -0.0673765    0.0751787     0.148519    0.0382511    0.0613757    0.0684405    0.0604567  -0.00661987    -0.118286   -0.0756612   -0.0417803   -0.0301603   -0.0469973   -0.0745637  5.64073e-09    0.0632344     -0.01041
    0.279611     0.801209     0.910058     0.796934     0.837297     0.775607     0.648285     0.849978     0.754116     0.742783     0.787442     0.809135     0.814149     0.771389     0.645786     0.763198     0.801815     0.780513     0.777069     0.795756     0.819579    0.0533114    -0.338932     0.125081   -0.0347386   -0.0214333    0.0189696    0.0863866     0.116127   -0.0759237   -0.0701547    0.0884993     0.176971    0.0487552    0.0731588    0.0800075    0.0714776     0.005245    -0.110984   -0.0695629   -0.0359151   -0.0242182   -0.0401824   -0.0620183   4.3907e-09    0.0772638   -0.0128186
    0.266837     0.813605     0.796934     0.998526      0.73474     0.792162     0.644154     0.846629     0.752127     0.740066     0.784429     0.806104     0.811093     0.768528     0.643362     0.760266     0.798631     0.777709     0.774524     0.793072     0.816527    0.0626816     -0.35579     0.205748     0.246873   -0.0575153   -0.0281771    0.0352029    0.0468821   -0.0818771   -0.0793384    0.0743627     0.163638     0.038667    0.0619236    0.0682019     0.059805  -0.00713638    -0.118774    -0.075828   -0.0416257   -0.0298686   -0.0467911   -0.0740846  4.42422e-09    0.0784239   -0.0125529
    0.262368     0.801978     0.837297      0.73474      1.21424     0.560675     0.674912     0.833386     0.759527     0.739297     0.776123     0.797099     0.802271     0.760697     0.641489     0.752959     0.788387     0.768695     0.766153     0.784321     0.807264    0.0785591    -0.369028     0.257343     0.304764     0.430039    -0.123874    -0.075417    -0.101097   -0.0818821   -0.0782598    0.0494766     0.118987     0.025855    0.0443097    0.0499043    0.0427768     -0.02572    -0.131747   -0.0862977   -0.0512118   -0.0393895   -0.0579055    -0.094377  4.47322e-09    0.0605863   -0.0117425
    0.279738     0.747466     0.775607     0.792162     0.560675      1.71595     0.669806     0.759817     0.811152      0.74394     0.733104     0.749254     0.755824     0.719906     0.638382     0.716472     0.734097     0.719317     0.718599     0.735199      0.75778     0.092047    -0.366849     0.234767     0.271366      0.38871     0.655884     -0.30578    -0.414709   -0.0250791    0.0168198    0.0185404   -0.0505219    0.0375794    0.0341263     0.040646    0.0409715   -0.0295722    -0.140114   -0.0936856   -0.0588222   -0.0473988   -0.0668797    -0.111011  3.99589e-09   -0.0696331  -0.00881445
    0.397687       0.6652     0.648285     0.644154     0.674912     0.669806      2.38721     0.603112      1.11201     0.872009     0.684891     0.684787     0.698009     0.676536     0.723216      0.69044     0.646059     0.642714     0.644904     0.659261     0.688215   0.00871235    -0.303082   -0.0954126    -0.122215    -0.206328    -0.271553    -0.150388   -0.0196401     0.282639     0.526052      0.12332    -0.494333     0.240954     0.166596     0.189316     0.216185     0.141591   -0.0664787    -0.035154  -0.00627432   0.00380316  -0.00659373 -0.000861798  2.37941e-10    -0.587712 -0.000776518
     0.34047     0.833237     0.849978     0.846629     0.833386     0.759817     0.603112     0.876926     0.697702     0.744157     0.794564     0.817026     0.822025     0.777996     0.645494     0.769098     0.810953     0.788858       0.7851     0.804043     0.827907    0.0513014    -0.325062   -0.0593413   -0.0442618  -0.00929156    0.0403681     0.097132     0.125638   -0.0628713   -0.0344288     0.137894     0.202217    0.0342993    0.0740812    0.0818042    0.0715137   0.00560771    -0.109885   -0.0685538   -0.0348411   -0.0230731   -0.0389109   -0.0596588  2.51611e-09     0.100066  -0.00794811
    0.371965     0.749364     0.754116     0.752127     0.759527     0.811152      1.11201     0.697702      1.29639      0.62147      0.74245     0.747699     0.754073     0.720414     0.660209      0.72067     0.727958     0.714667     0.714357     0.730847     0.754896    0.0749356    -0.333329   -0.0669714   -0.0665156   -0.0721114   -0.0575469    0.0465298    0.0799707     0.955561   -0.0869791     -0.11077    -0.121529      0.10641    0.0604402    0.0702792    0.0752378   0.00310338    -0.126053   -0.0823515   -0.0483771   -0.0370882   -0.0548698   -0.0889454  1.23559e-08    -0.158059  -0.00630346
     0.35848     0.735182     0.742783     0.740066     0.739297      0.74394     0.872009     0.744157      0.62147      2.12971     0.452133      0.73767     0.731595      0.69597     0.616683      0.69498     0.713119     0.698481     0.697647     0.713831     0.735795    0.0857219    -0.321592   -0.0894789   -0.0856952   -0.0807544   -0.0631002   0.00046348  -0.00138041     0.222964      1.23819    -0.335715    -0.129548    0.0660545    0.0305905    0.0453595    0.0427349   -0.0254334    -0.133222   -0.0887503   -0.0551619   -0.0441089   -0.0626758    -0.103677   8.0641e-09   -0.0616635    0.0187011
    0.335805     0.774373     0.787442     0.784429     0.776123     0.733104     0.684891     0.794564      0.74245     0.452133      1.87102     0.623279     0.767006     0.722044     0.616801     0.720798     0.752914     0.734053     0.731415     0.748854     0.771428    0.0603814    -0.313715    -0.066369   -0.0556478    -0.032133   0.00543052    0.0650072    0.0848683    -0.034921    0.0507178     0.505255  -0.00183714     0.012469    0.0314148    0.0730109    0.0606066  -0.00334052     -0.11356   -0.0726058   -0.0400236   -0.0288644   -0.0450396   -0.0714024  4.54644e-09    0.0383052    0.0123802
     0.33642     0.795054     0.809135     0.806104     0.797099     0.749254     0.684787     0.817026     0.747699      0.73767     0.623279      1.35359     0.728913     0.736521      0.62944     0.739348     0.773547     0.753702     0.750678      0.76866     0.791958    0.0534311    -0.317431   -0.0586863   -0.0467099   -0.0201376    0.0219925     0.087067      0.11707   -0.0504626    -0.012834     0.167997     0.325738   -0.0348905   0.00706596    0.0871088    0.0702247   0.00629032    -0.109228   -0.0687114    -0.035912    -0.024558   -0.0402446   -0.0624256  4.43969e-09    0.0479061   0.00581292
    0.334325     0.799947     0.814149     0.811093     0.802271     0.755824     0.698009     0.822025     0.754073     0.731595     0.767006     0.728913      1.20167      0.68143     0.627333     0.744486     0.778641      0.75857     0.755383     0.773514      0.79718    0.0473763    -0.316971   -0.0532625   -0.0410883   -0.0143252    0.0287036    0.0973402     0.132502   -0.0623231   -0.0469325    0.0954007     0.199319     0.294555    -0.194646     0.106606    0.0776986    0.0149271    -0.104616   -0.0649019   -0.0323116   -0.0209472   -0.0360748   -0.0547604   4.7852e-09    0.0445265   0.00278471
     0.31692     0.758058     0.771389     0.768528     0.760697     0.719906     0.676536     0.777996     0.720414      0.69597     0.722044     0.736521      0.68143      2.03743     0.433499        0.705     0.737902     0.719043     0.716053     0.733224     0.755749    0.0443732    -0.300974   -0.0489189   -0.0375105     -0.01256    0.0283653    0.0962727     0.131765    -0.049647   -0.0316484    0.0840114     0.118229    0.0587429     0.385558    -0.239277    0.0815961    0.0146991   -0.0988734   -0.0612324   -0.0303332   -0.0195576   -0.0338563   -0.0512486   4.2948e-09     0.035953    0.0115375
     0.27911     0.637432     0.645786     0.643362     0.641489     0.638382     0.723216     0.645494     0.660209     0.616683     0.616801      0.62944     0.627333     0.433499      4.02231      0.41973     0.615795     0.603032     0.602397     0.617961     0.638531    0.0275212    -0.260318   -0.0436867   -0.0377299   -0.0274686  -0.00303585    0.0655525     0.095953 -0.000949912    0.0357751    0.0749142    0.0372826    0.0639936    0.0821634     0.203555    -0.354192    0.0812196   -0.0746165    -0.047645   -0.0221527    -0.013053   -0.0248823   -0.0381081 -2.45454e-08   -0.0368046  0.000172227
     0.31494     0.750577     0.763198     0.760266     0.752959     0.716472      0.69044     0.769098      0.72067      0.69498     0.720798     0.739348     0.744486        0.705      0.41973      1.98057     0.712499     0.716696     0.712677     0.727238     0.748296     0.039778    -0.297841   -0.0493516   -0.0387679   -0.0163873    0.0210616    0.0871393     0.119658   -0.0432826   -0.0203734    0.0912775     0.123953    0.0625971    0.0802383    0.0782984     0.405882    -0.432757    -0.118266   -0.0698996   -0.0363532   -0.0253256   -0.0412819   -0.0711581 -1.66802e-08    0.0263611  -0.00965356
    0.311667     0.786768     0.801815     0.798631     0.788387     0.734097     0.646059     0.810953     0.727958     0.713119     0.752914     0.773547     0.778641     0.737902     0.615795     0.712499      1.08995     0.808939     0.800871     0.777625      0.77799     0.201426    -0.300246   -0.0367928    -0.023256    0.0065673    0.0524347     0.120026      0.16373   -0.0567626   -0.0371065     0.115972     0.188799    0.0753266    0.0984387     0.105437      0.10381     0.691354    -0.444558     -0.19923    -0.130335    -0.115736    -0.147113    -0.259341  5.04242e-09    0.0617914    -0.011516
    0.321651     0.766529     0.780513     0.777709     0.768695     0.719317     0.642714     0.788858     0.714667     0.698481     0.734053     0.753702      0.75857     0.719043     0.603032     0.716696     0.808939      1.25447     0.771942     0.775279     0.752416     0.390921    -0.305017   -0.0531588   -0.0410365   -0.0138398     0.028886    0.0927885     0.125659    -0.061612   -0.0514598    0.0822691     0.146392    0.0484922    0.0692092    0.0758347    0.0714059     0.398053     0.999061    -0.357146    -0.243443    -0.225526    -0.275286    -0.490471  1.96028e-09    0.0543074   -0.0103062
    0.334077     0.763554     0.777069     0.774524     0.766153     0.718599     0.644904       0.7851     0.714357     0.697647     0.731415     0.750678     0.755383     0.716053     0.602397     0.712677     0.800871     0.771942      1.35922     0.700895     0.750999     0.378216    -0.313466   -0.0663372    -0.054948   -0.0288657    0.0126704    0.0747102      0.10032   -0.0676557   -0.0653733    0.0577873     0.118551    0.0278702    0.0477404    0.0540143    0.0489737     0.209404     0.471402     0.592646    -0.240417     -0.21839    -0.267183    -0.476238 -7.10358e-10    0.0520062   -0.0100884
    0.337754     0.781798     0.795756     0.793072     0.784321     0.735199     0.659261     0.804043     0.730847     0.713831     0.748854      0.76866     0.773514     0.733224     0.617961     0.727238     0.777625     0.775279     0.700895      1.33236     0.731447     0.164499    -0.317864   -0.0636125    -0.051746   -0.0247639    0.0180368    0.0820609     0.110507   -0.0670728   -0.0621246    0.0670032     0.129828    0.0350951    0.0557428     0.062429     0.055814    0.0582977    0.0562108     0.110839     0.162836   -0.0839602    -0.117819    -0.208092  -2.2658e-09    0.0537188   -0.0110567
    0.334675     0.805063     0.819579     0.816527     0.807264      0.75778     0.688215     0.827907     0.754896     0.735795     0.771428     0.791958      0.79718     0.755749     0.638531     0.748296      0.77799     0.752416     0.750999     0.731447      1.21223   -0.0936667    -0.317616    -0.051837   -0.0392711   -0.0115547    0.0323229     0.100201     0.135865   -0.0589469   -0.0434152    0.0949419     0.156064    0.0594159    0.0806724     0.088302    0.0808567  -0.00668984    -0.161551    -0.124761   -0.0906424   -0.0744898     0.120494    0.0358532 -2.28165e-08    0.0512152    -0.012256
    0.515831     0.063038    0.0533114    0.0626816    0.0785591     0.092047   0.00871235    0.0513014    0.0749356    0.0857219    0.0603814    0.0534311    0.0473763    0.0443732    0.0275212     0.039778     0.201426     0.390921     0.378216     0.164499   -0.0936667      13.6144    -0.376584     -0.49656    -0.515295    -0.533031    -0.547707    -0.605743    -0.850247    -0.292928    -0.618023    -0.901205    -0.904945    -0.783182    -0.797996     -0.81852    -0.817186    -0.176664      1.16353      1.37958      1.41641      1.41572      1.68082      3.04891  1.35623e-08    0.0232174     0.034888
     6.84611    -0.329497    -0.338932     -0.35579    -0.369028    -0.366849    -0.303082    -0.325062    -0.333329    -0.321592    -0.313715    -0.317431    -0.316971    -0.300974    -0.260318    -0.297841    -0.300246    -0.305017    -0.313466    -0.317864    -0.317616    -0.376584      8.24128     0.417315     0.493597     0.477207     0.424802      0.37932     0.506521     0.158531     0.302492     0.414492     0.421051     0.361744     0.365305     0.373344     0.374785     0.444787     0.346919     0.268472     0.229961     0.221532     0.265416     0.478254  1.86983e-08  -0.00929323    0.0387894
    0.213332    0.0171808     0.125081     0.205748     0.257343     0.234767   -0.0954126   -0.0593413   -0.0669714   -0.0894789    -0.066369   -0.0586863   -0.0532625   -0.0489189   -0.0436867   -0.0493516   -0.0367928   -0.0531588   -0.0663372   -0.0636125    -0.051837     -0.49656     0.417315      14.1525     -1.79468     -1.51757     -1.04622    -0.561918    -0.550193      0.15302     0.394275     0.580214     0.613238     0.545375     0.538682     0.546177     0.549713     0.618749     0.426704     0.337979     0.300733     0.294629     0.347697     0.631518 -4.62712e-09    0.0101385   0.00494595
    0.172142    0.0172406   -0.0347386     0.246873     0.304764     0.271366    -0.122215   -0.0442618   -0.0665156   -0.0856952   -0.0556478   -0.0467099   -0.0410883   -0.0375105   -0.0377299   -0.0387679    -0.023256   -0.0410365    -0.054948    -0.051746   -0.0392711    -0.515295     0.493597     -1.79468      14.1321      -1.6195     -1.13222    -0.619704    -0.616509     0.148665     0.395906     0.603459     0.655519     0.565022     0.559676      0.56688     0.569863     0.641201     0.441815     0.350224     0.312016     0.305861     0.360781     0.655458 -4.31931e-09    0.0276277   0.00147765
    0.105622    0.0354954   -0.0214333   -0.0575153     0.430039      0.38871    -0.206328  -0.00929156   -0.0721114   -0.0807544    -0.032133   -0.0201376   -0.0143252     -0.01256   -0.0274686   -0.0163873    0.0065673   -0.0138398   -0.0288657   -0.0247639   -0.0115547    -0.533031     0.477207     -1.51757      -1.6195      14.2905     -1.31455    -0.805701    -0.875727     0.121338     0.369078     0.622777     0.729915     0.581167     0.578185     0.583565     0.584939      0.65922     0.455315     0.361435       0.3227     0.316673     0.373225     0.678347 -3.44784e-09     0.079765  -0.00448052
 -0.00946072    0.0674253    0.0189696   -0.0281771    -0.123874     0.655884    -0.271553    0.0403681   -0.0575469   -0.0631002   0.00543052    0.0219925    0.0287036    0.0283653  -0.00303585    0.0210616    0.0524347     0.028886    0.0126704    0.0180368    0.0323229    -0.547707     0.424802     -1.04622     -1.13222     -1.31455       14.424     -1.27069     -1.58885      0.07837     0.335153     0.629221     0.798017     0.601909     0.593963     0.595988     0.596719     0.673759      0.46508     0.370032     0.331535      0.32588     0.383562     0.697611 -2.17689e-09     0.139328   -0.0132245
   -0.131295     0.121179    0.0863866    0.0352029    -0.075417     -0.30578    -0.150388     0.097132    0.0465298   0.00046348    0.0650072     0.087067    0.0973402    0.0962727    0.0655525    0.0871393     0.120026    0.0927885    0.0747102    0.0820609     0.100201    -0.605743      0.37932    -0.561918    -0.619704    -0.805701     -1.27069      13.7957     -3.19251    0.0657292     0.396669     0.670932     0.829184     0.703164     0.667077     0.665661     0.671332     0.754266     0.509561      0.40701      0.36687     0.361508     0.424532      0.77311 -8.62218e-10     0.131118   -0.0256849
   -0.240761     0.158957     0.116127    0.0468821    -0.101097    -0.414709   -0.0196401     0.125638    0.0799707  -0.00138041    0.0848683      0.11707     0.132502     0.131765     0.095953     0.119658      0.16373     0.125659      0.10032     0.110507     0.135865    -0.850247     0.506521    -0.550193    -0.616509    -0.875727     -1.58885     -3.19251      10.7612    0.0799396     0.563742     0.920629      1.13487      0.99926      0.93386     0.930793      0.94022      1.05775     0.715967     0.571806      0.51527     0.507676     0.596249      1.08578 -5.44797e-10     0.179991   -0.0365667
   -0.188061   -0.0708149   -0.0759237   -0.0818771   -0.0818821   -0.0250791     0.282639   -0.0628713     0.955561     0.222964    -0.034921   -0.0504626   -0.0623231    -0.049647 -0.000949912   -0.0432826   -0.0567626    -0.061612   -0.0676557   -0.0670728   -0.0589469    -0.292928     0.158531      0.15302     0.148665     0.121338      0.07837    0.0657292    0.0799396      15.0517     -1.75493      -1.6477   0.00884096     0.738369     0.374369     0.329378     0.347252      0.38465       0.2523     0.199711     0.177573     0.173767      0.20514     0.372731  6.40474e-09    -0.162562     0.100606
   -0.396318   -0.0673765   -0.0701547   -0.0793384   -0.0782598    0.0168198     0.526052   -0.0344288   -0.0869791      1.23819    0.0507178    -0.012834   -0.0469325   -0.0316484    0.0357751   -0.0203734   -0.0371065   -0.0514598   -0.0653733   -0.0621246   -0.0434152    -0.618023     0.302492     0.394275     0.395906     0.369078     0.335153     0.396669     0.563742     -1.75493      12.2017     -3.95471    -0.629555      1.40655     0.834035     0.708388     0.738282     0.808111     0.526535     0.418387     0.374246     0.367232     0.432533     0.786763  1.05429e-08    -0.262657    0.0578074
   -0.577701    0.0751787    0.0884993    0.0743627    0.0494766    0.0185404      0.12332     0.137894     -0.11077    -0.335715     0.505255     0.167997    0.0954007    0.0840114    0.0749142    0.0912775     0.115972    0.0822691    0.0577873    0.0670032    0.0949419    -0.901205     0.414492     0.580214     0.603459     0.622777     0.629221     0.670932     0.920629      -1.6477     -3.95471      10.0653     -2.83528      1.22795      1.21273      1.04549      1.04639      1.14686     0.758929     0.605565     0.545129     0.536674     0.630545      1.14807  3.09832e-09   -0.0236847    0.0049095
   -0.615458     0.148519     0.176971     0.163638     0.118987   -0.0505219    -0.494333     0.202217    -0.121529    -0.129548  -0.00183714     0.325738     0.199319     0.118229    0.0372826     0.123953     0.188799     0.146392     0.118551     0.129828     0.156064    -0.904945     0.421051     0.613238     0.655519     0.729915     0.798017     0.829184      1.13487   0.00884096    -0.629555     -2.83528      7.25672     -1.55733      1.05303      1.08864      1.00825        1.121     0.761176     0.607835     0.547731     0.539727      0.63388      1.15408 -6.33288e-09     0.281684   -0.0224658
   -0.508781    0.0382511    0.0487552     0.038667     0.025855    0.0375794     0.240954    0.0342993      0.10641    0.0660545     0.012469   -0.0348905     0.294555    0.0587429    0.0639936    0.0625971    0.0753266    0.0484922    0.0278702    0.0350951    0.0594159    -0.783182     0.361744     0.545375     0.565022     0.581167     0.601909     0.703164      0.99926     0.738369      1.40655      1.22795     -1.55733      3.94513    -0.807672      1.10881     0.912028       1.0067     0.662104        0.528     0.474866     0.467246     0.549194      0.99981  7.20587e-09   -0.0865461  -0.00985778
   -0.513248    0.0613757    0.0731588    0.0619236    0.0443097    0.0341263     0.166596    0.0740812    0.0604402    0.0305905    0.0314148   0.00706596    -0.194646     0.385558    0.0821634    0.0802383    0.0984387    0.0692092    0.0477404    0.0557428    0.0806724    -0.797996     0.365305     0.538682     0.559676     0.578185     0.593963     0.667077      0.93386     0.374369     0.834035      1.21273      1.05303    -0.807672      2.97866     0.407888      0.95581      1.01865     0.673054     0.537051     0.483441     0.475914     0.559173      1.01816  3.59457e-09   -0.0457711   -0.0243602
   -0.520192    0.0684405    0.0800075    0.0682019    0.0499043     0.040646     0.189316    0.0818042    0.0702792    0.0453595    0.0730109    0.0871088     0.106606    -0.239277     0.203555    0.0782984     0.105437    0.0758347    0.0540143     0.062429     0.088302     -0.81852     0.373344     0.546177      0.56688     0.583565     0.595988     0.665661     0.930793     0.329378     0.708388      1.04549      1.08864      1.10881     0.407888      1.34118     0.896153      1.05486      0.69037     0.550629     0.495835     0.488195     0.573476      1.04399  6.50133e-09   -0.0537425   -0.0186777
   -0.522632    0.0604567    0.0714776     0.059805    0.0427768    0.0409715     0.216185    0.0715137    0.0752378    0.0427349    0.0606066    0.0702247    0.0776986    0.0815961    -0.354192     0.405882      0.10381    0.0714059    0.0489737     0.055814    0.0808567    -0.817186     0.374785     0.549713     0.569863     0.584939     0.596719     0.671332      0.94022     0.347252     0.738282      1.04639      1.00825     0.912028      0.95581     0.896153      1.19479     0.856455     0.679688     0.546089     0.492524     0.484955     0.569553       1.0351  1.24592e-08   -0.0687117   -0.0149133
    -0.61351  -0.00661987     0.005245  -0.00713638     -0.02572   -0.0295722     0.141591   0.00560771   0.00310338   -0.0254334  -0.00334052   0.00629032    0.0149271    0.0146991    0.0812196    -0.432757     0.691354     0.398053     0.209404    0.0582977  -0.00668984    -0.176664     0.444787     0.618749     0.641201      0.65922     0.673759     0.754266      1.05775      0.38465     0.808111      1.14686        1.121       1.0067      1.01865      1.05486     0.856455      3.90225    -0.580892    0.0366442     0.119911     0.124123      0.14991     0.286192  4.92278e-09   -0.0646202   -0.0117079
   -0.466991    -0.118286    -0.110984    -0.118774    -0.131747    -0.140114   -0.0664787    -0.109885    -0.126053    -0.133222     -0.11356    -0.109228    -0.104616   -0.0988734   -0.0746165    -0.118266    -0.444558     0.999061     0.471402    0.0562108    -0.161551      1.16353     0.346919     0.426704     0.441815     0.455315      0.46508     0.509561     0.715967       0.2523     0.526535     0.758929     0.761176     0.662104     0.673054      0.69037     0.679688    -0.580892      12.9569      -1.0706    -0.727646    -0.699657    -0.816778      -1.4931 -8.40268e-09   -0.0221758  -0.00409459
   -0.363459   -0.0756612   -0.0695629    -0.075828   -0.0862977   -0.0936856    -0.035154   -0.0685538   -0.0823515   -0.0887503   -0.0726058   -0.0687114   -0.0649019   -0.0612324    -0.047645   -0.0698996     -0.19923    -0.357146     0.592646     0.110839    -0.124761      1.37958     0.268472     0.337979     0.350224     0.361435     0.370032      0.40701     0.571806     0.199711     0.418387     0.605565     0.607835        0.528     0.537051     0.550629     0.546089    0.0366442      -1.0706      14.7486    -0.860943     -0.82838    -0.968659     -1.76923 -8.43747e-09   -0.0173342  -0.00354293
    -0.31425   -0.0417803   -0.0359151   -0.0416257   -0.0512118   -0.0588222  -0.00627432   -0.0348411   -0.0483771   -0.0551619   -0.0400236    -0.035912   -0.0323116   -0.0303332   -0.0221527   -0.0363532    -0.130335    -0.243443    -0.240417     0.162836   -0.0906424      1.41641     0.229961     0.300733     0.312016       0.3227     0.331535      0.36687      0.51527     0.177573     0.374246     0.545129     0.547731     0.474866     0.483441     0.495835     0.492524     0.119911    -0.727646    -0.860943      15.1138    -0.849723    -0.994489     -1.81553  -9.3985e-09   -0.0151956  -0.00370523
   -0.304039   -0.0301603   -0.0242182   -0.0298686   -0.0393895   -0.0473988   0.00380316   -0.0230731   -0.0370882   -0.0441089   -0.0288644    -0.024558   -0.0209472   -0.0195576    -0.013053   -0.0253256    -0.115736    -0.225526     -0.21839   -0.0839602   -0.0744898      1.41572     0.221532     0.294629     0.305861     0.316673      0.32588     0.361508     0.507676     0.173767     0.367232     0.536674     0.539727     0.467246     0.475914     0.488195     0.484955     0.124123    -0.699657     -0.82838    -0.849723      15.1517    -0.994119     -1.81501 -9.93291e-09   -0.0145283  -0.00391717
   -0.362909   -0.0469973   -0.0401824   -0.0467911   -0.0579055   -0.0668797  -0.00659373   -0.0389109   -0.0548698   -0.0626758   -0.0450396   -0.0402446   -0.0360748   -0.0338563   -0.0248823   -0.0412819    -0.147113    -0.275286    -0.267183    -0.117819     0.120494      1.68082     0.265416     0.347697     0.360781     0.373225     0.383562     0.424532     0.596249      0.20514     0.432533     0.630545      0.63388     0.549194     0.559173     0.573476     0.569553      0.14991    -0.816778    -0.968659    -0.994489    -0.994119      14.8141     -2.14623  -9.1277e-09    -0.017284  -0.00425044
   -0.655327   -0.0745637   -0.0620183   -0.0740846    -0.094377    -0.111011 -0.000861798   -0.0596588   -0.0889454    -0.103677   -0.0714024   -0.0624256   -0.0547604   -0.0512486   -0.0381081   -0.0711581    -0.259341    -0.490471    -0.476238    -0.208092    0.0358532      3.04891     0.478254     0.631518     0.655458     0.678347     0.697611      0.77311      1.08578     0.372731     0.786763      1.14807      1.15408      0.99981      1.01816      1.04399       1.0351     0.286192      -1.4931     -1.76923     -1.81553     -1.81501     -2.14623      12.0989 -1.91419e-08   -0.0315401  -0.00807949
-2.24996e-08  5.64073e-09   4.3907e-09  4.42422e-09  4.47322e-09  3.99589e-09  2.37941e-10  2.51611e-09  1.23559e-08   8.0641e-09  4.54644e-09  4.43969e-09   4.7852e-09   4.2948e-09 -2.45454e-08 -1.66802e-08  5.04242e-09  1.96028e-09 -7.10358e-10  -2.2658e-09 -2.28165e-08  1.35623e-08  1.86983e-08 -4.62712e-09 -4.31931e-09 -3.44784e-09 -2.17689e-09 -8.62218e-10 -5.44797e-10  6.40474e-09  1.05429e-08  3.09832e-09 -6.33288e-09  7.20587e-09  3.59457e-09  6.50133e-09  1.24592e-08  4.92278e-09 -8.40268e-09 -8.43747e-09  -9.3985e-09 -9.93291e-09  -9.1277e-09 -1.91419e-08         2.25  -1.1009e-08 -3.28162e-10
  -0.0225782    0.0632344    0.0772638    0.0784239    0.0605863   -0.0696331    -0.587712     0.100066    -0.158059   -0.0616635    0.0383052    0.0479061    0.0445265     0.035953   -0.0368046    0.0263611    0.0617914    0.0543074    0.0520062    0.0537188    0.0512152    0.0232174  -0.00929323    0.0101385    0.0276277     0.079765     0.139328     0.131118     0.179991    -0.162562    -0.262657   -0.0236847     0.281684   -0.0865461   -0.0457711   -0.0537425   -0.0687117   -0.0646202   -0.0221758   -0.0173342   -0.0151956   -0.0145283    -0.017284   -0.0315401  -1.1009e-08     0.287457  -0.00480724
   0.0507148     -0.01041   -0.0128186   -0.0125529   -0.0117425  -0.00881445 -0.000776518  -0.00794811  -0.00630346    0.0187011    0.0123802   0.00581292   0.00278471    0.0115375  0.000172227  -0.00965356    -0.011516   -0.0103062   -0.0100884   -0.0110567    -0.012256     0.034888    0.0387894   0.00494595   0.00147765  -0.00448052   -0.0132245   -0.0256849   -0.0365667     0.100606    0.0578074    0.0049095   -0.0224658  -0.00985778   -0.0243602   -0.0186777   -0.0149133   -0.0117079  -0.00409459  -0.00354293  -0.00370523  -0.00391717  -0.00425044  -0.00807949 -3.28162e-10  -0.00480724   0.00810069
* row and column names
in_inst:0_usecol:1_direct_idx0:18.75
in_inst:0_usecol:1_direct_idx0:21.25
in_inst:0_usecol:1_direct_idx0:23.75
in_inst:0_usecol:1_direct_idx0:26.25
in_inst:0_usecol:1_direct_idx0:28.75
in_inst:0_usecol:1_direct_idx0:31.25
in_inst:0_usecol:1_direct_idx0:33.75
in_inst:0_usecol:1_direct_idx0:36.25
in_inst:0_usecol:1_direct_idx0:38.75
in_inst:0_usecol:1_direct_idx0:41.25
in_inst:0_usecol:1_direct_idx0:43.75
in_inst:0_usecol:1_direct_idx0:46.25
in_inst:0_usecol:1_direct_idx0:48.75
in_inst:0_usecol:1_direct_idx0:51.25
in_inst:0_usecol:1_direct_idx0:53.75
in_inst:0_usecol:1_direct_idx0:56.25
in_inst:0_usecol:1_direct_idx0:58.75
in_inst:0_usecol:1_direct_idx0:61.25
in_inst:0_usecol:1_direct_idx0:63.75
in_inst:0_usecol:1_direct_idx0:66.25
in_inst:0_usecol:1_direct_idx0:68.75
in_inst:0_usecol:1_direct_idx0:71.25
out_inst:0_usecol:2_direct_idx0:18.75
out_inst:0_usecol:2_direct_idx0:21.25
out_inst:0_usecol:2_direct_idx0:23.75
out_inst:0_usecol:2_direct_idx0:26.25
out_inst:0_usecol:2_direct_idx0:28.75
out_inst:0_usecol:2_direct_idx0:31.25
out_inst:0_usecol:2_direct_idx0:33.75
out_inst:0_usecol:2_direct_idx0:36.25
out_inst:0_usecol:2_direct_idx0:38.75
out_inst:0_usecol:2_direct_idx0:41.25
out_inst:0_usecol:2_direct_idx0:43.75
out_inst:0_usecol:2_direct_idx0:46.25
out_inst:0_usecol:2_direct_idx0:48.75
out_inst:0_usecol:2_direct_idx0:51.25
out_inst:0_usecol:2_direct_idx0:53.75
out_inst:0_usecol:2_direct_idx0:56.25
out_inst:0_usecol:2_direct_idx0:58.75
out_inst:0_usecol:2_direct_idx0:61.25
out_inst:0_usecol:2_direct_idx0:63.75
out_inst:0_usecol:2_direct_idx0:66.25
out_inst:0_usecol:2_direct_idx0:68.75
out_inst:0_usecol:2_direct_idx0:71.25
p_inst:0_usecol:1_direct_idx0:diffusioncoefficient
p_inst:0_usecol:1_direct_idx0:dispersivity
tot_inst:0_usecol:1_direct
