    47    47     1
     12.4173    -0.152999     0.207483     0.218846     0.207613       0.1963   0.00204652     0.272527     0.225019     0.216222     0.216706     0.217146     0.200811     0.115861    0.0421283    0.0984296     0.160681     0.200611     0.213171     0.214216     0.214107     0.216162      2.81814     0.625534      0.44166    -0.201163    -0.266543    -0.232984    -0.238266    -0.211211    -0.263668    -0.256898    -0.226968    -0.163537   -0.0812125    -0.076922    -0.180397    -0.230442    -0.230389    -0.222972    -0.249587    -0.237238    -0.189299    -0.197226   1.6009e-08     0.200651     0.164003
   -0.152999     0.924574     0.827044     0.823307      0.81107     0.796194     0.440072     0.852369     0.822404      0.81977     0.817084     0.815713     0.809957     0.746138     0.603578     0.685111     0.775845     0.810584     0.816702     0.818598     0.841212     0.452399     0.301218   -0.0618889    -0.289797   -0.0191798   -0.0218947    0.0721229    0.0400034   -0.0323305   -0.0280043  -0.00909524   0.00817763    0.0235809    0.0349925    0.0484782    0.0663405    0.0506536    0.0486315    0.0334742    0.0191691    0.0264737   0.00329085    -0.332332  2.52397e-09    0.0497975   -0.0247289
    0.207483     0.827044     0.866811     0.809007     0.790852     0.777196      0.44565     0.824101     0.801359     0.800154      0.79743     0.795994     0.792908     0.741665      0.60628     0.680369     0.763123     0.792476     0.796838     0.798606     0.820899     0.444267   -0.0545019     0.162369     0.254836    -0.258219   -0.0965359    0.0480458    0.0401673   -0.0327581   -0.0228958  -0.00566995   0.00659416    0.0117103   0.00951196    0.0220581    0.0581213    0.0503778    0.0481432    0.0308179    0.0189735    0.0271569   0.00414149    -0.325681  5.44571e-11    0.0182136   -0.0196643
    0.218846     0.823307     0.809007     0.877726     0.789095     0.775484     0.445651     0.824942     0.801765     0.800461     0.797742      0.79631     0.793043     0.741014      0.60536     0.679852      0.76303     0.792704      0.79718     0.798957     0.821264     0.443701    -0.141557    0.0277294     0.049826     0.433343    -0.302744   -0.0214603     0.041099   -0.0314484   -0.0219841  -0.00465193   0.00793888    0.0137415    0.0124634    0.0250683     0.059821    0.0515498     0.049337    0.0322126    0.0202698    0.0282888   0.00502579     -0.32509 -2.95659e-10    0.0202996   -0.0198075
    0.207613      0.81107     0.790852     0.789095     0.848274     0.745305     0.441652     0.814987     0.792249     0.790962      0.78826     0.786835     0.783651     0.732453     0.598368     0.671898     0.754086     0.783366     0.787752     0.789496      0.81143     0.441374    -0.176967   -0.0296907   -0.0108555    0.0421411      0.40918    -0.277384    0.0266175   -0.0365546   -0.0278898   -0.0105182   0.00210732   0.00790766   0.00652325    0.0186674    0.0534202    0.0453099    0.0430817    0.0259448     0.013918    0.0223168  0.000605963    -0.323922 -1.41976e-09    0.0197572   -0.0215375
      0.1963     0.796194     0.777196     0.775484     0.745305      1.16431     0.325045     0.797026     0.777925     0.776966     0.774329     0.772949     0.770847     0.725154     0.595673     0.665399     0.743741     0.770602      0.77423     0.775912     0.797595     0.435629    -0.176887   -0.0381928   -0.0203303    0.0240048    -0.153444   -0.0887388     0.452589   -0.0382032   -0.0245107  -0.00902276  0.000632124   0.00129683  -0.00666598   0.00414521    0.0461408    0.0413072    0.0389696    0.0209092   0.00982512    0.0188432  -0.00190842    -0.321997 -1.62332e-09   0.00625731   -0.0170138
  0.00204652     0.440072      0.44565     0.445651     0.441652     0.325045      7.05747     0.202923     0.437875     0.425204     0.427333     0.430364     0.448197     0.499862     0.462058     0.459828     0.464686     0.449921     0.441434     0.441871     0.456171     0.259066   -0.0632148   -0.0675903   -0.0671147  -0.00784831    0.0292492    0.0889642    -0.757784     0.189659     0.247458     0.191216     0.122069     0.015544     -0.12003    -0.149322   -0.0063457    0.0408139    0.0380775    0.0111552    0.0190345    0.0304784    0.0135962    -0.189958 -6.30444e-09    -0.195251    0.0144174
    0.272527     0.852369     0.824101     0.824942     0.814987     0.797026     0.202923     0.936706     0.815447     0.821488      0.81898     0.818405     0.807422     0.719447      0.56832     0.661703     0.765714     0.811005     0.820874     0.822981     0.844937     0.454239    -0.200489  -0.00338951    0.0212802    0.0687964  -0.00494554    0.0659193  -0.00372362   -0.0511226    -0.014668 -0.000356118    0.0194052    0.0499097    0.0839617    0.0937284    0.0698233    0.0372441    0.0358134    0.0261483   0.00654039    0.0122531  -0.00765957    -0.336228    1.519e-09     0.118361   -0.0171073
    0.225019     0.822404     0.801359     0.801765     0.792249     0.777925     0.437875     0.815447      0.88634      0.76269     0.797675     0.799469      0.79547      0.73787     0.596004     0.673893     0.760178     0.792195     0.797487     0.799308     0.821397     0.444465    -0.173789   -0.0176215    0.0019144    0.0562421   0.00171858    0.0777923    0.0499925     0.145796   -0.0731636   -0.0212645  -0.00862015   0.00159693    0.0119361    0.0318083    0.0604636    0.0482946    0.0459726    0.0299896    0.0169485     0.024676   0.00227869    -0.325373  9.93198e-11    0.0358521   -0.0172715
    0.216222      0.81977     0.800154     0.800461     0.790962     0.776966     0.425204     0.821488      0.76269      0.96572     0.753316     0.801413     0.804333     0.749668     0.598751     0.676897     0.761756     0.791634     0.796086     0.797868     0.820072     0.445352    -0.171995   -0.0239835   -0.0054866    0.0506962 -0.000153939    0.0773195    0.0438226     0.252663      0.32275    -0.164166    -0.137787     -0.09939   -0.0512041   0.00951246    0.0577559    0.0483495    0.0453209    0.0280092    0.0160557    0.0243123   0.00194011    -0.326686  1.24371e-10     0.018493   -0.0117916
    0.216706     0.817084      0.79743     0.797742      0.78826     0.774329     0.427333      0.81898     0.797675     0.753316      1.04481     0.723603     0.795584     0.754308     0.599056     0.673007     0.758362     0.788738     0.793348     0.795141     0.817226     0.444883    -0.174183   -0.0263607  -0.00790166    0.0480816   -0.0027909    0.0741865    0.0394411     0.190356     0.239869      0.24848    -0.196464    -0.186446    -0.116482   -0.0123361    0.0554627    0.0457123    0.0424974    0.0254447    0.0131793    0.0214014 -0.000277954    -0.327116  9.93333e-11    0.0197507   -0.0073525
    0.217146     0.815713     0.795994      0.79631     0.786835     0.772949     0.430364     0.818405     0.799469     0.801413     0.723603      1.16241     0.671042     0.733498     0.596214     0.668769     0.755624     0.787045     0.791888     0.793697     0.815726     0.444859    -0.176555   -0.0286284   -0.0101614    0.0457455  -0.00518983    0.0714423    0.0351534     0.118677     0.151212     0.246096      0.25155    -0.272718    -0.230447   -0.0594501     0.046948     0.042527    0.0401205    0.0235787     0.010798    0.0188278  -0.00226517    -0.328117 -1.45146e-11    0.0208876  -0.00304486
    0.200811     0.809957     0.792908     0.793043     0.783651     0.770847     0.448197     0.807422      0.79547     0.804333     0.795584     0.671042      1.55723     0.431017     0.502858     0.655197     0.753499     0.784725     0.788429     0.790167     0.812413     0.446048    -0.172735   -0.0401233   -0.0236007    0.0356184  -0.00820649    0.0708259    0.0334112    0.0702713    0.0974064     0.203891     0.349553     0.403959    -0.580938    -0.258202   0.00841241     0.042817    0.0405625    0.0219466    0.0102218    0.0186078  -0.00249382    -0.329871  4.21581e-10   -0.0112276   0.00749696
    0.115861     0.746138     0.741665     0.741014     0.732453     0.725154     0.499862     0.719447      0.73787     0.749668     0.754308     0.733498     0.431017      3.83465    -0.770837      0.47008     0.701027     0.737153     0.736012     0.737275     0.759605     0.423164    -0.131562   -0.0710682   -0.0636033   0.00678563  -0.00426892     0.082303    0.0442252    -0.024116   0.00636776    0.0853034     0.244026     0.546197     0.915751     -1.25999    -0.294045    0.0757382    0.0646205    0.0306857    0.0245471    0.0340114    0.0101584    -0.311676  1.59893e-09    -0.152441    0.0265893
   0.0421283     0.603578      0.60628      0.60536     0.598368     0.595673     0.462058      0.56832     0.596004     0.598751     0.599056     0.596214     0.502858    -0.770837      7.05048    -0.448668     0.508115     0.599747     0.601149     0.602052     0.621945     0.331195    -0.058157   -0.0393525   -0.0368065    0.0288891     0.034901     0.115339    0.0795626    -0.130543    -0.108316    -0.145822     -0.18081    -0.124344     0.327082      1.42529     -1.47342     0.120288     0.141642    0.0784989    0.0694715    0.0754685    0.0453178    -0.237126  5.20028e-10    -0.205539   -0.0188417
   0.0984296     0.685111     0.680369     0.679852     0.671898     0.665399     0.459828     0.661703     0.673893     0.676897     0.673007     0.668769     0.655197      0.47008    -0.448668      5.12379    -0.130442     0.644863     0.673788     0.676334     0.698553     0.369617   -0.0944505    -0.031277   -0.0231951    0.0406572     0.027712     0.108707    0.0717708    -0.046039   -0.0211061    -0.024713   -0.0474947   -0.0860046    -0.082621     0.243152      1.23485     -1.49071       0.1302     0.134402    0.0804421    0.0710428    0.0405348    -0.269367 -1.78539e-09    -0.134271   -0.0153592
    0.160681     0.775845     0.763123      0.76303     0.754086     0.743741     0.464686     0.765714     0.760178     0.761756     0.758362     0.755624     0.753499     0.701027     0.508115    -0.130442      2.81663     0.399266     0.758073     0.759204     0.784276     0.414096    -0.134932   -0.0245468   -0.0105841    0.0510595    0.0179315     0.099431    0.0601816   -0.0240248  -0.00505705   0.00687716   0.00534194   -0.0161217   -0.0538664   -0.0435617     0.161703      1.02371     -1.16089    0.0908189     0.100794    0.0698607    0.0380771    -0.304515 -2.68652e-09   -0.0582228   -0.0205294
    0.200611     0.810584     0.792476     0.792704     0.783366     0.770602     0.449921     0.811005     0.792195     0.791634     0.788738     0.787045     0.784725     0.737153     0.599747     0.644863     0.399266      1.51753     0.674136     0.793154     0.812909     0.432814    -0.158725   -0.0179433 -0.000220028    0.0572299    0.0103799    0.0888859    0.0490477   -0.0264625   -0.0141042   0.00284374    0.0129031    0.0126835   0.00218104   0.00743513    0.0337645    0.0925103     0.631443    -0.582225    0.0230662     0.039088    0.0141922    -0.322359 -1.44866e-09  0.000799614    -0.022073
    0.213171     0.816702     0.796838      0.79718     0.787752      0.77423     0.441434     0.820874     0.797487     0.796086     0.793348     0.791888     0.788429     0.736012     0.601149     0.673788     0.758073     0.674136      1.08864     0.762664     0.812907     0.440721    -0.164496   -0.0139425   0.00498167    0.0605527   0.00912332    0.0860516    0.0462144   -0.0272511   -0.0176726 -3.01823e-05    0.0129885    0.0194596    0.0189397    0.0309592    0.0615253    0.0461878    0.0899882     0.326952    -0.198823   -0.0357597   -0.0438073    -0.337081 -2.34185e-10    0.0215928   -0.0221256
    0.214216     0.818598     0.798606     0.798957     0.789496     0.775912     0.441871     0.822981     0.799308     0.797868     0.795141     0.793697     0.790167     0.737275     0.602052     0.676334     0.759204     0.793154     0.762664     0.953221     0.802931     0.443478    -0.164292    -0.012871   0.00615843    0.0617449   0.00992507    0.0869595    0.0470222   -0.0263734   -0.0169082  0.000718569    0.0138294     0.020586    0.0205624    0.0331651    0.0656204    0.0556155    0.0598939    0.0984882     0.231542    -0.108418    -0.143125    -0.354753 -1.30712e-09    0.0227147   -0.0223928
    0.214107     0.841212     0.820899     0.821264      0.81143     0.797595     0.456171     0.844937     0.821397     0.820072     0.817226     0.815726     0.812413     0.759605     0.621945     0.698553     0.784276     0.812909     0.812907     0.802931       1.2148    -0.251018     -0.15657 -0.000399831    0.0193106    0.0771435     0.023847      0.10445    0.0626114   -0.0147967  -0.00313466    0.0152315    0.0283272    0.0341107    0.0325545    0.0458214    0.0820724     0.075275    0.0690368   0.00441151    -0.167681    -0.320235    -0.141883     0.126543  -2.0011e-09     0.019428   -0.0304772
    0.216162     0.452399     0.444267     0.443701     0.441374     0.435629     0.259066     0.454239     0.444465     0.445352     0.444883     0.444859     0.446048     0.423164     0.331195     0.369617     0.414096     0.432814     0.440721     0.443478    -0.251018      7.86638    -0.381776    -0.362166    -0.361623    -0.339567    -0.346082    -0.327042    -0.328152    -0.325039    -0.344008    -0.347098    -0.349771    -0.356152    -0.368139    -0.366094     -0.32854     -0.33035    -0.327097    -0.286488    -0.136947   -0.0216925     0.233978      6.09231 -1.47966e-08   0.00184571    0.0855919
     2.81814     0.301218   -0.0545019    -0.141557    -0.176967    -0.176887   -0.0632148    -0.200489    -0.173789    -0.171995    -0.174183    -0.176555    -0.172735    -0.131562    -0.058157   -0.0944505    -0.134932    -0.158725    -0.164496    -0.164292     -0.15657    -0.381776      11.3937     -2.95382     -2.34742    -0.314592     0.303896     0.554495     0.615435      0.53728     0.596967     0.616698     0.617956     0.598162      0.56687     0.569012     0.600335     0.622961     0.624346      0.63518     0.671423     0.625726      0.49229     0.379237 -1.19444e-08    -0.114874    0.0671821
    0.625534   -0.0618889     0.162369    0.0277294   -0.0296907   -0.0381928   -0.0675903  -0.00338951   -0.0176215   -0.0239835   -0.0263607   -0.0286284   -0.0401233   -0.0710682   -0.0393525    -0.031277   -0.0245468   -0.0179433   -0.0139425    -0.012871 -0.000399831    -0.362166     -2.95382      11.9523     -4.22319    -0.878883     0.192143     0.592719     0.719812     0.629366     0.666167     0.698819     0.729913     0.768093     0.812872     0.822132     0.752119      0.73028     0.733088     0.757312     0.783748     0.725904     0.568029     0.379061  9.97394e-10    0.0589888   0.00616175
     0.44166    -0.289797     0.254836     0.049826   -0.0108555   -0.0203303   -0.0671147    0.0212802    0.0019144   -0.0054866  -0.00790166   -0.0101614   -0.0236007   -0.0636033   -0.0368065   -0.0231951   -0.0105841 -0.000220028   0.00498167   0.00615843    0.0193106    -0.361623     -2.34742     -4.22319      11.1313    -0.969436       0.1757     0.598453      0.73688     0.644084     0.678251     0.712676     0.747606     0.793122     0.847525     0.857693     0.774818     0.747368     0.750371     0.776319     0.801669     0.742061      0.58033     0.380691  3.07778e-09    0.0808367  -0.00629136
   -0.201163   -0.0191798    -0.258219     0.433343    0.0421411    0.0240048  -0.00784831    0.0687964    0.0562421    0.0506962    0.0480816    0.0457455    0.0356184   0.00678563    0.0288891    0.0406572    0.0510595    0.0572299    0.0605527    0.0617449    0.0771435    -0.339567    -0.314592    -0.878883    -0.969436       7.2388    -0.966204     0.217134     0.770666      0.67326     0.717153      0.74956     0.777869     0.809604     0.845853     0.857061     0.800817     0.782965     0.785651     0.807841     0.836459     0.776454     0.605929      0.37397   5.2319e-09    0.0427487   -0.0208823
   -0.266543   -0.0218947   -0.0965359    -0.302744      0.40918    -0.153444    0.0292492  -0.00494554   0.00171858 -0.000153939   -0.0027909  -0.00518983  -0.00820649  -0.00426892     0.034901     0.027712    0.0179315    0.0103799   0.00912332   0.00992507     0.023847    -0.346082     0.303896     0.192143       0.1757    -0.966204      7.45337     -3.00799     0.645793     0.651908     0.705514      0.73322     0.748581     0.753975     0.755037     0.762521      0.75374     0.756181     0.758197     0.774091     0.807836     0.752146     0.588016     0.380516 -4.23684e-09   -0.0368156   -0.0238618
   -0.232984    0.0721229    0.0480458   -0.0214603    -0.277384   -0.0887388    0.0889642    0.0659193    0.0777923    0.0773195    0.0741865    0.0714423    0.0708259     0.082303     0.115339     0.108707     0.099431    0.0888859    0.0860516    0.0869595      0.10445    -0.327042     0.554495     0.592719     0.598453     0.217134     -3.00799       5.8336     0.242489      0.69056     0.756606     0.785314     0.796683     0.791038      0.77712     0.787396     0.802529     0.813183     0.814974     0.827341     0.864624     0.807175     0.628938     0.370438  4.87024e-09   -0.0717144   -0.0397245
   -0.238266    0.0400034    0.0401673     0.041099    0.0266175     0.452589    -0.757784  -0.00372362    0.0499925    0.0438226    0.0394411    0.0351534    0.0334112    0.0442252    0.0795626    0.0717708    0.0601816    0.0490477    0.0462144    0.0470222    0.0626114    -0.328152     0.615435     0.719812      0.73688     0.770666     0.645793     0.242489      1.82844     0.583812     0.630554     0.679695     0.708234     0.719042      0.72179     0.740749     0.753959     0.763892     0.765389     0.777758     0.813495     0.759082     0.592234     0.361965  9.38381e-09    -0.070045   -0.0187993
   -0.211211   -0.0323305   -0.0327581   -0.0314484   -0.0365546   -0.0382032     0.189659   -0.0511226     0.145796     0.252663     0.190356     0.118677    0.0702713    -0.024116    -0.130543    -0.046039   -0.0240248   -0.0264625   -0.0272511   -0.0263734   -0.0147967    -0.325039      0.53728     0.629366     0.644084      0.67326     0.651908      0.69056     0.583812      12.2663     -2.82492      -1.9449     -1.22143     -0.54176     0.160774     0.654071     0.672924     0.660097     0.655009     0.670765     0.702579     0.652828       0.5108       0.3385  1.76197e-09    -0.036839    0.0940639
   -0.263668   -0.0280043   -0.0228958   -0.0219841   -0.0278898   -0.0245107     0.247458    -0.014668   -0.0731636      0.32275     0.239869     0.151212    0.0974064   0.00636776    -0.108316   -0.0211061  -0.00505705   -0.0141042   -0.0176726   -0.0169082  -0.00313466    -0.344008     0.596967     0.666167     0.678251     0.717153     0.705514     0.756606     0.630554     -2.82492      12.5257     -2.37868     -1.51314    -0.722677    0.0805119     0.661983     0.725797     0.724911     0.723243     0.735679     0.770713     0.717227     0.560596     0.359925   2.3287e-09    -0.112591     0.080701
   -0.256898  -0.00909524  -0.00566995  -0.00465193   -0.0105182  -0.00902276     0.191216 -0.000356118   -0.0212645    -0.164166      0.24848     0.246096     0.203891    0.0853034    -0.145822    -0.024713   0.00687716   0.00284374 -3.01823e-05  0.000718569    0.0152315    -0.347098     0.616698     0.698819     0.712676      0.74956      0.73322     0.785314     0.679695      -1.9449     -2.37868      12.9111     -2.26485     -1.32826    -0.234531     0.634506     0.772096     0.759171     0.753442     0.765665     0.800374     0.745037     0.582112     0.369867  1.73352e-09   -0.0968713    0.0341256
   -0.226968   0.00817763   0.00659416   0.00793888   0.00210732  0.000632124     0.122069    0.0194052  -0.00862015    -0.137787    -0.196464      0.25155     0.349553     0.244026     -0.18081   -0.0474947   0.00534194    0.0129031    0.0129885    0.0138294    0.0283272    -0.349771     0.617956     0.729913     0.747606     0.777869     0.748581     0.796683     0.708234     -1.22143     -1.51314     -2.26485      12.8643     -2.34746    -0.905651     0.487229     0.824172     0.783537     0.768136     0.782035     0.813327     0.756088     0.590769     0.376214  6.06396e-10   -0.0382636  -0.00290777
   -0.163537    0.0235809    0.0117103    0.0137415   0.00790766   0.00129683     0.015544    0.0499097   0.00159693     -0.09939    -0.186446    -0.272718     0.403959     0.546197    -0.124344   -0.0860046   -0.0161217    0.0126835    0.0194596     0.020586    0.0341107    -0.356152     0.598162     0.768093     0.793122     0.809604     0.753975     0.791038     0.719042     -0.54176    -0.722677     -1.32826     -2.34746      12.2317     -2.35796   -0.0249671     0.871966     0.800746     0.769082     0.787841      0.81081     0.750583     0.586848     0.381461 -1.49694e-09    0.0875362   -0.0329068
  -0.0812125    0.0349925   0.00951196    0.0124634   0.00652325  -0.00666598     -0.12003    0.0839617    0.0119361   -0.0512041    -0.116482    -0.230447    -0.580938     0.915751     0.327082    -0.082621   -0.0538664   0.00218104    0.0189397    0.0205624    0.0325545    -0.368139      0.56687     0.812872     0.847525     0.845853     0.755037      0.77712      0.72179     0.160774    0.0805119    -0.234531    -0.905651     -2.35796      10.2905     -2.09965      0.73495     0.812853     0.767227      0.79159     0.801695     0.736942     0.576831     0.387691 -4.21026e-09     0.255846   -0.0577623
   -0.076922    0.0484782    0.0220581    0.0250683    0.0186674   0.00414521    -0.149322    0.0937284    0.0318083   0.00951246   -0.0123361   -0.0594501    -0.258202     -1.25999      1.42529     0.243152   -0.0435617   0.00743513    0.0309592    0.0331651    0.0458214    -0.366094     0.569012     0.822132     0.857693     0.857061     0.762521     0.787396     0.740749     0.654071     0.661983     0.634506     0.487229   -0.0249671     -2.09965      6.58359     -1.24732     0.702672     0.795422     0.815121     0.814681     0.746216     0.583819     0.386621  -3.0858e-09     0.263004   -0.0545509
   -0.180397    0.0663405    0.0581213     0.059821    0.0534202    0.0461408   -0.0063457    0.0698233    0.0604636    0.0577559    0.0554627     0.046948   0.00841241    -0.294045     -1.47342      1.23485     0.161703    0.0337645    0.0615253    0.0656204    0.0820724     -0.32854     0.600335     0.752119     0.774818     0.800817      0.75374     0.802529     0.753959     0.672924     0.725797     0.772096     0.824172     0.871966      0.73495     -1.24732      4.09482    -0.861873     0.731348     0.850265     0.838601     0.765708     0.597374     0.362045  2.17932e-09    0.0294388   -0.0314256
   -0.230442    0.0506536    0.0503778    0.0515498    0.0453099    0.0413072    0.0408139    0.0372441    0.0482946    0.0483495    0.0457123     0.042527     0.042817    0.0757382     0.120288     -1.49071      1.02371    0.0925103    0.0461878    0.0556155     0.075275     -0.33035     0.622961      0.73028     0.747368     0.782965     0.756181     0.813183     0.763892     0.660097     0.724911     0.759171     0.783537     0.800746     0.812853     0.702672    -0.861873      4.20665     -1.21396      0.71477     0.899122     0.798682     0.622776     0.367582  3.53901e-09   -0.0664267   -0.0207578
   -0.230389    0.0486315    0.0481432     0.049337    0.0430817    0.0389696    0.0380775    0.0358134    0.0459726    0.0453209    0.0424974    0.0401205    0.0405625    0.0646205     0.141642       0.1302     -1.16089     0.631443    0.0899882    0.0598939    0.0690368    -0.327097     0.624346     0.733088     0.750371     0.785651     0.758197     0.814974     0.765389     0.655009     0.723243     0.753442     0.768136     0.769082     0.767227     0.795422     0.731348     -1.21396      5.23997     -1.59799     0.675143     0.753184     0.589435     0.358535  5.04467e-09   -0.0634538   -0.0202255
   -0.222972    0.0334742    0.0308179    0.0322126    0.0259448    0.0209092    0.0111552    0.0261483    0.0299896    0.0280092    0.0254447    0.0235787    0.0219466    0.0306857    0.0784989     0.134402    0.0908189    -0.582225     0.326952    0.0984882   0.00441151    -0.286488      0.63518     0.757312     0.776319     0.807841     0.774091     0.827341     0.777758     0.670765     0.735679     0.765665     0.782035     0.787841      0.79159     0.815121     0.850265      0.71477     -1.59799      6.38298     -1.43741    0.0961256     0.092161     0.239911  7.43094e-09   -0.0327703   -0.0167636
   -0.249587    0.0191691    0.0189735    0.0202698     0.013918   0.00982512    0.0190345   0.00654039    0.0169485    0.0160557    0.0131793     0.010798    0.0102218    0.0245471    0.0694715    0.0804421     0.100794    0.0230662    -0.198823     0.231542    -0.167681    -0.136947     0.671423     0.783748     0.801669     0.836459     0.807836     0.864624     0.813495     0.702579     0.770713     0.800374     0.813327      0.81081     0.801695     0.814681     0.838601     0.899122     0.675143     -1.43741      8.27394     -2.31753     -1.74973    -0.229685 -1.19591e-09   -0.0621167   -0.0156238
   -0.237238    0.0264737    0.0271569    0.0282888    0.0223168    0.0188432    0.0304784    0.0122531     0.024676    0.0243123    0.0214014    0.0188278    0.0186078    0.0340114    0.0754685    0.0710428    0.0698607     0.039088   -0.0357597    -0.108418    -0.320235   -0.0216925     0.625726     0.725904     0.742061     0.776454     0.752146     0.807175     0.759082     0.652828     0.717227     0.745037     0.756088     0.750583     0.736942     0.746216     0.765708     0.798682     0.753184    0.0961256     -2.31753      10.5388     -4.19103    -0.822296 -2.18275e-08   -0.0713362   -0.0172043
   -0.189299   0.00329085   0.00414149   0.00502579  0.000605963  -0.00190842    0.0135962  -0.00765957   0.00227869   0.00194011 -0.000277954  -0.00226517  -0.00249382    0.0101584    0.0453178    0.0405348    0.0380771    0.0141922   -0.0438073    -0.143125    -0.141883     0.233978      0.49229     0.568029      0.58033     0.605929     0.588016     0.628938     0.592234       0.5108     0.560596     0.582112     0.590769     0.586848     0.576831     0.583819     0.597374     0.622776     0.589435     0.092161     -1.74973     -4.19103      12.7445    -0.820605 -1.64795e-08   -0.0549246  -0.00883424
   -0.197226    -0.332332    -0.325681     -0.32509    -0.323922    -0.321997    -0.189958    -0.336228    -0.325373    -0.326686    -0.327116    -0.328117    -0.329871    -0.311676    -0.237126    -0.269367    -0.304515    -0.322359    -0.337081    -0.354753     0.126543      6.09231     0.379237     0.379061     0.380691      0.37397     0.380516     0.370438     0.361965       0.3385     0.359925     0.369867     0.376214     0.381461     0.387691     0.386621     0.362045     0.367582     0.358535     0.239911    -0.229685    -0.822296    -0.820605      11.3071  7.48438e-09   -0.0198925    0.0886132
  1.6009e-08  2.52397e-09  5.44571e-11 -2.95659e-10 -1.41976e-09 -1.62332e-09 -6.30444e-09    1.519e-09  9.93198e-11  1.24371e-10  9.93333e-11 -1.45146e-11  4.21581e-10  1.59893e-09  5.20028e-10 -1.78539e-09 -2.68652e-09 -1.44866e-09 -2.34185e-10 -1.30712e-09  -2.0011e-09 -1.47966e-08 -1.19444e-08  9.97394e-10  3.07778e-09   5.2319e-09 -4.23684e-09  4.87024e-09  9.38381e-09  1.76197e-09   2.3287e-09  1.73352e-09  6.06396e-10 -1.49694e-09 -4.21026e-09  -3.0858e-09  2.17932e-09  3.53901e-09  5.04467e-09  7.43094e-09 -1.19591e-09 -2.18275e-08 -1.64795e-08  7.48438e-09         2.25 -1.15187e-08 -3.91435e-11
    0.200651    0.0497975    0.0182136    0.0202996    0.0197572   0.00625731    -0.195251     0.118361    0.0358521     0.018493    0.0197507    0.0208876   -0.0112276    -0.152441    -0.205539    -0.134271   -0.0582228  0.000799614    0.0215928    0.0227147     0.019428   0.00184571    -0.114874    0.0589888    0.0808367    0.0427487   -0.0368156   -0.0717144    -0.070045    -0.036839    -0.112591   -0.0968713   -0.0382636    0.0875362     0.255846     0.263004    0.0294388   -0.0664267   -0.0634538   -0.0327703   -0.0621167   -0.0713362   -0.0549246   -0.0198925 -1.15187e-08     0.384211   0.00531899
    0.164003   -0.0247289   -0.0196643   -0.0198075   -0.0215375   -0.0170138    0.0144174   -0.0171073   -0.0172715   -0.0117916   -0.0073525  -0.00304486   0.00749696    0.0265893   -0.0188417   -0.0153592   -0.0205294    -0.022073   -0.0221256   -0.0223928   -0.0304772    0.0855919    0.0671821   0.00616175  -0.00629136   -0.0208823   -0.0238618   -0.0397245   -0.0187993    0.0940639     0.080701    0.0341256  -0.00290777   -0.0329068   -0.0577623   -0.0545509   -0.0314256   -0.0207578   -0.0202255   -0.0167636   -0.0156238   -0.0172043  -0.00883424    0.0886132 -3.91435e-11   0.00531899    0.0153747
* row and column names
in_inst:0_usecol:1_direct_idx0:18.75
in_inst:0_usecol:1_direct_idx0:21.25
in_inst:0_usecol:1_direct_idx0:23.75
in_inst:0_usecol:1_direct_idx0:26.25
in_inst:0_usecol:1_direct_idx0:28.75
in_inst:0_usecol:1_direct_idx0:31.25
in_inst:0_usecol:1_direct_idx0:33.75
in_inst:0_usecol:1_direct_idx0:36.25
in_inst:0_usecol:1_direct_idx0:38.75
in_inst:0_usecol:1_direct_idx0:41.25
in_inst:0_usecol:1_direct_idx0:43.75
in_inst:0_usecol:1_direct_idx0:46.25
in_inst:0_usecol:1_direct_idx0:48.75
in_inst:0_usecol:1_direct_idx0:51.25
in_inst:0_usecol:1_direct_idx0:53.75
in_inst:0_usecol:1_direct_idx0:56.25
in_inst:0_usecol:1_direct_idx0:58.75
in_inst:0_usecol:1_direct_idx0:61.25
in_inst:0_usecol:1_direct_idx0:63.75
in_inst:0_usecol:1_direct_idx0:66.25
in_inst:0_usecol:1_direct_idx0:68.75
in_inst:0_usecol:1_direct_idx0:71.25
out_inst:0_usecol:2_direct_idx0:18.75
out_inst:0_usecol:2_direct_idx0:21.25
out_inst:0_usecol:2_direct_idx0:23.75
out_inst:0_usecol:2_direct_idx0:26.25
out_inst:0_usecol:2_direct_idx0:28.75
out_inst:0_usecol:2_direct_idx0:31.25
out_inst:0_usecol:2_direct_idx0:33.75
out_inst:0_usecol:2_direct_idx0:36.25
out_inst:0_usecol:2_direct_idx0:38.75
out_inst:0_usecol:2_direct_idx0:41.25
out_inst:0_usecol:2_direct_idx0:43.75
out_inst:0_usecol:2_direct_idx0:46.25
out_inst:0_usecol:2_direct_idx0:48.75
out_inst:0_usecol:2_direct_idx0:51.25
out_inst:0_usecol:2_direct_idx0:53.75
out_inst:0_usecol:2_direct_idx0:56.25
out_inst:0_usecol:2_direct_idx0:58.75
out_inst:0_usecol:2_direct_idx0:61.25
out_inst:0_usecol:2_direct_idx0:63.75
out_inst:0_usecol:2_direct_idx0:66.25
out_inst:0_usecol:2_direct_idx0:68.75
out_inst:0_usecol:2_direct_idx0:71.25
p_inst:0_usecol:1_direct_idx0:diffusioncoefficient
p_inst:0_usecol:1_direct_idx0:dispersivity
tot_inst:0_usecol:1_direct
