    47    47     1
     15.9999   -0.0174024  0.000905861  0.000871594   0.00083954  0.000792826  0.000739406  0.000997433  0.000996806  0.000995138  0.000994907  0.000994621   0.00099424  0.000993888  0.000800659  0.000691488  0.000948156  0.000987162  0.000987164  0.000987193  0.000962075  1.96701e-05  1.86168e-14   1.5861e-14  1.49101e-14  1.40634e-14  1.38294e-14  1.24403e-14  1.32007e-14  1.26817e-14   1.3069e-14   1.2277e-14  1.23659e-14  1.21652e-14  1.23205e-14  1.24095e-14  1.16472e-14  1.23249e-14    9.264e-15  9.40976e-15  6.63803e-15   7.8167e-15  6.19528e-15  4.45885e-15  3.47799e-15            0     0.726574
  -0.0174024      1.61303     0.747505     0.751158     0.753663      0.75728     0.761158     0.740805     0.740858     0.740991     0.741014     0.741041     0.741076      0.74111     0.759566     0.776148     0.781364     0.782088     0.782088     0.782088     0.782544  0.000996061 -1.02596e-12 -3.99668e-14 -2.46051e-13 -1.04546e-13 -1.22832e-13 -4.84185e-14 -1.05676e-13 -2.69266e-14 -9.62926e-14 -6.85654e-14 -1.13037e-13 -1.34637e-13 -1.84016e-13 -2.28484e-13 -2.82605e-13 -3.30312e-13 -2.43451e-13 -2.40747e-13 -2.08035e-13 -1.86164e-13  -1.3114e-13  -7.4481e-14 -2.12422e-14            0   -0.0621514
 0.000905861     0.747505      1.57213     0.751545     0.754968     0.758591     0.762476     0.742087     0.742139     0.742273     0.742296     0.742323     0.742358     0.742392     0.760881     0.777493     0.782718     0.783443     0.783443     0.783443       0.7839  0.000969273  4.86974e-13  4.34834e-13 -6.44335e-13 -5.01102e-13 -5.19266e-13 -4.44718e-13 -5.02079e-13 -4.23189e-13 -4.92678e-13   -4.649e-13 -5.09451e-13 -5.31089e-13 -5.80556e-13 -6.25103e-13 -6.79318e-13 -7.27111e-13 -8.45553e-13 -8.42844e-13  -8.1007e-13 -7.88162e-13 -7.33038e-13 -6.76275e-13  -1.3251e-14            0   -0.0635146
 0.000871594     0.751158     0.751545       1.5238     0.756818     0.761276     0.765175     0.744712     0.744764     0.744899     0.744921     0.744948     0.744984     0.745018     0.763574     0.780245     0.785488     0.786216     0.786216     0.786216     0.786675  0.000937615  1.41338e-12  1.36217e-12  2.24596e-12 -4.76426e-13 -1.23168e-13 -4.86664e-14 -1.06236e-13 -2.70605e-14 -9.68007e-14 -6.89206e-14 -1.13631e-13 -1.35347e-13 -1.84991e-13 -2.29698e-13 -2.84105e-13 -3.32072e-13  2.85473e-13  2.88191e-13  3.21093e-13  3.43075e-13  3.98403e-13  4.55375e-13 -4.38899e-15            0   -0.0663069
  0.00083954     0.753663     0.754968     0.756818      1.47792     0.763096     0.767729     0.747195     0.747248     0.747383     0.747405     0.747432     0.747468     0.747502     0.766122      0.78285      0.78811      0.78884      0.78884      0.78884       0.7893  0.000905716 -8.25692e-13  -8.7708e-13 -6.01072e-13 -4.55614e-13 -4.74346e-13   1.1403e-12  1.08253e-12  1.16197e-12    1.092e-12  1.11997e-12  1.07511e-12  1.05332e-12  1.00351e-12  9.58651e-13  9.04062e-13   8.5593e-13  -8.0123e-13 -7.98503e-13 -7.65481e-13 -7.43428e-13 -6.87907e-13 -6.30737e-13  1.98693e-14            0   -0.0689557
 0.000792826      0.75728     0.758591     0.761276     0.763096      1.41182     0.770812      0.75078     0.750833     0.750969     0.750991     0.751019     0.751054     0.751089       0.7698      0.78661     0.791895     0.792628     0.792628     0.792628     0.793091  0.000859221  2.36594e-12   2.3143e-12  2.78639e-12  2.92985e-12  2.91131e-12 -5.01564e-14  -1.0899e-13 -2.90522e-14 -9.93728e-14 -7.12555e-14 -1.16337e-13  -1.3823e-13 -1.88287e-13 -2.33365e-13 -2.88216e-13 -3.36585e-13  1.71579e-13  1.74318e-13  2.07514e-13   2.2967e-13  2.85468e-13  3.42926e-13  5.63598e-14            0   -0.0727784
 0.000739406     0.761158     0.762476     0.765175     0.767729     0.770812       1.3412     0.753824     0.754678     0.754814     0.754837     0.754864       0.7549     0.754935     0.773744     0.790643     0.795953      0.79669      0.79669      0.79669     0.797155  0.000806036  9.18121e-13  8.66213e-13 -5.32324e-13  -3.8812e-13 -4.06749e-13 -3.28435e-13  7.73842e-13   1.1332e-12  1.06227e-12  1.09054e-12  1.04522e-12  1.02322e-12    9.729e-13  9.27587e-13  8.72455e-13   8.2383e-13  1.15647e-12  1.15922e-12  1.19261e-12  1.21487e-12  1.27097e-12  1.32873e-12   9.5061e-14            0   -0.0768819
 0.000997433     0.740805     0.742087     0.744712     0.747195      0.75078     0.753824      1.71247     0.733226     0.734635     0.734657     0.734684     0.734719     0.734752     0.753046     0.769483     0.774656     0.775374     0.775374     0.775375     0.775826   0.00106283 -1.60024e-13  -2.1052e-13  1.16527e-12  1.30554e-12  1.28741e-12  1.36117e-12  1.30308e-12 -4.96033e-13 -1.28498e-13 -1.01112e-13 -1.45197e-13 -1.66611e-13 -2.15559e-13  -2.5964e-13 -3.13297e-13 -3.60584e-13  5.69905e-14  5.96724e-14  9.20756e-14  1.13767e-13  1.68299e-13  2.24451e-13 -3.57016e-14            0   -0.0553903
 0.000996806     0.740858     0.742139     0.744764     0.747248     0.750833     0.754678     0.733226      1.71199     0.733415     0.734709     0.734736      0.73477     0.734804       0.7531     0.769538     0.774711     0.775429     0.775429     0.775429     0.775881    0.0010622  -1.5908e-13 -2.09579e-13 -7.14082e-13 -5.73805e-13 -5.91936e-13 -5.18175e-13 -5.74932e-13 -4.95231e-13  4.07391e-13  9.04134e-13  8.59395e-13  8.37979e-13  7.89028e-13  7.44944e-13  6.91283e-13  6.43993e-13  1.43276e-12  1.43545e-12  1.46785e-12  1.48955e-12  1.54408e-12  1.60024e-12 -3.55612e-14            0   -0.0554455
 0.000995138     0.740991     0.742273     0.744899     0.747383     0.750969     0.754814     0.734635     0.733415      1.70956     0.733573     0.734869     0.734903     0.734937     0.753236     0.769677     0.774851     0.775569     0.775569     0.775569     0.776021   0.00106054  2.95746e-13  2.45238e-13  3.15963e-13  4.56267e-13  4.38133e-13  5.11907e-13  4.55139e-13  5.33219e-13  4.63638e-13 -5.35382e-13  7.90783e-13  7.68715e-13  7.19754e-13  6.75662e-13  6.21991e-13  5.74692e-13 -6.12256e-13 -6.09573e-13 -5.77161e-13 -5.55464e-13 -5.00918e-13 -4.44752e-13 -3.64901e-14            0    -0.055586
 0.000994907     0.741014     0.742296     0.744921     0.747405     0.750991     0.754837     0.734657     0.734709     0.733573      1.70915     0.733623     0.734926     0.734959     0.753258       0.7697     0.774875     0.775592     0.775592     0.775593     0.776045   0.00106031 -1.13245e-12 -1.18296e-12 -2.45794e-13 -1.05487e-13 -1.23621e-13 -4.98443e-14 -1.06615e-13 -2.85312e-14 -9.73107e-14  -6.8644e-14 -5.80331e-13  3.68943e-13  3.20478e-13  2.76385e-13  2.22713e-13  1.75412e-13 -9.10916e-13 -9.08234e-13  -8.7582e-13 -8.54123e-13 -7.99575e-13 -7.43407e-13  -3.6423e-14            0   -0.0556097
 0.000994621     0.741041     0.742323     0.744948     0.747432     0.751019     0.754864     0.734684     0.734736     0.734869     0.733623      1.70865     0.733686     0.734986     0.753286     0.769728     0.774903     0.775621     0.775621     0.775621     0.776073   0.00106003  7.66392e-13  7.15881e-13  7.86586e-13  9.26899e-13  9.08764e-13  9.82544e-13  9.25771e-13  1.00386e-12  9.35075e-13  9.62564e-13  9.18668e-13  3.69979e-13 -1.84126e-13 -2.28893e-13 -2.82567e-13  -3.2987e-13  6.04834e-14  6.31661e-14  9.55806e-14  1.17279e-13  1.71829e-13  2.27999e-13 -3.63906e-14            0   -0.0556381
  0.00099424     0.741076     0.742358     0.744984     0.747468     0.751054       0.7549     0.734719      0.73477     0.734903     0.734926     0.733686      1.70801     0.733757     0.753322     0.769765      0.77494     0.775657     0.775658     0.775658      0.77611   0.00105965 -1.60341e-13 -2.10855e-13 -2.44585e-13 -1.04265e-13 -1.22401e-13 -4.86181e-14 -1.05393e-13 -2.73032e-14 -9.60886e-14 -6.85986e-14 -1.12699e-13 -1.33452e-13  1.31949e-12  2.17874e-12  2.12479e-12  2.07749e-12 -9.10844e-13 -9.08161e-13 -8.75745e-13 -8.54046e-13 -7.99493e-13  -7.4332e-13 -3.64242e-14            0   -0.0556751
 0.000993888      0.74111     0.742392     0.745018     0.747502     0.751089     0.754935     0.734752     0.734804     0.734937     0.734959     0.734986     0.733757      1.70699     0.752497       0.7698     0.774975     0.775693     0.775693     0.775693     0.776145    0.0010593 -1.13133e-12 -1.18185e-12  -7.0913e-13 -5.68804e-13 -5.86941e-13 -5.13154e-13 -5.69932e-13 -4.91838e-13 -5.60627e-13 -5.33135e-13 -5.77238e-13 -5.98661e-13 -6.48899e-13 -6.93519e-13 -2.81787e-13 -3.30192e-13  5.95389e-14  6.22219e-14  9.46397e-14   1.1634e-13  1.70895e-13  2.27071e-13 -3.66771e-14            0   -0.0557109
 0.000800659     0.759566     0.760881     0.763574     0.766122       0.7698     0.773744     0.753046       0.7531     0.753236     0.753258     0.753286     0.753322     0.752497      1.36983     0.788623     0.794285      0.79502      0.79502     0.795021     0.795485   0.00086719   5.7618e-13  5.24385e-13 -8.84445e-13 -7.40558e-13 -7.59146e-13 -6.83464e-13 -7.41693e-13 -6.61616e-13  -7.3215e-13 -7.03945e-13 -7.49163e-13 -7.71122e-13 -8.21329e-13 -8.66543e-13 -2.87325e-13  6.31404e-13  5.11544e-13  5.14291e-13  5.47595e-13  5.69814e-13  6.25786e-13  6.83422e-13   5.0208e-14            0   -0.0752014
 0.000691488     0.776148     0.777493     0.780245      0.78285      0.78661     0.790643     0.769483     0.769538     0.769677       0.7697     0.769728     0.769765       0.7698     0.788623      1.06651     0.811437     0.812382     0.812382     0.812382     0.812857  0.000759014 -3.08489e-13 -3.61429e-13 -4.67656e-13 -3.20581e-13 -3.39574e-13 -2.62194e-13 -3.21722e-13  -2.3987e-13 -3.11966e-13 -2.83123e-13 -3.29338e-13 -3.51777e-13 -4.03094e-13 -4.49306e-13 -5.05573e-13 -5.55614e-13 -6.80179e-13 -6.76252e-13 -6.42154e-13 -6.19472e-13 -5.62231e-13 -5.03288e-13  1.05908e-13            0   -0.0927649
 0.000948156     0.781364     0.782718     0.785488      0.78811     0.791895     0.795953     0.774656     0.774711     0.774851     0.774875     0.774903      0.77494     0.774975     0.794285     0.811437     0.971019      0.81765      0.81783      0.81783     0.818308   0.00101597 -9.95393e-13 -1.04867e-12 -1.08704e-12 -9.39021e-13 -9.58134e-13 -8.80249e-13 -9.40164e-13 -8.57784e-13 -9.30344e-13 -9.01311e-13 -9.47823e-13 -9.70404e-13 -1.02205e-12 -1.06856e-12 -1.12512e-12 -1.17505e-12  1.57636e-12   2.6194e-13  2.98742e-13  3.21561e-13  3.79179e-13  4.38511e-13  4.97265e-15            0    -0.098261
 0.000987162     0.782088     0.783443     0.786216      0.78884     0.792628      0.79669     0.775374     0.775429     0.775569     0.775592     0.775621     0.775657     0.775693      0.79502     0.812382      0.81765     0.957785     0.818405     0.818586     0.819064   0.00105502  6.41436e-13  5.88109e-13  6.68826e-13   8.1698e-13   7.9785e-13  8.75805e-13  8.15837e-13  8.98289e-13  8.25665e-13  8.54725e-13  8.08172e-13  7.85572e-13  7.33879e-13   6.8733e-13  6.30717e-13   5.8075e-13  1.88782e-13  1.45335e-12 -8.80979e-13 -8.56284e-13 -7.98615e-13 -7.39228e-13 -1.00088e-14            0   -0.0990232
 0.000987164     0.782088     0.783443     0.786216      0.78884     0.792628      0.79669     0.775374     0.775429     0.775569     0.775592     0.775621     0.775658     0.775693      0.79502     0.812382      0.81783     0.818405     0.957785     0.818405     0.819064   0.00105502 -1.06623e-12 -1.11956e-12 -2.57957e-13 -1.09803e-13 -1.28933e-13 -5.09781e-14 -1.10946e-13 -2.84937e-14 -1.01118e-13 -7.20584e-14 -1.18611e-13 -1.41211e-13 -1.92904e-13 -2.39453e-13 -2.96066e-13 -3.46033e-13  1.90773e-13  1.92928e-13  1.93502e-12  2.49808e-13  3.08951e-13  3.68337e-13 -1.00094e-14            0   -0.0990232
 0.000987193     0.782088     0.783443     0.786216      0.78884     0.792628      0.79669     0.775375     0.775429     0.775569     0.775593     0.775621     0.775658     0.775693     0.795021     0.812382      0.81783     0.818586     0.818405     0.957786     0.818873   0.00105895 -6.21002e-13 -6.74329e-13 -1.14917e-12 -1.00102e-12 -1.02015e-12 -9.42196e-13 -1.00216e-12 -9.19711e-13 -9.92335e-13 -9.63276e-13 -1.00983e-12 -1.03243e-12 -1.08412e-12 -1.13067e-12 -1.18728e-12 -1.23725e-12 -9.16372e-13 -9.13548e-13 -8.79705e-13  4.04682e-13 -7.98884e-13 -7.38079e-13 -1.00209e-14            0   -0.0990236
 0.000962075     0.782544       0.7839     0.786675       0.7893     0.793091     0.797155     0.775826     0.775881     0.776021     0.776045     0.776073      0.77611     0.776145     0.795485     0.812857     0.818308     0.819064     0.819064     0.818873     0.968687   -0.0182799  1.13563e-13  6.02025e-14 -2.58505e-13 -1.10259e-13   -1.294e-13 -5.13968e-14 -1.11402e-13 -2.88987e-14 -1.01568e-13   -7.249e-14 -1.19071e-13 -1.41685e-13  -1.9341e-13 -2.39988e-13 -2.96635e-13 -3.46634e-13  2.37511e-13  2.40337e-13  2.74728e-13  2.96992e-13  5.21578e-13 -5.97598e-13  7.08705e-17            0   -0.0995063
 1.96701e-05  0.000996061  0.000969273  0.000937615  0.000905716  0.000859221  0.000806036   0.00106283    0.0010622   0.00106054   0.00106031   0.00106003   0.00105965    0.0010593   0.00086719  0.000759014   0.00101597   0.00105502   0.00105502   0.00105895   -0.0182799      15.9995 -5.06982e-14 -5.05272e-14  1.48864e-14  1.40481e-14  1.38131e-14  1.24286e-14  1.31855e-14  1.26712e-14  1.30543e-14  1.22641e-14  1.23504e-14  1.21483e-14  1.23008e-14  1.23871e-14  1.16216e-14  1.22964e-14 -2.82421e-14 -2.80962e-14 -3.08658e-14 -2.96923e-14 -5.15819e-14 -1.71476e-14 -5.68016e-15            0     0.726506
 1.86168e-14 -1.02596e-12  4.86974e-13  1.41338e-12 -8.25692e-13  2.36594e-12  9.18121e-13 -1.60024e-13  -1.5908e-13  2.95746e-13 -1.13245e-12  7.66392e-13 -1.60341e-13 -1.13133e-12   5.7618e-13 -3.08489e-13 -9.95393e-13  6.41436e-13 -1.06623e-12 -6.21002e-13  1.13563e-13 -5.06982e-14           16 -4.23144e-22 -3.73628e-22 -3.04436e-22 -3.03628e-22 -2.28186e-22 -2.32711e-22 -2.30702e-22  -2.3217e-22 -1.64917e-22  -1.6453e-22 -9.91153e-23 -9.87888e-23 -9.91545e-23 -9.71914e-23 -1.00849e-22  -5.5354e-23 -1.27146e-22 -4.89794e-23 -4.94803e-23 -4.58621e-23 -4.50981e-23 -1.27593e-23            0  1.73933e-12
  1.5861e-14 -3.99668e-14  4.34834e-13  1.36217e-12  -8.7708e-13   2.3143e-12  8.66213e-13  -2.1052e-13 -2.09579e-13  2.45238e-13 -1.18296e-12  7.15881e-13 -2.10855e-13 -1.18185e-12  5.24385e-13 -3.61429e-13 -1.04867e-12  5.88109e-13 -1.11956e-12 -6.74329e-13  6.02025e-14 -5.05272e-14 -4.23144e-22           16  -3.7361e-22 -3.04428e-22 -3.03619e-22 -2.28182e-22 -2.32703e-22 -2.30699e-22 -2.32163e-22 -1.64911e-22 -1.64521e-22 -9.91055e-23 -9.87756e-23 -9.91382e-23 -9.71715e-23 -1.00826e-22 -5.61988e-23 -1.27991e-22 -4.98268e-23 -5.03291e-23 -4.67148e-23 -4.59548e-23 -1.29286e-23            0  1.79319e-12
 1.49101e-14 -2.46051e-13 -6.44335e-13  2.24596e-12 -6.01072e-13  2.78639e-12 -5.32324e-13  1.16527e-12 -7.14082e-13  3.15963e-13 -2.45794e-13  7.86586e-13 -2.44585e-13  -7.0913e-13 -8.84445e-13 -4.67656e-13 -1.08704e-12  6.68826e-13 -2.57957e-13 -1.14917e-12 -2.58505e-13  1.48864e-14 -3.73628e-22  -3.7361e-22           16 -3.05205e-22 -3.04353e-22 -2.30623e-22 -2.31177e-22 -2.29804e-22 -2.30729e-22 -1.62937e-22 -1.62159e-22 -9.55818e-23 -9.49039e-23 -9.48889e-23 -9.38346e-23 -9.48443e-23 -2.39162e-23 -9.73372e-23 -1.62176e-23  -1.9535e-23 -1.62377e-23 -1.62553e-23 -4.27945e-24            0  2.58742e-13
 1.40634e-14 -1.04546e-13 -5.01102e-13 -4.76426e-13 -4.55614e-13  2.92985e-12  -3.8812e-13  1.30554e-12 -5.73805e-13  4.56267e-13 -1.05487e-13  9.26899e-13 -1.04265e-13 -5.68804e-13 -7.40558e-13 -3.20581e-13 -9.39021e-13   8.1698e-13 -1.09803e-13 -1.00102e-12 -1.10259e-13  1.40481e-14 -3.04436e-22 -3.04428e-22 -3.05205e-22           16 -3.04379e-22 -2.30634e-22 -2.31199e-22 -2.29811e-22  -2.3075e-22 -1.62952e-22 -1.62183e-22 -9.56091e-23 -9.49406e-23 -9.49342e-23 -9.38901e-23  -9.4909e-23 -2.34427e-23 -9.68632e-23 -1.57368e-23 -1.90503e-23 -1.57422e-23 -1.57486e-23 -4.42493e-24            0  1.09477e-13
 1.38294e-14 -1.22832e-13 -5.19266e-13 -1.23168e-13 -4.74346e-13  2.91131e-12 -4.06749e-13  1.28741e-12 -5.91936e-13  4.38133e-13 -1.23621e-13  9.08764e-13 -1.22401e-13 -5.86941e-13 -7.59146e-13 -3.39574e-13 -9.58134e-13   7.9785e-13 -1.28933e-13 -1.02015e-12   -1.294e-13  1.38131e-14 -3.03628e-22 -3.03619e-22 -3.04353e-22 -3.04379e-22           16 -2.30632e-22 -2.31197e-22  -2.2981e-22 -2.30747e-22  -1.6295e-22  -1.6218e-22 -9.56057e-23  -9.4936e-23 -9.49285e-23 -9.38831e-23 -9.49008e-23 -2.30761e-23 -9.64966e-23 -1.53711e-23 -1.86851e-23 -1.53784e-23 -1.53862e-23 -4.35383e-24            0  1.28804e-13
 1.24403e-14 -4.84185e-14 -4.44718e-13 -4.86664e-14   1.1403e-12 -5.01564e-14 -3.28435e-13  1.36117e-12 -5.18175e-13  5.11907e-13 -4.98443e-14  9.82544e-13 -4.86181e-14 -5.13154e-13 -6.83464e-13 -2.62194e-13 -8.80249e-13  8.75805e-13 -5.09781e-14 -9.42196e-13 -5.13968e-14  1.24286e-14 -2.28186e-22 -2.28182e-22 -2.30623e-22 -2.30634e-22 -2.30632e-22           16 -2.32043e-22 -2.30649e-22 -2.31593e-22 -1.63793e-22 -1.63027e-22 -9.64553e-23 -9.57907e-23 -9.57877e-23 -9.47477e-23 -9.57704e-23 -2.25668e-23  -9.5987e-23 -1.48579e-23 -1.81698e-23 -1.48574e-23 -1.48592e-23 -4.29159e-24            0  5.05937e-14
 1.32007e-14 -1.05676e-13 -5.02079e-13 -1.06236e-13  1.08253e-12  -1.0899e-13  7.73842e-13  1.30308e-12 -5.74932e-13  4.55139e-13 -1.06615e-13  9.25771e-13 -1.05393e-13 -5.69932e-13 -7.41693e-13 -3.21722e-13 -9.40164e-13  8.15837e-13 -1.10946e-13 -1.00216e-12 -1.11402e-13  1.31855e-14 -2.32711e-22 -2.32703e-22 -2.31177e-22 -2.31199e-22 -2.31197e-22 -2.32043e-22           16 -2.33257e-22 -2.34196e-22 -1.66398e-22 -1.65629e-22 -9.90552e-23 -9.83868e-23 -9.83803e-23 -9.73362e-23 -9.83551e-23 -2.68815e-23 -1.00302e-22 -1.91757e-23 -2.24892e-23 -1.91811e-23 -1.91875e-23 -4.87359e-24            0  1.11096e-13
 1.26817e-14 -2.69266e-14 -4.23189e-13 -2.70605e-14  1.16197e-12 -2.90522e-14   1.1332e-12 -4.96033e-13 -4.95231e-13  5.33219e-13 -2.85312e-14  1.00386e-12 -2.73032e-14 -4.91838e-13 -6.61616e-13  -2.3987e-13 -8.57784e-13  8.98289e-13 -2.84937e-14 -9.19711e-13 -2.88987e-14  1.26712e-14 -2.30702e-22 -2.30699e-22 -2.29804e-22 -2.29811e-22  -2.2981e-22 -2.30649e-22 -2.33257e-22           16 -2.32818e-22 -1.65017e-22 -1.64253e-22 -9.76815e-23 -9.70183e-23 -9.70165e-23 -9.59781e-23 -9.70021e-23 -2.54065e-23 -9.88267e-23 -1.76965e-23 -2.10078e-23 -1.76938e-23  -1.7694e-23 -4.59262e-24            0    2.782e-14
  1.3069e-14 -9.62926e-14 -4.92678e-13 -9.68007e-14    1.092e-12 -9.93728e-14  1.06227e-12 -1.28498e-13  4.07391e-13  4.63638e-13 -9.73107e-14  9.35075e-13 -9.60886e-14 -5.60627e-13  -7.3215e-13 -3.11966e-13 -9.30344e-13  8.25665e-13 -1.01118e-13 -9.92335e-13 -1.01568e-13  1.30543e-14  -2.3217e-22 -2.32163e-22 -2.30729e-22  -2.3075e-22 -2.30747e-22 -2.31593e-22 -2.34196e-22 -2.32818e-22           16  -1.6611e-22 -1.65342e-22 -9.87685e-23 -9.81007e-23 -9.80947e-23 -9.70513e-23 -9.80708e-23 -2.64157e-23 -9.98361e-23 -1.87093e-23 -2.20225e-23 -1.87138e-23 -1.87194e-23  -4.8079e-24            0  1.01188e-13
  1.2277e-14 -6.85654e-14   -4.649e-13 -6.89206e-14  1.11997e-12 -7.12555e-14  1.09054e-12 -1.01112e-13  9.04134e-13 -5.35382e-13  -6.8644e-14  9.62564e-13 -6.85986e-14 -5.33135e-13 -7.03945e-13 -2.83123e-13 -9.01311e-13  8.54725e-13 -7.20584e-14 -9.63276e-13   -7.249e-14  1.22641e-14 -1.64917e-22 -1.64911e-22 -1.62937e-22 -1.62952e-22  -1.6295e-22 -1.63793e-22 -1.66398e-22 -1.65017e-22  -1.6611e-22           16 -1.65451e-22 -9.88784e-23 -9.82124e-23 -9.82082e-23 -9.71668e-23 -9.81882e-23 -2.51381e-23 -9.85585e-23 -1.74303e-23 -2.07427e-23 -1.74318e-23 -1.74353e-23 -4.76493e-24            0  7.20531e-14
 1.23659e-14 -1.13037e-13 -5.09451e-13 -1.13631e-13  1.07511e-12 -1.16337e-13  1.04522e-12 -1.45197e-13  8.59395e-13  7.90783e-13 -5.80331e-13  9.18668e-13 -1.12699e-13 -5.77238e-13 -7.49163e-13 -3.29338e-13 -9.47823e-13  8.08172e-13 -1.18611e-13 -1.00983e-12 -1.19071e-13  1.23504e-14  -1.6453e-22 -1.64521e-22 -1.62159e-22 -1.62183e-22  -1.6218e-22 -1.63027e-22 -1.65629e-22 -1.64253e-22 -1.65342e-22 -1.65451e-22           16 -9.92889e-23   -9.862e-23 -9.86132e-23 -9.75686e-23  -9.8587e-23 -2.52416e-23 -9.86621e-23  -1.7536e-23 -2.08497e-23 -1.75421e-23 -1.75491e-23 -4.82863e-24            0  1.19087e-13
 1.21652e-14 -1.34637e-13 -5.31089e-13 -1.35347e-13  1.05332e-12  -1.3823e-13  1.02322e-12 -1.66611e-13  8.37979e-13  7.68715e-13  3.68943e-13  3.69979e-13 -1.33452e-13 -5.98661e-13 -7.71122e-13 -3.51777e-13 -9.70404e-13  7.85572e-13 -1.41211e-13 -1.03243e-12 -1.41685e-13  1.21483e-14 -9.91153e-23 -9.91055e-23 -9.55818e-23 -9.56091e-23 -9.56057e-23 -9.64553e-23 -9.90552e-23 -9.76815e-23 -9.87685e-23 -9.88784e-23 -9.92889e-23           16 -9.90772e-23 -9.90687e-23 -9.80226e-23 -9.90397e-23 -2.53816e-23 -9.88021e-23 -1.76771e-23 -2.09914e-23 -1.76855e-23 -1.76941e-23 -5.09469e-24            0  1.42137e-13
 1.23205e-14 -1.84016e-13 -5.80556e-13 -1.84991e-13  1.00351e-12 -1.88287e-13    9.729e-13 -2.15559e-13  7.89028e-13  7.19754e-13  3.20478e-13 -1.84126e-13  1.31949e-12 -6.48899e-13 -8.21329e-13 -4.03094e-13 -1.02205e-12  7.33879e-13 -1.92904e-13 -1.08412e-12  -1.9341e-13  1.23008e-14 -9.87888e-23 -9.87756e-23 -9.49039e-23 -9.49406e-23  -9.4936e-23 -9.57907e-23 -9.83868e-23 -9.70183e-23 -9.81007e-23 -9.82124e-23   -9.862e-23 -9.90772e-23           16 -1.65198e-22 -1.64148e-22 -1.65162e-22 -2.50092e-23   -9.843e-23 -1.73073e-23  -2.0623e-23 -1.73208e-23 -1.73333e-23 -4.87027e-24            0  1.94106e-13
 1.24095e-14 -2.28484e-13 -6.25103e-13 -2.29698e-13  9.58651e-13 -2.33365e-13  9.27587e-13  -2.5964e-13  7.44944e-13  6.75662e-13  2.76385e-13 -2.28893e-13  2.17874e-12 -6.93519e-13 -8.66543e-13 -4.49306e-13 -1.06856e-12   6.8733e-13 -2.39453e-13 -1.13067e-12 -2.39988e-13  1.23871e-14 -9.91545e-23 -9.91382e-23 -9.48889e-23 -9.49342e-23 -9.49285e-23 -9.57877e-23 -9.83803e-23 -9.70165e-23 -9.80947e-23 -9.82082e-23 -9.86132e-23 -9.90687e-23 -1.65198e-22           16 -1.64088e-22 -1.65099e-22 -2.50585e-23 -9.84794e-23 -1.73589e-23 -2.06758e-23  -1.7377e-23  -1.7393e-23 -4.93438e-24            0  2.41137e-13
 1.16472e-14 -2.82605e-13 -6.79318e-13 -2.84105e-13  9.04062e-13 -2.88216e-13  8.72455e-13 -3.13297e-13  6.91283e-13  6.21991e-13  2.22713e-13 -2.82567e-13  2.12479e-12 -2.81787e-13 -2.87325e-13 -5.05573e-13 -1.12512e-12  6.30717e-13 -2.96066e-13 -1.18728e-12 -2.96635e-13  1.16216e-14 -9.71914e-23 -9.71715e-23 -9.38346e-23 -9.38901e-23 -9.38831e-23 -9.47477e-23 -9.73362e-23 -9.59781e-23 -9.70513e-23 -9.71668e-23 -9.75686e-23 -9.80226e-23 -1.64148e-22 -1.64088e-22           16 -1.64048e-22 -2.37573e-23 -9.71784e-23 -1.60604e-23 -1.93787e-23  -1.6084e-23 -1.61042e-23 -4.66524e-24            0   2.9832e-13
 1.23249e-14 -3.30312e-13 -7.27111e-13 -3.32072e-13   8.5593e-13 -3.36585e-13   8.2383e-13 -3.60584e-13  6.43993e-13  5.74692e-13  1.75412e-13  -3.2987e-13  2.07749e-12 -3.30192e-13  6.31404e-13 -5.55614e-13 -1.17505e-12   5.8075e-13 -3.46033e-13 -1.23725e-12 -3.46634e-13  1.22964e-14 -1.00849e-22 -1.00826e-22 -9.48443e-23  -9.4909e-23 -9.49008e-23 -9.57704e-23 -9.83551e-23 -9.70021e-23 -9.80708e-23 -9.81882e-23  -9.8587e-23 -9.90397e-23 -1.65162e-22 -1.65099e-22 -1.64048e-22           16 -2.58665e-23 -9.92878e-23 -1.81721e-23 -2.14918e-23 -1.82008e-23 -1.82247e-23 -5.14812e-24            0  3.48757e-13
   9.264e-15 -2.43451e-13 -8.45553e-13  2.85473e-13  -8.0123e-13  1.71579e-13  1.15647e-12  5.69905e-14  1.43276e-12 -6.12256e-13 -9.10916e-13  6.04834e-14 -9.10844e-13  5.95389e-14  5.11544e-13 -6.80179e-13  1.57636e-12  1.88782e-13  1.90773e-13 -9.16372e-13  2.37511e-13 -2.82421e-14  -5.5354e-23 -5.61988e-23 -2.39162e-23 -2.34427e-23 -2.30761e-23 -2.25668e-23 -2.68815e-23 -2.54065e-23 -2.64157e-23 -2.51381e-23 -2.52416e-23 -2.53816e-23 -2.50092e-23 -2.50585e-23 -2.37573e-23 -2.58665e-23           16 -5.13918e-23 -4.52072e-23 -4.56505e-23 -4.32324e-23 -4.22013e-23 -9.82071e-24            0   4.7367e-13
 9.40976e-15 -2.40747e-13 -8.42844e-13  2.88191e-13 -7.98503e-13  1.74318e-13  1.15922e-12  5.96724e-14  1.43545e-12 -6.09573e-13 -9.08234e-13  6.31661e-14 -9.08161e-13  6.22219e-14  5.14291e-13 -6.76252e-13   2.6194e-13  1.45335e-12  1.92928e-13 -9.13548e-13  2.40337e-13 -2.80962e-14 -1.27146e-22 -1.27991e-22 -9.73372e-23 -9.68632e-23 -9.64966e-23  -9.5987e-23 -1.00302e-22 -9.88267e-23 -9.98361e-23 -9.85585e-23 -9.86621e-23 -9.88021e-23   -9.843e-23 -9.84794e-23 -9.71784e-23 -9.92878e-23 -5.13918e-23           16 -4.37953e-23 -4.42335e-23 -4.18152e-23 -4.07839e-23  -9.8767e-24            0  4.70822e-13
 6.63803e-15 -2.08035e-13  -8.1007e-13  3.21093e-13 -7.65481e-13  2.07514e-13  1.19261e-12  9.20756e-14  1.46785e-12 -5.77161e-13  -8.7582e-13  9.55806e-14 -8.75745e-13  9.46397e-14  5.47595e-13 -6.42154e-13  2.98742e-13 -8.80979e-13  1.93502e-12 -8.79705e-13  2.74728e-13 -3.08658e-14 -4.89794e-23 -4.98268e-23 -1.62176e-23 -1.57368e-23 -1.53711e-23 -1.48579e-23 -1.91757e-23 -1.76965e-23 -1.87093e-23 -1.74303e-23  -1.7536e-23 -1.76771e-23 -1.73073e-23 -1.73589e-23 -1.60604e-23 -1.81721e-23 -4.52072e-23 -4.37953e-23           16 -4.26561e-23 -4.02324e-23 -3.91983e-23 -8.47558e-24            0  4.36072e-13
  7.8167e-15 -1.86164e-13 -7.88162e-13  3.43075e-13 -7.43428e-13   2.2967e-13  1.21487e-12  1.13767e-13  1.48955e-12 -5.55464e-13 -8.54123e-13  1.17279e-13 -8.54046e-13   1.1634e-13  5.69814e-13 -6.19472e-13  3.21561e-13 -8.56284e-13  2.49808e-13  4.04682e-13  2.96992e-13 -2.96923e-14 -4.94803e-23 -5.03291e-23  -1.9535e-23 -1.90503e-23 -1.86851e-23 -1.81698e-23 -2.24892e-23 -2.10078e-23 -2.20225e-23 -2.07427e-23 -2.08497e-23 -2.09914e-23  -2.0623e-23 -2.06758e-23 -1.93787e-23 -2.14918e-23 -4.56505e-23 -4.42335e-23 -4.26561e-23           16 -4.06761e-23 -3.96366e-23 -8.92831e-24            0  4.13035e-13
 6.19528e-15  -1.3114e-13 -7.33038e-13  3.98403e-13 -6.87907e-13  2.85468e-13  1.27097e-12  1.68299e-13  1.54408e-12 -5.00918e-13 -7.99575e-13  1.71829e-13 -7.99493e-13  1.70895e-13  6.25786e-13 -5.62231e-13  3.79179e-13 -7.98615e-13  3.08951e-13 -7.98884e-13  5.21578e-13 -5.15819e-14 -4.58621e-23 -4.67148e-23 -1.62377e-23 -1.57422e-23 -1.53784e-23 -1.48574e-23 -1.91811e-23 -1.76938e-23 -1.87138e-23 -1.74318e-23 -1.75421e-23 -1.76855e-23 -1.73208e-23  -1.7377e-23  -1.6084e-23 -1.82008e-23 -4.32324e-23 -4.18152e-23 -4.02324e-23 -4.06761e-23           16 -3.83372e-23 -7.96856e-24            0  3.54781e-13
 4.45885e-15  -7.4481e-14 -6.76275e-13  4.55375e-13 -6.30737e-13  3.42926e-13  1.32873e-12  2.24451e-13  1.60024e-12 -4.44752e-13 -7.43407e-13  2.27999e-13  -7.4332e-13  2.27071e-13  6.83422e-13 -5.03288e-13  4.38511e-13 -7.39228e-13  3.68337e-13 -7.38079e-13 -5.97598e-13 -1.71476e-14 -4.50981e-23 -4.59548e-23 -1.62553e-23 -1.57486e-23 -1.53862e-23 -1.48592e-23 -1.91875e-23  -1.7694e-23 -1.87194e-23 -1.74353e-23 -1.75491e-23 -1.76941e-23 -1.73333e-23  -1.7393e-23 -1.61042e-23 -1.82247e-23 -4.22013e-23 -4.07839e-23 -3.91983e-23 -3.96366e-23 -3.83372e-23           16 -7.94304e-24            0  2.95023e-13
 3.47799e-15 -2.12422e-14  -1.3251e-14 -4.38899e-15  1.98693e-14  5.63598e-14   9.5061e-14 -3.57016e-14 -3.55612e-14 -3.64901e-14  -3.6423e-14 -3.63906e-14 -3.64242e-14 -3.66771e-14   5.0208e-14  1.05908e-13  4.97265e-15 -1.00088e-14 -1.00094e-14 -1.00209e-14  7.08705e-17 -5.68016e-15 -1.27593e-23 -1.29286e-23 -4.27945e-24 -4.42493e-24 -4.35383e-24 -4.29159e-24 -4.87359e-24 -4.59262e-24  -4.8079e-24 -4.76493e-24 -4.82863e-24 -5.09469e-24 -4.87027e-24 -4.93438e-24 -4.66524e-24 -5.14812e-24 -9.82071e-24  -9.8767e-24 -8.47558e-24 -8.92831e-24 -7.96856e-24 -7.94304e-24         2.25            0  4.65038e-13
           0            0            0            0            0            0            0            0            0            0            0            0            0            0            0            0            0            0            0            0            0            0            0            0            0            0            0            0            0            0            0            0            0            0            0            0            0            0            0            0            0            0            0            0            0            1            0
    0.726574   -0.0621514   -0.0635146   -0.0663069   -0.0689557   -0.0727784   -0.0768819   -0.0553903   -0.0554455    -0.055586   -0.0556097   -0.0556381   -0.0556751   -0.0557109   -0.0752014   -0.0927649    -0.098261   -0.0990232   -0.0990232   -0.0990236   -0.0995063     0.726506  1.73933e-12  1.79319e-12  2.58742e-13  1.09477e-13  1.28804e-13  5.05937e-14  1.11096e-13    2.782e-14  1.01188e-13  7.20531e-14  1.19087e-13  1.42137e-13  1.94106e-13  2.41137e-13   2.9832e-13  3.48757e-13   4.7367e-13  4.70822e-13  4.36072e-13  4.13035e-13  3.54781e-13  2.95023e-13  4.65038e-13            0      0.10594
* row and column names
in_inst:0_usecol:1_direct_idx0:18.75
in_inst:0_usecol:1_direct_idx0:21.25
in_inst:0_usecol:1_direct_idx0:23.75
in_inst:0_usecol:1_direct_idx0:26.25
in_inst:0_usecol:1_direct_idx0:28.75
in_inst:0_usecol:1_direct_idx0:31.25
in_inst:0_usecol:1_direct_idx0:33.75
in_inst:0_usecol:1_direct_idx0:36.25
in_inst:0_usecol:1_direct_idx0:38.75
in_inst:0_usecol:1_direct_idx0:41.25
in_inst:0_usecol:1_direct_idx0:43.75
in_inst:0_usecol:1_direct_idx0:46.25
in_inst:0_usecol:1_direct_idx0:48.75
in_inst:0_usecol:1_direct_idx0:51.25
in_inst:0_usecol:1_direct_idx0:53.75
in_inst:0_usecol:1_direct_idx0:56.25
in_inst:0_usecol:1_direct_idx0:58.75
in_inst:0_usecol:1_direct_idx0:61.25
in_inst:0_usecol:1_direct_idx0:63.75
in_inst:0_usecol:1_direct_idx0:66.25
in_inst:0_usecol:1_direct_idx0:68.75
in_inst:0_usecol:1_direct_idx0:71.25
out_inst:0_usecol:2_direct_idx0:18.75
out_inst:0_usecol:2_direct_idx0:21.25
out_inst:0_usecol:2_direct_idx0:23.75
out_inst:0_usecol:2_direct_idx0:26.25
out_inst:0_usecol:2_direct_idx0:28.75
out_inst:0_usecol:2_direct_idx0:31.25
out_inst:0_usecol:2_direct_idx0:33.75
out_inst:0_usecol:2_direct_idx0:36.25
out_inst:0_usecol:2_direct_idx0:38.75
out_inst:0_usecol:2_direct_idx0:41.25
out_inst:0_usecol:2_direct_idx0:43.75
out_inst:0_usecol:2_direct_idx0:46.25
out_inst:0_usecol:2_direct_idx0:48.75
out_inst:0_usecol:2_direct_idx0:51.25
out_inst:0_usecol:2_direct_idx0:53.75
out_inst:0_usecol:2_direct_idx0:56.25
out_inst:0_usecol:2_direct_idx0:58.75
out_inst:0_usecol:2_direct_idx0:61.25
out_inst:0_usecol:2_direct_idx0:63.75
out_inst:0_usecol:2_direct_idx0:66.25
out_inst:0_usecol:2_direct_idx0:68.75
out_inst:0_usecol:2_direct_idx0:71.25
p_inst:0_usecol:1_direct_idx0:diffusioncoefficient
p_inst:0_usecol:1_direct_idx0:dispersivity
tot_inst:0_usecol:1_direct
