    47    47     1
      15.558    0.0108937   -0.0618137   -0.0125132    0.0286199    0.0236978   0.00965887    0.0348322    0.0299932    0.0290039     0.029238    0.0303544    0.0325568    0.0352211    0.0216985    0.0175516    0.0186697    0.0192594    0.0220796    0.0237368    0.0253416     0.071124      1.15606      1.15606      1.04802     0.544869     0.326629    -0.047493    -0.252526    -0.252266    -0.256258    -0.258257    -0.259545    -0.260476    -0.261109    -0.260578    -0.265896    -0.268281    -0.268219    -0.268668    -0.268822    -0.269014    -0.266861    -0.266861  2.33677e-09    0.0296509       0.2662
   0.0108937     0.877784     0.815118     0.821485     0.818747       0.8082     0.758711     0.836818     0.829624     0.821358     0.821752     0.822041     0.822636     0.830217     0.726693     0.668558      0.71715     0.767644     0.794277     0.807133     0.803686    0.0163193   -0.0239666   -0.0239666   -0.0982292   -0.0161946    0.0220497    0.0520423    0.0681401   -0.0153862   -0.0401071   -0.0355919   -0.0326912   -0.0297009   -0.0247817  -0.00977548    0.0527318    0.0906866    0.0892058    0.0688194    0.0357791  -0.00553996    -0.057283    -0.057283  4.25728e-09    0.0809758     -0.03072
  -0.0618137     0.815118     0.904636     0.823984     0.817145     0.809669     0.774428     0.826182     0.827581     0.820393     0.820318       0.8192     0.817286     0.822382     0.741242     0.689061     0.729143     0.774779     0.797118     0.808167     0.804093    0.0145997     0.166124     0.166124     0.193576    -0.343055    -0.213076   -0.0349256    0.0562431   -0.0225685   -0.0351817   -0.0305975   -0.0277402   -0.0251453   -0.0220398     -0.01642    0.0322257    0.0750571    0.0810519    0.0674442    0.0387377  0.000746896   -0.0486909   -0.0486909  1.51832e-10    0.0325235   -0.0310838
  -0.0125132     0.821485     0.823984     0.889822     0.794527     0.806606     0.775173     0.821082     0.824291     0.817365     0.817191     0.815784     0.813354     0.817915     0.741778     0.691036     0.729176     0.773621     0.794976     0.805605     0.801414    0.0144504    0.0332589    0.0332589    0.0546558     0.156806     -0.27233   -0.0687703    0.0488091    -0.024646   -0.0344371   -0.0298652   -0.0270338    -0.024537   -0.0218313    -0.018223    0.0272703    0.0709545    0.0785006    0.0663729    0.0386874   0.00153875   -0.0472312   -0.0472312 -6.99921e-10    0.0222552   -0.0312127
   0.0286199     0.818747     0.817145     0.794527     0.902826     0.772406      0.76654     0.818206     0.822883     0.816141      0.81584     0.814285     0.811657     0.816084     0.742692      0.69225     0.729257     0.773064     0.793956     0.804411     0.800172     0.013574   -0.0786711   -0.0786711    -0.068592   -0.0436105    -0.060293     0.263725    0.0640536   -0.0271563   -0.0376072   -0.0329528    -0.030104   -0.0276361   -0.0250885   -0.0222419    0.0230407    0.0682139    0.0772373    0.0661626     0.039041   0.00223949   -0.0463035   -0.0463035 -8.66515e-10    0.0173467   -0.0319352
   0.0236978       0.8082     0.809669     0.806606     0.772406      1.06644     0.693811     0.809863     0.814713      0.80789     0.807357     0.805092     0.801298     0.804607     0.743757     0.696258     0.728245     0.769027      0.78756     0.797047     0.792565    0.0122266    -0.070665    -0.070665    -0.062544     -0.02153    -0.042788    -0.350993     0.702812   -0.0220899    -0.044646   -0.0399618   -0.0371375   -0.0348788   -0.0332404   -0.0349223   0.00464559    0.0534114    0.0672476     0.060254     0.035734  0.000927531   -0.0460408   -0.0460408 -1.38886e-09  -0.00731004   -0.0278006
  0.00965887     0.758711     0.774428     0.775173      0.76654     0.693811      1.68014     0.736115     0.781733     0.759726     0.763939     0.757872     0.744233     0.733825     0.720591     0.708236     0.726827     0.757363     0.763312     0.766342     0.759636   0.00843794   -0.0403023   -0.0403023   -0.0530329   0.00520518    0.0427127   -0.0578771     -1.02562     0.326234     0.116785     0.117854     0.120122     0.121352     0.117699    0.0841173    0.0338178    0.0468514    0.0461885     0.040959    0.0244193   0.00135029   -0.0350216   -0.0350216 -4.17354e-09    -0.145895   -0.0135907
   0.0348322     0.836818     0.826182     0.821082     0.818206     0.809863     0.736115     0.947686     0.819323     0.820263     0.821241     0.823703     0.826487     0.834348     0.689637     0.631321      0.69812     0.758158     0.791071     0.806012     0.803132    0.0207208   -0.0912695   -0.0912695   -0.0572459  -0.00281314    0.0216334    0.0232885   -0.0824062    -0.260495    0.0274932    0.0318789    0.0348022     0.038444    0.0458629    0.0713832     0.128419     0.135184     0.105214    0.0661828    0.0242931   -0.0213034   -0.0752225   -0.0752225  2.15987e-09     0.149323    -0.025349
   0.0299932     0.829624     0.827581     0.824291     0.822883     0.814713     0.781733     0.819323     0.879582     0.815907     0.824927     0.823814     0.822133     0.827454     0.740167     0.687323     0.729969     0.777075     0.800453     0.811895     0.807916    0.0162756   -0.0710496   -0.0710496   -0.0545807  -0.00383956     0.031836    0.0531077    0.0584698   -0.0199553   -0.0235334   -0.0243197    -0.021936   -0.0193456   -0.0158959  -0.00859198    0.0405375    0.0800919     0.082814    0.0668706     0.036895  -0.00191342   -0.0519752   -0.0519752  5.16955e-10    0.0431964   -0.0298726
   0.0290039     0.821358     0.820393     0.817365     0.816141      0.80789     0.759726     0.820263     0.815907     0.878558     0.790488     0.818032     0.816791     0.822269     0.745471     0.690786     0.728064     0.772172      0.79414     0.805229     0.801273    0.0154867   -0.0681253   -0.0681253   -0.0538951  -0.00394509    0.0321976    0.0552954    0.0818196    0.0799732    0.0649987   -0.0506083   -0.0561625   -0.0554424   -0.0529958    -0.046946    0.0102523    0.0622738     0.075583    0.0658996    0.0386321  0.000824116    -0.048889    -0.048889 -1.67061e-10    0.0300009   -0.0298093
    0.029238     0.821752     0.820318     0.817191      0.81584     0.807357     0.763939     0.821241     0.824927     0.790488     0.927573       0.7603     0.814241     0.824951     0.747376     0.688252     0.726638     0.771283     0.793692     0.804951     0.801026    0.0158426   -0.0693306   -0.0693306   -0.0541189  -0.00388813    0.0318359    0.0541763    0.0708943    0.0289434    0.0149545    0.0286017   -0.0382421   -0.0474697   -0.0493364   -0.0456118    0.0131954    0.0648735    0.0774366    0.0663948    0.0380244 -0.000488909   -0.0505148   -0.0505148 -7.70844e-11    0.0358954   -0.0295393
   0.0303544     0.822041       0.8192     0.815784     0.814285     0.805092     0.757872     0.823703     0.823814     0.818032       0.7603     0.986217      0.73191     0.819796     0.765328     0.692808     0.725046     0.768841     0.791256     0.803017     0.799355    0.0167088   -0.0732014   -0.0732014   -0.0552116  -0.00461088     0.029815    0.0528504    0.0715811    0.0283275    0.0102959    0.0195545    0.0256509   -0.0278494   -0.0450332   -0.0567782  -0.00397585    0.0540845    0.0718683    0.0633913    0.0353867  -0.00398893   -0.0546187   -0.0546187 -8.81733e-11    0.0529242   -0.0281515
   0.0325568     0.822636     0.817286     0.813354     0.811657     0.801298     0.744233     0.826487     0.822133     0.816791     0.814241      0.73191      1.05229     0.716928     0.765499     0.712423     0.726665     0.764874     0.786595      0.79919      0.79632     0.017982   -0.0815479   -0.0815479    -0.058641   -0.0074792    0.0246419    0.0494691    0.0786715    0.0610062    0.0358118    0.0432396    0.0505062    0.0545904   -0.0184988   -0.0709886   -0.0646367   0.00760805    0.0430055    0.0489215    0.0280827   -0.0102189   -0.0620826   -0.0620826 -1.82407e-10     0.083077    -0.024335
   0.0352211     0.830217     0.822382     0.817915     0.816084     0.804607     0.733825     0.834348     0.827454     0.822269     0.824951     0.819796     0.716928      1.20607     0.445197     0.727525     0.740508     0.765261     0.786552     0.800937     0.799872    0.0187105   -0.0934366   -0.0934366   -0.0655821   -0.0135161    0.0166252    0.0440125    0.0917223     0.131386    0.0989741     0.107648     0.114286     0.123311     0.132167   -0.0984693    -0.236507    -0.119238   -0.0238493    0.0229411     0.021098   -0.0147084   -0.0703592   -0.0703592 -2.98893e-10     0.112859   -0.0179003
   0.0216985     0.726693     0.741242     0.741778     0.742692     0.743757     0.720591     0.689637     0.740167     0.745471     0.747376     0.765328     0.765499     0.445197      2.80624     0.274489     0.721663     0.714532      0.71093     0.723594     0.727177   0.00382538   -0.0602417   -0.0602417   -0.0780543   -0.0382462   0.00712599    0.0228942    0.0742166     0.290253     0.322094      0.33635     0.344075     0.354693     0.388937      0.51995      -1.2392    -0.831799    -0.333789   -0.0454598    0.0523027    0.0377586   -0.0202657   -0.0202657  8.63979e-10    -0.161202   0.00089528
   0.0175516     0.668558     0.689061     0.691036      0.69225     0.696258     0.708236     0.631321     0.687323     0.690786     0.688252     0.692808     0.712423     0.727525     0.274489      4.28893    -0.191619      0.63309     0.670491     0.671474     0.676303  -0.00261139   -0.0504571   -0.0504571   -0.0805314    -0.045049   0.00269484    0.0106286    0.0160154    0.0933526      0.14302     0.152536     0.157169     0.160146     0.169565     0.265914      1.12271     -1.06394    -0.726203     -0.27801   -0.0265147    0.0363424   0.00117516   0.00117516 -3.75535e-10    -0.233379   0.00843954
   0.0186697      0.71715     0.729143     0.729176     0.729257     0.728245     0.726827      0.69812     0.729969     0.728064     0.726638     0.725046     0.726665     0.740508     0.721663    -0.191619      4.16353    -0.223962     0.664117     0.706217     0.711702  -0.00315575   -0.0544483   -0.0544483   -0.0669767   -0.0258634    0.0169325    0.0287608    0.0212759   -0.0167032   0.00823001    0.0140342    0.0172433    0.0193666    0.0216313    0.0427408     0.414743     0.998079    -0.779898     -0.48465    -0.134505   0.00695937   0.00177621   0.00177621 -4.03707e-10     -0.12867  -0.00925362
   0.0192594     0.767644     0.774779     0.773621     0.773064     0.769027     0.757363     0.758158     0.777075     0.772172     0.771283     0.768841     0.764874     0.765261     0.714532      0.63309    -0.223962      3.32465     0.051968     0.730085     0.754965  -0.00162053   -0.0557366   -0.0557366    -0.057948   -0.0122865    0.0288378    0.0438597    0.0327196   -0.0590975   -0.0486299   -0.0443752   -0.0419486   -0.0403188   -0.0396111   -0.0397954    0.0793649     0.473769     0.925608    -0.690682    -0.332094    -0.068021  -0.00421361  -0.00421361 -5.69647e-10   -0.0685068   -0.0230874
   0.0220796     0.794277     0.797118     0.794976     0.793956      0.78756     0.763312     0.791071     0.800453      0.79414     0.793692     0.791256     0.786595     0.786552      0.71093     0.670491     0.664117     0.051968      2.51299      0.29992     0.773682     0.012113   -0.0611612   -0.0611612   -0.0545774  -0.00631732    0.0322442    0.0502964    0.0455125   -0.0524622   -0.0544373   -0.0503001   -0.0477579   -0.0457362   -0.0445762   -0.0487755   -0.0200768     0.111843     0.383255     0.845467    -0.573785    -0.249927   -0.0536344   -0.0536344 -6.37588e-10   -0.0159936   -0.0283147
   0.0237368     0.807133     0.808167     0.805605     0.804411     0.797047     0.766342     0.806012     0.811895     0.805229     0.804951     0.803017      0.79919     0.800937     0.723594     0.671474     0.706217     0.730085      0.29992      1.84288     0.535344    0.0395579   -0.0636504   -0.0636504   -0.0533629  -0.00399502    0.0335381    0.0531186    0.0534729   -0.0372673   -0.0444812   -0.0400447   -0.0372879   -0.0349302   -0.0328688   -0.0336979  -0.00868745    0.0307348    0.0849181     0.264661     0.682423    -0.445907    -0.154641    -0.154641 -6.65003e-10   0.00607109   -0.0303307
   0.0253416     0.803686     0.804093     0.801414     0.800172     0.792565     0.759636     0.803132     0.807916     0.801273     0.801026     0.799355      0.79632     0.799872     0.727177     0.676303     0.711702     0.754965     0.773682     0.535344      1.34294     0.075281   -0.0655611   -0.0655611   -0.0541149  -0.00495157     0.031736    0.0516653    0.0545722   -0.0293348   -0.0381815   -0.0336245   -0.0307942   -0.0283392   -0.0259296   -0.0243547     0.012788    0.0470542    0.0495722    0.0617263     0.164239     0.498483    -0.285173    -0.285173 -1.06841e-09    0.0135354   -0.0286081
    0.071124    0.0163193    0.0145997    0.0144504     0.013574    0.0122266   0.00843794    0.0207208    0.0162756    0.0154867    0.0158426    0.0167088     0.017982    0.0187105   0.00382538  -0.00261139  -0.00315575  -0.00162053     0.012113    0.0395579     0.075281      15.6035    -0.189154    -0.189154    -0.184555    -0.185478    -0.194756    -0.199175    -0.196401    -0.186234    -0.187266    -0.188794    -0.189681    -0.190228     -0.19045      -0.1901    -0.202007     -0.21521    -0.217692    -0.175964   0.00443835     0.506055      1.47671      1.47671  4.87876e-12    0.0227375     0.193581
     1.15606   -0.0239666     0.166124    0.0332589   -0.0786711    -0.070665   -0.0403023   -0.0912695   -0.0710496   -0.0681253   -0.0693306   -0.0732014   -0.0815479   -0.0934366   -0.0602417   -0.0504571   -0.0544483   -0.0557366   -0.0611612   -0.0636504   -0.0655611    -0.189154      12.9701     -3.02995     -2.74266     -1.42786    -0.855382     0.146722      0.67092     0.648136     0.652674     0.662512     0.668508     0.673172     0.677175     0.678185     0.695624     0.705095     0.706296     0.707417     0.707157     0.707593     0.706489     0.706489 -6.76683e-09    -0.105084    0.0286464
     1.15606   -0.0239666     0.166124    0.0332589   -0.0786711    -0.070665   -0.0403023   -0.0912695   -0.0710496   -0.0681253   -0.0693306   -0.0732014   -0.0815479   -0.0934366   -0.0602417   -0.0504571   -0.0544483   -0.0557366   -0.0611612   -0.0636504   -0.0655611    -0.189154     -3.02995      12.9701     -2.74266     -1.42786    -0.855382     0.146722      0.67092     0.648136     0.652674     0.662512     0.668508     0.673172     0.677175     0.678185     0.695624     0.705095     0.706296     0.707417     0.707157     0.707593     0.706489     0.706489 -6.76683e-09    -0.105084    0.0286464
     1.04802   -0.0982292     0.193576    0.0546558    -0.068592    -0.062544   -0.0530329   -0.0572459   -0.0545807   -0.0538951   -0.0541189   -0.0552116    -0.058641   -0.0655821   -0.0780543   -0.0805314   -0.0669767    -0.057948   -0.0545774   -0.0533629   -0.0541149    -0.184555     -2.74266     -2.74266      13.0874     -1.70345      -1.0592    0.0888409     0.689076     0.666859      0.64946      0.65912     0.665193     0.670638     0.678215     0.697652     0.742159     0.741844     0.727858     0.715159     0.705871     0.699208     0.692853     0.692853  1.63184e-09  -0.00867484    0.0243087
    0.544869   -0.0161946    -0.343055     0.156806   -0.0436105     -0.02153   0.00520518  -0.00281314  -0.00383956  -0.00394509  -0.00388813  -0.00461088   -0.0074792   -0.0135161   -0.0382462    -0.045049   -0.0258634   -0.0122865  -0.00631732  -0.00399502  -0.00495157    -0.185478     -1.42786     -1.42786     -1.70345      12.2754     -2.81128     -0.52668     0.684885     0.698491     0.681068     0.690835     0.697053     0.702753     0.711035     0.733458     0.783521     0.782496     0.765136     0.748789     0.736164     0.726118     0.715821     0.715821  3.83566e-09   0.00829122  -0.00969446
    0.326629    0.0220497    -0.213076     -0.27233    -0.060293    -0.042788    0.0427127    0.0216334     0.031836    0.0321976    0.0318359     0.029815    0.0246419    0.0166252   0.00712599   0.00269484    0.0169325    0.0288378    0.0322442    0.0335381     0.031736    -0.194756    -0.855382    -0.855382      -1.0592     -2.81128      11.7136     -1.79344      0.41671     0.713592     0.702689     0.713033     0.719541     0.725192     0.732315     0.747728     0.790664     0.796448     0.785641     0.774174      0.76359     0.754283     0.743123     0.743123  1.80124e-09   -0.0316717    -0.034069
   -0.047493    0.0520423   -0.0349256   -0.0687703     0.263725    -0.350993   -0.0578771    0.0232885    0.0531077    0.0552954    0.0541763    0.0528504    0.0494691    0.0440125    0.0228942    0.0106286    0.0287608    0.0438597    0.0502964    0.0531186    0.0516653    -0.199175     0.146722     0.146722    0.0888409     -0.52668     -1.79344      8.71057     -1.64308     0.664763     0.671626      0.68292     0.689746     0.695797     0.704225     0.726519     0.789006     0.802317     0.793837     0.781268     0.768255     0.755725     0.741387     0.741387  3.49635e-09  -0.00390787   -0.0311499
   -0.252526    0.0681401    0.0562431    0.0488091    0.0640536     0.702812     -1.02562   -0.0824062    0.0584698    0.0818196    0.0708943    0.0715811    0.0786715    0.0917223    0.0742166    0.0160154    0.0212759    0.0327196    0.0455125    0.0534729    0.0545722    -0.196401      0.67092      0.67092     0.689076     0.684885      0.41671     -1.64308      6.53362      0.20367      0.30959     0.327096     0.334537     0.340791     0.352352     0.401821     0.594926     0.705529     0.762727     0.778441     0.770182     0.750363     0.727817     0.727817  4.20338e-09    0.0790092   -0.0304759
   -0.252266   -0.0153862   -0.0225685    -0.024646   -0.0271563   -0.0220899     0.326234    -0.260495   -0.0199553    0.0799732    0.0289434    0.0283275    0.0610062     0.131386     0.290253    0.0933526   -0.0167032   -0.0590975   -0.0524622   -0.0372673   -0.0293348    -0.186234     0.648136     0.648136     0.666859     0.698491     0.713592     0.664763      0.20367      14.5904     -1.16811     -1.12744     -1.11848     -1.11458     -1.10326     -1.00898    -0.390806     0.140157     0.513029     0.691096     0.735419     0.713854     0.680754     0.680754  2.58353e-09    0.0818194    0.0294488
   -0.256258   -0.0401071   -0.0351817   -0.0344371   -0.0376072    -0.044646     0.116785    0.0274932   -0.0235334    0.0649987    0.0149545    0.0102959    0.0358118    0.0989741     0.322094      0.14302   0.00823001   -0.0486299   -0.0544373   -0.0444812   -0.0381815    -0.187266     0.652674     0.652674      0.64946     0.681068     0.702689     0.671626      0.30959     -1.16811      14.8266     -1.13402     -1.12538     -1.12269     -1.11663     -1.04935    -0.472607    0.0708954     0.464599     0.662004      0.71907     0.707595        0.682        0.682 -4.78578e-10   -0.0561972    0.0524491
   -0.258257   -0.0355919   -0.0305975   -0.0298652   -0.0329528   -0.0399618     0.117854    0.0318789   -0.0243197   -0.0506083    0.0286017    0.0195545    0.0432396     0.107648      0.33635     0.152536    0.0140342   -0.0443752   -0.0503001   -0.0400447   -0.0336245    -0.188794     0.662512     0.662512      0.65912     0.690835     0.713033      0.68292     0.327096     -1.12744     -1.13402       14.834     -1.16336     -1.16176     -1.15585     -1.08692    -0.494804    0.0638497     0.468961     0.672295      0.73122     0.719316     0.692135     0.692135  -4.8469e-10    -0.057072    0.0419792
   -0.259545   -0.0326912   -0.0277402   -0.0270338    -0.030104   -0.0371375     0.120122    0.0348022    -0.021936   -0.0561625   -0.0382421    0.0256509    0.0505062     0.114286     0.344075     0.157169    0.0172433   -0.0419486   -0.0477579   -0.0372879   -0.0307942    -0.189681     0.668508     0.668508     0.665193     0.697053     0.719541     0.689746     0.334537     -1.11848     -1.12538     -1.16336      14.8184     -1.18444     -1.17974     -1.10952    -0.506816    0.0607645      0.47259     0.679127     0.738893     0.726562     0.698086     0.698086 -4.70038e-10   -0.0565059    0.0353865
   -0.260476   -0.0297009   -0.0251453    -0.024537   -0.0276361   -0.0348788     0.121352     0.038444   -0.0193456   -0.0554424   -0.0474697   -0.0278494    0.0545904     0.123311     0.354693     0.160146    0.0193666   -0.0403188   -0.0457362   -0.0349302   -0.0283392    -0.190228     0.673172     0.673172     0.670638     0.702753     0.725192     0.695797     0.340791     -1.11458     -1.12269     -1.16176     -1.18444      14.7986      -1.2022     -1.13335     -0.51837    0.0586309     0.477156     0.686018     0.745745     0.732397      0.70244      0.70244  -4.5217e-10   -0.0516542    0.0295171
   -0.261109   -0.0247817   -0.0220398   -0.0218313   -0.0250885   -0.0332404     0.117699    0.0458629   -0.0158959   -0.0529958   -0.0493364   -0.0450332   -0.0184988     0.132167     0.388937     0.169565    0.0216313   -0.0396111   -0.0445762   -0.0328688   -0.0259296     -0.19045     0.677175     0.677175     0.678215     0.711035     0.732315     0.704225     0.352352     -1.10326     -1.11663     -1.15585     -1.17974      -1.2022       14.773     -1.17615    -0.549843    0.0467081      0.47977     0.694214     0.754046     0.738364     0.705819     0.705819 -4.46784e-10   -0.0296404    0.0214853
   -0.260578  -0.00977548     -0.01642    -0.018223   -0.0222419   -0.0349223    0.0841173    0.0713832  -0.00859198    -0.046946   -0.0456118   -0.0567782   -0.0709886   -0.0984693      0.51995     0.265914    0.0427408   -0.0397954   -0.0487755   -0.0336979   -0.0243547      -0.1901     0.678185     0.678185     0.697652     0.733458     0.747728     0.726519     0.401821     -1.00898     -1.04935     -1.08692     -1.10952     -1.13335     -1.17615      14.6962    -0.787689    -0.101525     0.418468     0.687056     0.766563     0.748465     0.707366     0.707366 -6.42033e-10    0.0837298    0.0012233
   -0.265896    0.0527318    0.0322257    0.0272703    0.0230407   0.00464559    0.0338178     0.128419    0.0405375    0.0102523    0.0131954  -0.00397585   -0.0646367    -0.236507      -1.2392      1.12271     0.414743    0.0793649   -0.0200768  -0.00868745     0.012788    -0.202007     0.695624     0.695624     0.742159     0.783521     0.790664     0.789006     0.594926    -0.390806    -0.472607    -0.494804    -0.506816     -0.51837    -0.549843    -0.787689      13.1927     -1.67234    -0.430102     0.402635     0.764883     0.816026     0.754452     0.754452 -1.54476e-09     0.249086   -0.0507417
   -0.268281    0.0906866    0.0750571    0.0709545    0.0682139    0.0534114    0.0468514     0.135184    0.0800919    0.0622738    0.0648735    0.0540845   0.00760805    -0.119238    -0.831799     -1.06394     0.998079     0.473769     0.111843    0.0307348    0.0470542     -0.21521     0.705095     0.705095     0.741844     0.782496     0.796448     0.802317     0.705529     0.140157    0.0708954    0.0638497    0.0607645    0.0586309    0.0467081    -0.101525     -1.67234      12.4133      -2.3479    -0.717563      0.35187     0.764579     0.806076     0.806076 -8.16779e-10     0.187703   -0.0563186
   -0.268219    0.0892058    0.0810519    0.0785006    0.0772373    0.0672476    0.0461885     0.105214     0.082814     0.075583    0.0774366    0.0718683    0.0430055   -0.0238493    -0.333789    -0.726203    -0.779898     0.925608     0.383255    0.0849181    0.0495722    -0.217692     0.706296     0.706296     0.727858     0.765136     0.785641     0.793837     0.762727     0.513029     0.464599     0.468961      0.47259     0.477156      0.47977     0.418468    -0.430102      -2.3479      11.6129     -2.71703    -0.721058     0.434716     0.816257     0.816257 -1.06952e-10    0.0949623   -0.0435978
   -0.268668    0.0688194    0.0674442    0.0663729    0.0661626     0.060254     0.040959    0.0661828    0.0668706    0.0658996    0.0663948    0.0633913    0.0489215    0.0229411   -0.0454598     -0.27801     -0.48465    -0.690682     0.845467     0.264661    0.0617263    -0.175964     0.707417     0.707417     0.715159     0.748789     0.774174     0.781268     0.778441     0.691096     0.662004     0.672295     0.679127     0.686018     0.694214     0.687056     0.402635    -0.717563     -2.71703      11.0544     -2.78836    -0.520544     0.660332     0.660332  3.53554e-10    0.0114102    -0.029859
   -0.268822    0.0357791    0.0387377    0.0386874     0.039041     0.035734    0.0244193    0.0242931     0.036895    0.0386321    0.0380244    0.0353867    0.0280827     0.021098    0.0523027   -0.0265147    -0.134505    -0.332094    -0.573785     0.682423     0.164239   0.00443835     0.707157     0.707157     0.705871     0.736164      0.76359     0.768255     0.770182     0.735419      0.71907      0.73122     0.738893     0.745745     0.754046     0.766563     0.764883      0.35187    -0.721058     -2.78836      10.6864     -2.59385   -0.0144361   -0.0144361  4.71988e-10   -0.0420301   -0.0177453
   -0.269014  -0.00553996  0.000746896   0.00153875   0.00223949  0.000927531   0.00135029   -0.0213034  -0.00191342  0.000824116 -0.000488909  -0.00398893   -0.0102189   -0.0147084    0.0377586    0.0363424   0.00695937    -0.068021    -0.249927    -0.445907     0.498483     0.506055     0.707593     0.707593     0.699208     0.726118     0.754283     0.755725     0.750363     0.713854     0.707595     0.719316     0.726562     0.732397     0.738364     0.748465     0.816026     0.764579     0.434716    -0.520544     -2.59385      10.7061     -1.88947     -1.88947  8.82173e-11   -0.0830846  -0.00726184
   -0.266861    -0.057283   -0.0486909   -0.0472312   -0.0463035   -0.0460408   -0.0350216   -0.0752225   -0.0519752    -0.048889   -0.0505148   -0.0546187   -0.0620826   -0.0703592   -0.0202657   0.00117516   0.00177621  -0.00421361   -0.0536344    -0.154641    -0.285173      1.47671     0.706489     0.706489     0.692853     0.715821     0.743123     0.741387     0.727817     0.680754        0.682     0.692135     0.698086      0.70244     0.705819     0.707366     0.754452     0.806076     0.816257     0.660332   -0.0144361     -1.88947      10.4948     -5.50525 -5.31121e-10    -0.111895   0.00521618
   -0.266861    -0.057283   -0.0486909   -0.0472312   -0.0463035   -0.0460408   -0.0350216   -0.0752225   -0.0519752    -0.048889   -0.0505148   -0.0546187   -0.0620826   -0.0703592   -0.0202657   0.00117516   0.00177621  -0.00421361   -0.0536344    -0.154641    -0.285173      1.47671     0.706489     0.706489     0.692853     0.715821     0.743123     0.741387     0.727817     0.680754        0.682     0.692135     0.698086      0.70244     0.705819     0.707366     0.754452     0.806076     0.816257     0.660332   -0.0144361     -1.88947     -5.50525      10.4948 -5.31121e-10    -0.111895   0.00521618
 2.33677e-09  4.25728e-09  1.51832e-10 -6.99921e-10 -8.66515e-10 -1.38886e-09 -4.17354e-09  2.15987e-09  5.16955e-10 -1.67061e-10 -7.70844e-11 -8.81733e-11 -1.82407e-10 -2.98893e-10  8.63979e-10 -3.75535e-10 -4.03707e-10 -5.69647e-10 -6.37588e-10 -6.65003e-10 -1.06841e-09  4.87876e-12 -6.76683e-09 -6.76683e-09  1.63184e-09  3.83566e-09  1.80124e-09  3.49635e-09  4.20338e-09  2.58353e-09 -4.78578e-10  -4.8469e-10 -4.70038e-10  -4.5217e-10 -4.46784e-10 -6.42033e-10 -1.54476e-09 -8.16779e-10 -1.06952e-10  3.53554e-10  4.71988e-10  8.82173e-11 -5.31121e-10 -5.31121e-10         2.25 -7.61006e-09  2.21681e-10
   0.0296509    0.0809758    0.0325235    0.0222552    0.0173467  -0.00731004    -0.145895     0.149323    0.0431964    0.0300009    0.0358954    0.0529242     0.083077     0.112859    -0.161202    -0.233379     -0.12867   -0.0685068   -0.0159936   0.00607109    0.0135354    0.0227375    -0.105084    -0.105084  -0.00867484   0.00829122   -0.0316717  -0.00390787    0.0790092    0.0818194   -0.0561972    -0.057072   -0.0565059   -0.0516542   -0.0296404    0.0837298     0.249086     0.187703    0.0949623    0.0114102   -0.0420301   -0.0830846    -0.111895    -0.111895 -7.61006e-09     0.587358   0.00799209
      0.2662     -0.03072   -0.0310838   -0.0312127   -0.0319352   -0.0278006   -0.0135907    -0.025349   -0.0298726   -0.0298093   -0.0295393   -0.0281515    -0.024335   -0.0179003   0.00089528   0.00843954  -0.00925362   -0.0230874   -0.0283147   -0.0303307   -0.0286081     0.193581    0.0286464    0.0286464    0.0243087  -0.00969446    -0.034069   -0.0311499   -0.0304759    0.0294488    0.0524491    0.0419792    0.0353865    0.0295171    0.0214853    0.0012233   -0.0507417   -0.0563186   -0.0435978    -0.029859   -0.0177453  -0.00726184   0.00521618   0.00521618  2.21681e-10   0.00799209     0.014976
* row and column names
in_inst:0_usecol:1_direct_idx0:18.75
in_inst:0_usecol:1_direct_idx0:21.25
in_inst:0_usecol:1_direct_idx0:23.75
in_inst:0_usecol:1_direct_idx0:26.25
in_inst:0_usecol:1_direct_idx0:28.75
in_inst:0_usecol:1_direct_idx0:31.25
in_inst:0_usecol:1_direct_idx0:33.75
in_inst:0_usecol:1_direct_idx0:36.25
in_inst:0_usecol:1_direct_idx0:38.75
in_inst:0_usecol:1_direct_idx0:41.25
in_inst:0_usecol:1_direct_idx0:43.75
in_inst:0_usecol:1_direct_idx0:46.25
in_inst:0_usecol:1_direct_idx0:48.75
in_inst:0_usecol:1_direct_idx0:51.25
in_inst:0_usecol:1_direct_idx0:53.75
in_inst:0_usecol:1_direct_idx0:56.25
in_inst:0_usecol:1_direct_idx0:58.75
in_inst:0_usecol:1_direct_idx0:61.25
in_inst:0_usecol:1_direct_idx0:63.75
in_inst:0_usecol:1_direct_idx0:66.25
in_inst:0_usecol:1_direct_idx0:68.75
in_inst:0_usecol:1_direct_idx0:71.25
out_inst:0_usecol:2_direct_idx0:18.75
out_inst:0_usecol:2_direct_idx0:21.25
out_inst:0_usecol:2_direct_idx0:23.75
out_inst:0_usecol:2_direct_idx0:26.25
out_inst:0_usecol:2_direct_idx0:28.75
out_inst:0_usecol:2_direct_idx0:31.25
out_inst:0_usecol:2_direct_idx0:33.75
out_inst:0_usecol:2_direct_idx0:36.25
out_inst:0_usecol:2_direct_idx0:38.75
out_inst:0_usecol:2_direct_idx0:41.25
out_inst:0_usecol:2_direct_idx0:43.75
out_inst:0_usecol:2_direct_idx0:46.25
out_inst:0_usecol:2_direct_idx0:48.75
out_inst:0_usecol:2_direct_idx0:51.25
out_inst:0_usecol:2_direct_idx0:53.75
out_inst:0_usecol:2_direct_idx0:56.25
out_inst:0_usecol:2_direct_idx0:58.75
out_inst:0_usecol:2_direct_idx0:61.25
out_inst:0_usecol:2_direct_idx0:63.75
out_inst:0_usecol:2_direct_idx0:66.25
out_inst:0_usecol:2_direct_idx0:68.75
out_inst:0_usecol:2_direct_idx0:71.25
p_inst:0_usecol:1_direct_idx0:diffusioncoefficient
p_inst:0_usecol:1_direct_idx0:dispersivity
tot_inst:0_usecol:1_direct
