    47    47     1
     8.11776     0.697276     0.323179     0.298159     0.338074     0.404979      0.43014     0.358854     0.354334     0.362548     0.353539     0.353486     0.353228      0.32743     0.276599     0.341101     0.351277     0.354257     0.360042     0.357195     0.307526     0.409106      6.29324     0.493098   -0.0132201    -0.128933    -0.118725    -0.163865    -0.187647    -0.220172    -0.433911     -0.49711    -0.461142     -0.42209    -0.427377    -0.409157    -0.412905    -0.420904    -0.548592     -0.43541    -0.364552    -0.319493     -0.36983    -0.419972 -1.43598e-05   -0.0644697    0.0989253
    0.697276     0.938956     0.652316     0.743858      0.72742     0.736838     0.595533     0.828193     0.739593     0.759811     0.766668     0.771801     0.769301     0.691573      0.54053     0.669759       0.7672     0.767849     0.760724     0.739766     0.720067     0.697538    -0.246033    -0.262353     0.112264     0.120609     0.118552    0.0690396  -0.00587575    0.0607507    0.0418999    0.0249582  0.000461476    0.0214014    0.0569249    0.0306545   -0.0452126     0.115792   -0.0140884   0.00353605    0.0154937    0.0166801    0.0310659    -0.247552  2.27833e-06    0.0716476   0.00167394
    0.323179     0.652316      1.13553     0.547607     0.785695     0.769114     0.650609     0.820402     0.757232     0.770963     0.776086     0.781001     0.778977     0.701358     0.544908     0.672874     0.776572     0.778368     0.771075      0.74992     0.731907     0.705614    -0.357217     0.511948    -0.387811  -0.00884103  -0.00355661   -0.0225952   -0.0569982    0.0378881    0.0336225     0.035704    0.0246295    0.0434709     0.072299    0.0556131   -0.0153461     0.154124   0.00707762    0.0178304     0.027472    0.0272674    0.0421719    -0.242866  4.06548e-07    0.0446989  -0.00752448
    0.298159     0.743858     0.547607      1.39417      0.44655     0.811244     0.741824     0.778413     0.764284      0.76581     0.767158      0.77146     0.770265     0.695511     0.536419     0.659678     0.767676     0.771343     0.764626     0.744269     0.726812     0.702689    -0.358331     0.426395     0.458497    -0.239423    -0.168621    -0.189279    -0.157654   -0.0209302   -0.0162904     0.015801    0.0320448    0.0499232    0.0649385    0.0656504    0.0069486     0.178789   0.00466332    0.0112257    0.0213526     0.021842     0.033289    -0.248352  1.28664e-07  -0.00656388   -0.0130112
    0.338074      0.72742     0.785695      0.44655      1.59443     0.444724     0.898096     0.715121     0.768603     0.754613     0.749396     0.752559     0.752877     0.683764     0.521424     0.635611      0.75006     0.756635     0.750997     0.732146     0.715401     0.695816     -0.33491     0.145687     0.293633     0.253848     0.165753    -0.268835    -0.297639    -0.104959    -0.090817   -0.0168513    0.0406737    0.0558112    0.0483933    0.0798565    0.0422274     0.215929  -0.00354987  -0.00264745   0.00874311    0.0106674    0.0156892    -0.258827   2.3019e-07   -0.0944174   -0.0198989
    0.404979     0.736838     0.769114     0.811244     0.444724      1.61228     0.449954       0.6894     0.783305     0.760963     0.749645     0.750865     0.752613     0.689707     0.523606     0.628347     0.749188     0.757934     0.753523     0.736021     0.718346     0.706001     -0.32687     -0.13966   -0.0417859    0.0404589    0.0207011     0.778514   -0.0877273    -0.154656    -0.148533   -0.0492111    0.0360961     0.044391    0.0176657    0.0829445    0.0647493     0.238015   -0.0288787   -0.0278995   -0.0130893  -0.00855147   -0.0116045    -0.283131  5.11948e-07     -0.18264    -0.021229
     0.43014     0.595533     0.650609     0.741824     0.898096     0.449954      3.28225     0.196608      0.88646     0.660114     0.638324      0.62919     0.632147     0.596325     0.432243     0.504857     0.622479     0.641199     0.642173     0.632084     0.610612     0.634013    -0.341982   -0.0644871     0.130582     0.329126     0.271805     0.259146      1.77665     -0.62769    -0.629292     -0.28053  -0.00839578  -0.00259439    -0.120761     0.031949    0.0877581     0.231735    -0.149082    -0.150254    -0.121002     -0.10411    -0.136471    -0.344693  2.09954e-07    -0.442126   -0.0591512
    0.358854     0.828193     0.820402     0.778413     0.715121       0.6894     0.196608      1.22439     0.466274     0.808964     0.797989     0.815486     0.816857     0.727337     0.579866     0.710219     0.824868     0.821714     0.812141     0.788353     0.775181     0.728342    -0.291713    -0.188021     -0.22536    -0.271339    -0.247465    -0.277242    -0.304523     0.153669     0.360847     0.245736     0.118723     0.104219     0.159122     0.122374    0.0264277     0.214722    0.0876889    0.0951924    0.0950006     0.086974     0.113846    -0.202013  8.54862e-07     0.105114       0.0306
    0.354334     0.739593     0.757232     0.764284     0.768603     0.783305      0.88646     0.466274      1.43298     0.535315     0.753892     0.749375     0.749004      0.66982     0.520067      0.65339     0.749109     0.753224     0.746914     0.726895     0.706259      0.69001    -0.338963    0.0109283    0.0860329     0.126749     0.121375     0.118863     0.062584     0.331302    -0.375106    0.0472153 -0.000531213   0.00844564    0.0351646    0.0175556   -0.0467507     0.112218   -0.0327297    -0.020276  -0.00580405  -0.00217985   0.00799653    -0.260018   4.7249e-07    0.0344134   -0.0177673
    0.362548     0.759811     0.770963      0.76581     0.754613     0.760963     0.660114     0.808964     0.535315      1.24949     0.672314      0.77598     0.769327     0.693485     0.530889     0.660511      0.76506     0.768371     0.761459     0.740774     0.722335     0.699287    -0.324283   -0.0691133   -0.0259845  -0.00495483  -0.00412798   -0.0251313   -0.0643538     0.211215     0.676458    -0.348965   -0.0941213    0.0036639    0.0613419    0.0473229   -0.0158707     0.154776  -0.00338607   0.00554953      0.01659    0.0176287    0.0306103    -0.248494  5.91614e-07    0.0262277  0.000736708
    0.353539     0.766668     0.776086     0.767158     0.749396     0.749645     0.638324     0.797989     0.753892     0.672314      1.10528     0.719419     0.772411     0.689354     0.532387     0.666877      0.77145     0.773722     0.766261     0.744908     0.726891     0.700452    -0.321839   -0.0521281    -0.013123 -0.000469865   0.00335465  -0.00718376    -0.048317     0.081261     0.196133     0.240715    -0.140102   -0.0719454    0.0684156    0.0508275   -0.0220995     0.151523   0.00777361    0.0170199     0.026629    0.0264958    0.0427505    -0.240077  5.96575e-07    0.0581926   0.00254013
    0.353486     0.771801     0.781001      0.77146     0.752559     0.750865      0.62919     0.815486     0.749375      0.77598     0.719419      1.01254     0.729292     0.671225     0.527346     0.670375      0.77618     0.778598     0.770974      0.74932     0.731142     0.704313     -0.32385   -0.0471378   -0.0081404   0.00323365   0.00754777  -0.00035053   -0.0387239    0.0790445     0.158477      0.15973    0.0435044    -0.156098    0.0672928    0.0490266   -0.0270116     0.151072   0.00825189    0.0170947    0.0267321       0.0266    0.0437442    -0.240593  6.00752e-07    0.0666071    0.0013896
    0.353228     0.769301     0.778977     0.770265     0.752877     0.752613     0.632147     0.816857     0.749004     0.769327     0.772411     0.729292       1.0704     0.577895     0.518049     0.669577     0.775054     0.776633     0.769124     0.747745     0.730006     0.702509    -0.321496   -0.0504807   -0.0103794   0.00305095   0.00642783  -0.00577165   -0.0457436    0.0662922      0.13151     0.156859     0.107299    0.0371868    -0.185499    0.0673653   -0.0226201     0.154992    0.0111103    0.0214994     0.030641    0.0300557     0.046372    -0.238798  5.99097e-07     0.056445   0.00556965
     0.32743     0.691573     0.701358     0.695511     0.683764     0.689707     0.596325     0.727337      0.66982     0.693485     0.689354     0.671225     0.577895      2.54937     0.256586     0.640868     0.710526     0.699974     0.694344     0.677336     0.661703     0.634758    -0.290159   -0.0701779   -0.0336066   -0.0162863   -0.0149995   -0.0357997    -0.074111    0.0496834      0.17675     0.251107     0.195961   -0.0424576    -0.217216   -0.0596631   -0.0302351    0.0913774   0.00926927    0.0492615    0.0556389    0.0519647    0.0580603    -0.209954  4.92758e-07    0.0187755    0.0243872
    0.276599      0.54053     0.544908     0.536419     0.521424     0.523606     0.432243     0.579866     0.520067     0.530889     0.532387     0.527346     0.518049     0.256586      5.06853     0.664652     0.626603     0.548291     0.548857     0.546175     0.529799     0.504843    -0.250028   -0.0976371   -0.0855989   -0.0827646   -0.0740941   -0.0675799   -0.0718328   -0.0452249   -0.0402475    0.0197494    0.0782672    0.0801069   -0.0243305    -0.381953     0.454634    -0.343665   -0.0213929     0.190686     0.186932     0.167536     0.133517    -0.116881  1.02959e-06    0.0333487   0.00800854
    0.341101     0.669759     0.672874     0.659678     0.635611     0.628347     0.504857     0.710219      0.65339     0.660511     0.666877     0.670375     0.669577     0.640868     0.664652      1.66042     0.739463     0.678254     0.676244     0.670206     0.661294     0.576013    -0.324038   -0.0907329   -0.0775155   -0.0826903   -0.0666351   -0.0351107   -0.0335627 -0.000345119   -0.0604647   -0.0756708   -0.0552042 -0.000668763    -0.025474   -0.0781396   -0.0561838    -0.283111    -0.113668     0.200322     0.209122     0.191618     0.162291    -0.256869 -4.38537e-06     0.102906  -0.00297736
    0.351277       0.7672     0.776572     0.767676      0.75006     0.749188     0.622479     0.824868     0.749109      0.76506      0.77145      0.77618     0.775054     0.710526     0.626603     0.739463      1.05743     0.714391     0.773381     0.746307     0.723034     0.718807    -0.319381   -0.0482731  -0.00852036   0.00434688   0.00820887  -0.00318312   -0.0431337    0.0389466    0.0407888    0.0497613    0.0404215    0.0591593    0.0733593    0.0512678    0.0109101     -0.22894     0.663086    0.0033965    0.0277169    0.0263631    0.0388161     -0.19834 -1.06741e-06     0.057325  -0.00547795
    0.354257     0.767849     0.778368     0.771343     0.756635     0.757934     0.641199     0.821714     0.753224     0.768371     0.773722     0.778598     0.776633     0.699974     0.548291     0.678254     0.714391      1.03085     0.670708     0.736868     0.712169     0.692989    -0.321163   -0.0491951  -0.00600769    0.0109651    0.0129758   -0.0034681   -0.0468052    0.0445632    0.0420209    0.0432878    0.0302807    0.0481845    0.0765416    0.0595542   -0.0098502     0.136118    0.0342118     0.512978     -0.12269    -0.107979   -0.0679291    -0.323633  4.02438e-07    0.0461416  -0.00719258
    0.360042     0.760724     0.771075     0.764626     0.750997     0.753523     0.642173     0.812141     0.746914     0.761459     0.766261     0.770974     0.769124     0.694344     0.548857     0.676244     0.773381     0.670708      1.07537      0.63557     0.741954     0.703904    -0.325803   -0.0615323   -0.0203792  -0.00303326 -0.000322513   -0.0150493   -0.0550658    0.0339703    0.0248164    0.0252383    0.0151701    0.0342113    0.0602223    0.0445571    -0.020957    0.0969147    -0.158249   -0.0791425     0.323308     0.113362     0.140692    -0.190079  2.82697e-07    0.0415515   -0.0069084
    0.357195     0.739766      0.74992     0.744269     0.732146     0.736021     0.632084     0.788353     0.726895     0.740774     0.744908      0.74932     0.747745     0.677336     0.546175     0.670206     0.746307     0.736868      0.63557      1.28093     0.754447     0.679347    -0.322136   -0.0702655   -0.0310669   -0.0131872   -0.0102509   -0.0244958   -0.0618462    0.0240997    0.0111549    0.0124194   0.00594726    0.0251688    0.0467588    0.0333698   -0.0243747    0.0341736    -0.352522    -0.254487    -0.215814    -0.068561     0.898979     0.343664  1.37144e-07    0.0344965  -0.00588841
    0.307526     0.720067     0.731907     0.726812     0.715401     0.718346     0.610612     0.775181     0.706259     0.722335     0.726891     0.731142     0.730006     0.661703     0.529799     0.661294     0.723034     0.712169     0.741954     0.754447      2.69801     -0.53514    -0.274876    -0.014277    0.0365085    0.0583372    0.0548641    0.0220201   -0.0351251    0.0642683    0.0894609     0.103136    0.0911328     0.100302     0.120716     0.112777    0.0585281     0.106216    -0.205217    -0.155488    -0.160163    -0.139118    -0.361956     0.317661  4.10518e-08    0.0250297  -0.00907384
    0.409106     0.697538     0.705614     0.702689     0.695816     0.706001     0.634013     0.728342      0.69001     0.699287     0.700452     0.704313     0.702509     0.634758     0.504843     0.576013     0.718807     0.692989     0.703904     0.679347     -0.53514      3.27608    -0.367456    -0.164927    -0.144106    -0.127296    -0.116971    -0.110178    -0.117396   -0.0513898    -0.123045    -0.138204    -0.131061    -0.101014   -0.0811863   -0.0908221    -0.151774    0.0215567    -0.418477    -0.266283    -0.213028    -0.183136    -0.861839      3.93185  8.40487e-08    0.0184019   0.00605966
     6.29324    -0.246033    -0.357217    -0.358331     -0.33491     -0.32687    -0.341982    -0.291713    -0.338963    -0.324283    -0.321839     -0.32385    -0.321496    -0.290159    -0.250028    -0.324038    -0.319381    -0.321163    -0.325803    -0.322136    -0.274876    -0.367456      6.81329      0.62907     0.584164     0.578479     0.519173     0.355523      0.20903     0.245748     0.449746     0.496175     0.456307     0.397813     0.392644     0.420431     0.441509     0.453697     0.515903     0.407227      0.34089     0.299036     0.339173     0.380717 -1.96221e-05    -0.044268    0.0837423
    0.493098    -0.262353     0.511948     0.426395     0.145687     -0.13966   -0.0644871    -0.188021    0.0109283   -0.0691133   -0.0521281   -0.0471378   -0.0504807   -0.0701779   -0.0976371   -0.0907329   -0.0482731   -0.0491951   -0.0615323   -0.0702655    -0.014277    -0.164927      0.62907      13.3255     -1.82874     -1.69451     -1.51236    -0.700615    -0.129875    0.0834417     0.386657     0.588467     0.628597     0.627925     0.632098     0.562771     0.523265      0.63522     0.744358      0.59142     0.501832      0.44163     0.521094     0.434343  6.96256e-07     0.154267  -0.00984165
  -0.0132201     0.112264    -0.387811     0.458497     0.293633   -0.0417859     0.130582     -0.22536    0.0860329   -0.0259845    -0.013123   -0.0081404   -0.0103794   -0.0336066   -0.0855989   -0.0775155  -0.00852036  -0.00600769   -0.0203792   -0.0310669    0.0365085    -0.144106     0.584164     -1.82874      13.3505     -2.23061     -2.01325     -1.06109    -0.311187    0.0160906     0.398343     0.686731     0.777908     0.773184     0.756393     0.710328     0.682009     0.835818     0.898986     0.706776     0.599678     0.527915     0.618134      0.49505  1.08587e-06    0.0820294   -0.0443384
   -0.128933     0.120609  -0.00884103    -0.239423     0.253848    0.0404589     0.329126    -0.271339     0.126749  -0.00495483 -0.000469865   0.00323365   0.00305095   -0.0162863   -0.0827646   -0.0826903   0.00434688    0.0109651  -0.00303326   -0.0131872    0.0583372    -0.127296     0.578479     -1.69451     -2.23061      13.4822     -2.24531      -1.2836    -0.471101    -0.070502     0.342651      0.69117     0.833154      0.82185     0.778045     0.774166     0.770103     0.943034      0.93812     0.728286     0.617343     0.543509     0.630327     0.496499  1.53044e-06   -0.0362074   -0.0646593
   -0.118725     0.118552  -0.00355661    -0.168621     0.165753    0.0207011     0.271805    -0.247465     0.121375  -0.00412798   0.00335465   0.00754777   0.00642783   -0.0149995   -0.0740941   -0.0666351   0.00820887    0.0129758 -0.000322513   -0.0102509    0.0548641    -0.116971     0.519173     -1.51236     -2.01325     -2.24531      13.8987     -1.22799    -0.440302   -0.0683434     0.311743     0.633196     0.759886     0.755478     0.720712     0.698671     0.685768     0.841394     0.862531      0.67274     0.570606     0.502367     0.584956     0.460892  2.20858e-06    0.0121024   -0.0606592
   -0.163865    0.0690396   -0.0225952    -0.189279    -0.268835     0.778514     0.259146    -0.277242     0.118863   -0.0251313  -0.00718376  -0.00035053  -0.00577165   -0.0357997   -0.0675799   -0.0351107  -0.00318312   -0.0034681   -0.0150493   -0.0244958    0.0220201    -0.110178     0.355523    -0.700615     -1.06109      -1.2836     -1.22799      14.2677     -0.63242    -0.158282     0.150584     0.422679     0.521851     0.560628     0.563146     0.462333     0.416827     0.518723     0.645196     0.511786      0.43461      0.38255     0.456194     0.369759    1.718e-06     0.201015   -0.0547947
   -0.187647  -0.00587575   -0.0569982    -0.157654    -0.297639   -0.0877273      1.77665    -0.304523     0.062584   -0.0643538    -0.048317   -0.0387239   -0.0457436    -0.074111   -0.0718328   -0.0335627   -0.0431337   -0.0468052   -0.0550658   -0.0618462   -0.0351251    -0.117396      0.20903    -0.129875    -0.311187    -0.471101    -0.440302     -0.63242      14.5389    -0.185758    0.0081133     0.163126     0.226489     0.303611     0.361289     0.220817     0.159887     0.199555     0.390533     0.316841     0.268964     0.236533     0.291837     0.257697  8.44575e-07     0.304732   -0.0426966
   -0.220172    0.0607507    0.0378881   -0.0209302    -0.104959    -0.154656     -0.62769     0.153669     0.331302     0.211215     0.081261    0.0790445    0.0662922    0.0496834   -0.0452249 -0.000345119    0.0389466    0.0445632    0.0339703    0.0240997    0.0642683   -0.0513898     0.245748    0.0834417    0.0160906    -0.070502   -0.0683434    -0.158282    -0.185758      14.5873     -1.81016     -1.09068    -0.152107      0.35469     0.500337     0.409297     0.389968     0.509312     0.577448     0.445026     0.377538     0.332429     0.397977     0.307041  9.94029e-07     0.138936    0.0730626
   -0.433911    0.0418999    0.0336225   -0.0162904    -0.090817    -0.148533    -0.629292     0.360847    -0.375106     0.676458     0.196133     0.158477      0.13151      0.17675   -0.0402475   -0.0604647    0.0407888    0.0420209    0.0248164    0.0111549    0.0894609    -0.123045     0.449746     0.386657     0.398343     0.342651     0.311743     0.150584    0.0081133     -1.81016      11.7532     -3.34661     -1.09639     0.355611     0.856341     0.822982     0.823938      1.02078      1.04687     0.829244     0.704995     0.620927     0.725822     0.559808  1.29654e-06    0.0625679     0.103635
    -0.49711    0.0249582     0.035704     0.015801   -0.0168513   -0.0492111     -0.28053     0.245736    0.0472153    -0.348965     0.240715      0.15973     0.156859     0.251107    0.0197494   -0.0756708    0.0497613    0.0432878    0.0252383    0.0124194     0.103136    -0.138204     0.496175     0.588467     0.686731      0.69117     0.633196     0.422679     0.163126     -1.09068     -3.34661      10.9655     -3.04167    -0.501749     0.918131     0.994504     0.992947      1.18943      1.17443     0.950243     0.809524     0.713188     0.821278     0.625935  1.15094e-06    -0.040752    0.0491209
   -0.461142  0.000461476    0.0246295    0.0320448    0.0406737    0.0360961  -0.00839578     0.118723 -0.000531213   -0.0941213    -0.140102    0.0435044     0.107299     0.195961    0.0782672   -0.0552042    0.0404215    0.0302807    0.0151701   0.00594726    0.0911328    -0.131061     0.456307     0.628597     0.777908     0.833154     0.759886     0.521851     0.226489    -0.152107     -1.09639     -3.04167      10.3001     -2.84943     0.658259      1.00597      0.96624      1.10004      1.09143     0.893469     0.761831     0.671188      0.76091      0.57879   9.6932e-07    -0.128216  -0.00139918
    -0.42209    0.0214014    0.0434709    0.0499232    0.0558112     0.044391  -0.00259439     0.104219   0.00844564    0.0036639   -0.0719454    -0.156098    0.0371868   -0.0424576    0.0801069 -0.000668763    0.0591593    0.0481845    0.0342113    0.0251688     0.100302    -0.101014     0.397813     0.627925     0.773184      0.82185     0.755478     0.560628     0.303611      0.35469     0.355611    -0.501749     -2.84943      7.91663    -0.711351     0.977906     0.839338     0.936239      0.99205     0.816445     0.696645     0.613752     0.696631     0.526561  8.99394e-07   -0.0551441   -0.0354218
   -0.427377    0.0569249     0.072299    0.0649385    0.0483933    0.0176657    -0.120761     0.159122    0.0351646    0.0613419    0.0684156    0.0672928    -0.185499    -0.217216   -0.0243305    -0.025474    0.0733593    0.0765416    0.0602223    0.0467588     0.120716   -0.0811863     0.392644     0.632098     0.756393     0.778045     0.720712     0.563146     0.361289     0.500337     0.856341     0.918131     0.658259    -0.711351      3.12721     0.428383     0.812245      0.98869     0.998931     0.786329       0.6684     0.588737     0.687117     0.519833   1.0633e-06    0.0343294   -0.0284763
   -0.409157    0.0306545    0.0556131    0.0656504    0.0798565    0.0829445     0.031949     0.122374    0.0175556    0.0473229    0.0508275    0.0490266    0.0673653   -0.0596631    -0.381953   -0.0781396    0.0512678    0.0595542    0.0445571    0.0333698     0.112777   -0.0908221     0.420431     0.562771     0.710328     0.774166     0.698671     0.462333     0.220817     0.409297     0.822982     0.994504      1.00597     0.977906     0.428383      1.34519      0.80325      1.13534      1.03085     0.799128     0.678038     0.597175     0.686856     0.520214  1.22386e-06    -0.161437  -0.00267023
   -0.412905   -0.0452126   -0.0153461    0.0069486    0.0422274    0.0647493    0.0877581    0.0264277   -0.0467507   -0.0158707   -0.0220995   -0.0270116   -0.0226201   -0.0302351     0.454634   -0.0561838    0.0109101   -0.0098502    -0.020957   -0.0243747    0.0585281    -0.151774     0.441509     0.523265     0.682009     0.770103     0.685768     0.416827     0.159887     0.389968     0.823938     0.992947      0.96624     0.839338     0.812245      0.80325      1.08537     0.988944      1.01792     0.862377     0.737716     0.650342     0.715741     0.536662   1.3583e-07    -0.267279   0.00298688
   -0.420904     0.115792     0.154124     0.178789     0.215929     0.238015     0.231735     0.214722     0.112218     0.154776     0.151523     0.151072     0.154992    0.0913774    -0.343665    -0.283111     -0.22894     0.136118    0.0969147    0.0341736     0.106216    0.0215567     0.453697      0.63522     0.835818     0.943034     0.841394     0.518723     0.199555     0.509312      1.02078      1.18943      1.10004     0.936239      0.98869      1.13534     0.988944      3.27938      0.99681   -0.0573099    -0.131192    -0.123507     0.140384     0.325188  8.96178e-06    -0.283768  -0.00365351
   -0.548592   -0.0140884   0.00707762   0.00466332  -0.00354987   -0.0288787    -0.149082    0.0876889   -0.0327297  -0.00338607   0.00777361   0.00825189    0.0111103   0.00926927   -0.0213929    -0.113668     0.663086    0.0342118    -0.158249    -0.352522    -0.205217    -0.418477     0.515903     0.744358     0.898986      0.93812     0.862531     0.645196     0.390533     0.577448      1.04687      1.17443      1.09143      0.99205     0.998931      1.03085      1.01792      0.99681      10.4334     -2.88821     -2.28692     -1.99958     -1.22905    -0.962199  2.32703e-07    -0.032223  -0.00142077
    -0.43541   0.00353605    0.0178304    0.0112257  -0.00264745   -0.0278995    -0.150254    0.0951924    -0.020276   0.00554953    0.0170199    0.0170947    0.0214994    0.0492615     0.190686     0.200322    0.0033965     0.512978   -0.0791425    -0.254487    -0.155488    -0.266283     0.407227      0.59142     0.706776     0.728286      0.67274     0.511786     0.316841     0.445026     0.829244     0.950243     0.893469     0.816445     0.786329     0.799128     0.862377   -0.0573099     -2.88821      13.3581     -1.72724     -1.50771    -0.933978     -0.61076 -3.20329e-06   0.00173884   0.00202032
   -0.364552    0.0154937     0.027472    0.0213526   0.00874311   -0.0130893    -0.121002    0.0950006  -0.00580405      0.01659     0.026629    0.0267321     0.030641    0.0556389     0.186932     0.209122    0.0277169     -0.12269     0.323308    -0.215814    -0.160163    -0.213028      0.34089     0.501832     0.599678     0.617343     0.570606      0.43461     0.268964     0.377538     0.704995     0.809524     0.761831     0.696645       0.6684     0.678038     0.737716    -0.131192     -2.28692     -1.72724      14.4117     -1.39231    -0.979474    -0.644614 -3.03498e-06    0.0043678   0.00117352
   -0.319493    0.0166801    0.0272674     0.021842    0.0106674  -0.00855147     -0.10411     0.086974  -0.00217985    0.0176287    0.0264958       0.0266    0.0300557    0.0519647     0.167536     0.191618    0.0263631    -0.107979     0.113362    -0.068561    -0.139118    -0.183136     0.299036      0.44163     0.527915     0.543509     0.502367      0.38255     0.236533     0.332429     0.620927     0.713188     0.671188     0.613752     0.588737     0.597175     0.650342    -0.123507     -1.99958     -1.50771     -1.39231      14.7658    -0.867899    -0.571402 -2.63217e-06   0.00400201  0.000870794
    -0.36983    0.0310659    0.0421719     0.033289    0.0156892   -0.0116045    -0.136471     0.113846   0.00799653    0.0306103    0.0427505    0.0437442     0.046372    0.0580603     0.133517     0.162291    0.0388161   -0.0679291     0.140692     0.898979    -0.361956    -0.861839     0.339173     0.521094     0.618134     0.630327     0.584956     0.456194     0.291837     0.397977     0.725822     0.821278      0.76091     0.696631     0.687117     0.686856     0.715741     0.140384     -1.22905    -0.933978    -0.979474    -0.867899      12.8909     -1.92002 -1.85559e-06    0.0332868  -0.00205013
   -0.419972    -0.247552    -0.242866    -0.248352    -0.258827    -0.283131    -0.344693    -0.202013    -0.260018    -0.248494    -0.240077    -0.240593    -0.238798    -0.209954    -0.116881    -0.256869     -0.19834    -0.323633    -0.190079     0.343664     0.317661      3.93185     0.380717     0.434343      0.49505     0.496499     0.460892     0.369759     0.257697     0.307041     0.559808     0.625935      0.57879     0.526561     0.519833     0.520214     0.536662     0.325188    -0.962199     -0.61076    -0.644614    -0.571402     -1.92002      13.1373 -2.34045e-06    0.0230643    0.0310359
-1.43598e-05  2.27833e-06  4.06548e-07  1.28664e-07   2.3019e-07  5.11948e-07  2.09954e-07  8.54862e-07   4.7249e-07  5.91614e-07  5.96575e-07  6.00752e-07  5.99097e-07  4.92758e-07  1.02959e-06 -4.38537e-06 -1.06741e-06  4.02438e-07  2.82697e-07  1.37144e-07  4.10518e-08  8.40487e-08 -1.96221e-05  6.96256e-07  1.08587e-06  1.53044e-06  2.20858e-06    1.718e-06  8.44575e-07  9.94029e-07  1.29654e-06  1.15094e-06   9.6932e-07  8.99394e-07   1.0633e-06  1.22386e-06   1.3583e-07  8.96178e-06  2.32703e-07 -3.20329e-06 -3.03498e-06 -2.63217e-06 -1.85559e-06 -2.34045e-06         2.25 -8.85847e-08 -1.13532e-07
  -0.0644697    0.0716476    0.0446989  -0.00656388   -0.0944174     -0.18264    -0.442126     0.105114    0.0344134    0.0262277    0.0581926    0.0666071     0.056445    0.0187755    0.0333487     0.102906     0.057325    0.0461416    0.0415515    0.0344965    0.0250297    0.0184019    -0.044268     0.154267    0.0820294   -0.0362074    0.0121024     0.201015     0.304732     0.138936    0.0625679    -0.040752    -0.128216   -0.0551441    0.0343294    -0.161437    -0.267279    -0.283768    -0.032223   0.00173884    0.0043678   0.00400201    0.0332868    0.0230643 -8.85847e-08     0.490734  -0.00207229
   0.0989253   0.00167394  -0.00752448   -0.0130112   -0.0198989    -0.021229   -0.0591512       0.0306   -0.0177673  0.000736708   0.00254013    0.0013896   0.00556965    0.0243872   0.00800854  -0.00297736  -0.00547795  -0.00719258   -0.0069084  -0.00588841  -0.00907384   0.00605966    0.0837423  -0.00984165   -0.0443384   -0.0646593   -0.0606592   -0.0547947   -0.0426966    0.0730626     0.103635    0.0491209  -0.00139918   -0.0354218   -0.0284763  -0.00267023   0.00298688  -0.00365351  -0.00142077   0.00202032   0.00117352  0.000870794  -0.00205013    0.0310359 -1.13532e-07  -0.00207229    0.0142314
* row and column names
in_inst:0_usecol:1_direct_idx0:18.75
in_inst:0_usecol:1_direct_idx0:21.25
in_inst:0_usecol:1_direct_idx0:23.75
in_inst:0_usecol:1_direct_idx0:26.25
in_inst:0_usecol:1_direct_idx0:28.75
in_inst:0_usecol:1_direct_idx0:31.25
in_inst:0_usecol:1_direct_idx0:33.75
in_inst:0_usecol:1_direct_idx0:36.25
in_inst:0_usecol:1_direct_idx0:38.75
in_inst:0_usecol:1_direct_idx0:41.25
in_inst:0_usecol:1_direct_idx0:43.75
in_inst:0_usecol:1_direct_idx0:46.25
in_inst:0_usecol:1_direct_idx0:48.75
in_inst:0_usecol:1_direct_idx0:51.25
in_inst:0_usecol:1_direct_idx0:53.75
in_inst:0_usecol:1_direct_idx0:56.25
in_inst:0_usecol:1_direct_idx0:58.75
in_inst:0_usecol:1_direct_idx0:61.25
in_inst:0_usecol:1_direct_idx0:63.75
in_inst:0_usecol:1_direct_idx0:66.25
in_inst:0_usecol:1_direct_idx0:68.75
in_inst:0_usecol:1_direct_idx0:71.25
out_inst:0_usecol:2_direct_idx0:18.75
out_inst:0_usecol:2_direct_idx0:21.25
out_inst:0_usecol:2_direct_idx0:23.75
out_inst:0_usecol:2_direct_idx0:26.25
out_inst:0_usecol:2_direct_idx0:28.75
out_inst:0_usecol:2_direct_idx0:31.25
out_inst:0_usecol:2_direct_idx0:33.75
out_inst:0_usecol:2_direct_idx0:36.25
out_inst:0_usecol:2_direct_idx0:38.75
out_inst:0_usecol:2_direct_idx0:41.25
out_inst:0_usecol:2_direct_idx0:43.75
out_inst:0_usecol:2_direct_idx0:46.25
out_inst:0_usecol:2_direct_idx0:48.75
out_inst:0_usecol:2_direct_idx0:51.25
out_inst:0_usecol:2_direct_idx0:53.75
out_inst:0_usecol:2_direct_idx0:56.25
out_inst:0_usecol:2_direct_idx0:58.75
out_inst:0_usecol:2_direct_idx0:61.25
out_inst:0_usecol:2_direct_idx0:63.75
out_inst:0_usecol:2_direct_idx0:66.25
out_inst:0_usecol:2_direct_idx0:68.75
out_inst:0_usecol:2_direct_idx0:71.25
p_inst:0_usecol:1_direct_idx0:diffusioncoefficient
p_inst:0_usecol:1_direct_idx0:dispersivity
tot_inst:0_usecol:1_direct
