   123   123     1
     5.69422     0.259344     0.175122     0.260759     0.256756     0.264193     0.257694     0.286711     0.218036     0.289002     0.285574     0.283473     0.303167       0.2881     0.322108     0.260386     0.276191     0.305335     0.316069      0.32361     0.305309       0.3094     0.324453     0.298387     0.280588     0.312681       0.3299     0.328875     0.304517     0.292826     0.320676     0.318407     0.262457     0.223845     0.293488     0.291664     0.256688     0.277468     0.270594     0.253863     0.257941     0.311916     0.289025      0.27828     0.293304     0.287798     0.267331     0.267804     0.396615     0.284861      0.41591     0.262575     0.130533     0.221033     0.232326  0.000561013     0.265837    0.0299987    -0.881298     -6.01728      1.31217    -0.017621   -0.0226979   -0.0297698   -0.0311143    -0.035955   -0.0408615   -0.0441798     -0.03957   -0.0393363   -0.0408175   -0.0428803   -0.0462402    -0.049142   -0.0540114   -0.0587273   -0.0609789   -0.0624734   -0.0630523   -0.0644553   -0.0654086   -0.0634693     -0.06205   -0.0655692   -0.0625676   -0.0620763   -0.0608918   -0.0606941   -0.0625402   -0.0622792   -0.0626707   -0.0620252   -0.0664744   -0.0668898    -0.061986   -0.0591847   -0.0570939   -0.0546534   -0.0538731   -0.0537897   -0.0533453   -0.0529108     -0.05161   -0.0507744   -0.0497628   -0.0506063    -0.052357   -0.0557025   -0.0632035   -0.0822662    -0.108834   -0.0986409   -0.0800344    -0.195208    -0.147928    -0.114134  -0.00771488    -0.117576    -0.546096      2.48195 -1.81536e-07  -0.00551949   -0.0342316
    0.259344     0.293948   -0.0543231     0.274372     0.117538     0.205432     0.238477      0.24994     0.127297     0.195849     0.211313     0.211315     0.230596     0.231575     0.297581     0.246084     0.252564     0.267123     0.272691     0.287349     0.272832     0.270913     0.288953     0.278525     0.261202     0.282234     0.289765     0.292662     0.282495     0.272945     0.293954     0.297481     0.270001     0.238243      0.28914     0.281529     0.253744     0.266612     0.268607     0.266617     0.256384     0.285322     0.260897     0.264096     0.270204     0.257276     0.235513     0.227798     0.290834     0.147812     0.188545    0.0924486    0.0336722     0.264317      0.22663   0.00352859     0.221708    0.0096731     0.244788     0.126702   -0.0367372    0.0281799    0.0137511    0.0139343    0.0124556    0.0135697    0.0149778    0.0156411    0.0146429    0.0137863     0.012936    0.0118091    0.0104492   0.00865383    0.0067873   0.00515037   0.00380824   0.00249433   0.00155812   0.00123919   0.00156429    0.0025396   0.00343924   0.00388732   0.00512193   0.00589968   0.00624423   0.00643087   0.00634942   0.00603399   0.00570026   0.00507931   0.00329767   0.00258149  0.000575732  -0.00120005  -0.00284941   -0.0055591  -0.00643739  -0.00672585  -0.00664502  -0.00632477  -0.00673829  -0.00899321   -0.0100354   -0.0119089    -0.013399   -0.0143335   -0.0157172   -0.0206505   -0.0268245   -0.0205805   -0.0104153   -0.0169901   -0.0703766   -0.0519108  0.000638526   -0.0609292      -0.0464   -0.0507065  1.53151e-08    0.0399083  -0.00629137
    0.175122   -0.0543231      5.72833    -0.159666     0.465296     0.255705     0.227001     0.255574     0.200534     0.253063     0.229985     0.208036     0.209272     0.197287     0.238821     0.196864     0.203491     0.216126     0.219321     0.227639     0.214192     0.211953     0.224667     0.214712     0.200835     0.216743     0.222557     0.224913     0.217457     0.210214     0.226592     0.231449      0.21375      0.18953     0.226681     0.219751     0.198638     0.206868     0.210299     0.211536     0.199416     0.216411     0.198424     0.205861     0.209782     0.199209     0.182796     0.174501     0.205516    0.0795409    0.0961178    0.0398424   0.00623196     0.234939     0.203463   0.00369572     0.173837   0.00825852     0.211013    0.0939705   -0.0150715    -0.184212    -0.194206   -0.0409456   -0.0217545   -0.0183655   -0.0164131   -0.0149389   -0.0100698  -0.00763055  -0.00530419  -0.00244284  0.000366884   0.00304197    0.0055181   0.00811056    0.0104298      0.01214    0.0134991    0.0151799    0.0170624     0.018571    0.0198392    0.0218644    0.0225888     0.023472    0.0235835    0.0237569    0.0242574    0.0238645    0.0236403    0.0227971    0.0223491     0.021624    0.0179407    0.0152309    0.0129928   0.00971955   0.00864957   0.00821282   0.00809989   0.00827711    0.0073097   0.00464018   0.00334246   0.00171112  0.000630411  0.000181627 -0.000194266  -0.00194329  -0.00403147 -0.000978512   0.00690711     0.109826    0.0666803    0.0384104   0.00764771    0.0331234    0.0549589    -0.021449 -6.82673e-08    0.0263777  -0.00395111
    0.260759     0.274372    -0.159666      0.51292    -0.149165     0.258916     0.253164     0.263992     0.133414     0.205052     0.219342     0.216629      0.23481     0.236511     0.309634     0.257322     0.263092     0.276318     0.281073     0.297017     0.282123     0.279173     0.298186     0.289054     0.271015     0.291631     0.298141     0.301271     0.292057     0.282286     0.303271     0.307175     0.281336     0.249219     0.300714     0.292391     0.264183     0.277078     0.279929     0.279346     0.267665     0.295585     0.269434     0.273576     0.278809     0.264219      0.24109     0.232171     0.291492     0.140303     0.170498     0.074473    0.0224048      0.27267     0.237006   0.00414792     0.224344    0.0106801     0.261182     0.126974   -0.0359918    0.0105739    0.0171948   -0.0404131    0.0121329    0.0144834    0.0163878    0.0174255    0.0165233    0.0158061    0.0152184    0.0144983    0.0136008    0.0121543    0.0106209   0.00925047   0.00795894   0.00655958   0.00545798   0.00503273   0.00523968   0.00598076   0.00665419   0.00702089   0.00803133   0.00868415   0.00888439   0.00897825   0.00884942   0.00845002   0.00810257   0.00742985   0.00560726   0.00493686   0.00271511  0.000733683  -0.00114367  -0.00429507  -0.00526791  -0.00554216  -0.00546566   -0.0051314  -0.00568077  -0.00832558   -0.0095962   -0.0116827   -0.0131835   -0.0138223   -0.0145367   -0.0181971   -0.0221176   -0.0141941  -0.00380802   -0.0215072   -0.0744069   -0.0598293   0.00222007   -0.0708588   -0.0482658   -0.0488933  1.18004e-09    0.0503941  -0.00814457
    0.256756     0.117538     0.465296    -0.149165      1.57487    -0.180926     0.277076     0.232877     0.259681     0.307834     0.280986     0.279076     0.294791     0.264611     0.242615     0.185406     0.205369     0.241363     0.254387     0.249782     0.231333     0.239438      0.24688     0.214419     0.200802     0.231248     0.252663     0.253061     0.229163     0.220255     0.246434     0.249418     0.201394     0.167665     0.219879     0.217844      0.18945     0.202347     0.197513     0.182774     0.180876     0.219706     0.211522     0.212025     0.228464     0.231368     0.221689     0.222674     0.313852     0.210586     0.358313     0.270179     0.140336     0.279877     0.188136   -0.0015838     0.241272   0.00166193     0.131288     0.136844    -0.035951    0.0396655    0.0634587    0.0543714    -0.102264   -0.0580851     -0.06529   -0.0685149   -0.0580264   -0.0531585   -0.0500811   -0.0476049   -0.0461588   -0.0436586   -0.0416386   -0.0387991   -0.0340377   -0.0289187   -0.0236674   -0.0187733   -0.0135554  -0.00780219   -0.0026464   0.00220063   0.00612056   0.00920991    0.0111595    0.0126022    0.0141367    0.0144631    0.0142854    0.0134596    0.0134856    0.0118177   0.00833329   0.00641042   0.00555774   0.00555509   0.00492697    0.0040864   0.00395506   0.00408425   0.00420996   0.00467777   0.00530075   0.00523402   0.00363738 -0.000495195  -0.00854808   -0.0253295   -0.0539961    -0.070841   -0.0625029      0.25704     0.150549     0.169833   -0.0067235     0.186828     0.120483   -0.0564104 -2.87702e-09    -0.081611    0.0114731
    0.264193     0.205432     0.255705     0.258916    -0.180926     0.847325    -0.089314     0.349819     0.192836     0.246998      0.24577      0.24748     0.267031     0.254155     0.281465     0.225965     0.239066     0.264041     0.273078     0.279015     0.262061     0.264609     0.278204     0.257125     0.241012     0.266968      0.28115     0.282944     0.266129     0.256595       0.2806     0.284053     0.246413     0.212846     0.265774     0.260485     0.231613     0.244811     0.243786     0.235987     0.229126     0.263246     0.245618     0.247866     0.258872     0.252823     0.236004     0.231957     0.308967     0.179404     0.269756      0.17529    0.0826705     0.279944     0.217722   0.00134093     0.237283   0.00627414     0.201572     0.135287   -0.0363853    0.0165468    0.0224354    0.0211645    0.0164279   -0.0424047   -0.0222333   -0.0240503   -0.0200042   -0.0181522   -0.0170262   -0.0162618   -0.0161205   -0.0157512   -0.0156701    -0.015107   -0.0135328   -0.0118166  -0.00985509  -0.00772529  -0.00509814  -0.00187904   0.00101217   0.00352562   0.00603445   0.00790218   0.00898738   0.00975165    0.0104155    0.0103803    0.0101115   0.00937421   0.00839038    0.0072165   0.00443195   0.00250994   0.00115939 -0.000410646  -0.00120375  -0.00176068  -0.00178107  -0.00154267  -0.00175015  -0.00286296  -0.00318849  -0.00429431  -0.00587019  -0.00829032   -0.0127666   -0.0232463   -0.0398518   -0.0439199   -0.0341519     0.113133     0.036329    0.0521005  -0.00229337    0.0547406    0.0335959   -0.0536171  1.03469e-09   -0.0150079   0.00170184
    0.257694     0.238477     0.227001     0.253164     0.277076    -0.089314     0.760447    -0.170233      0.34524     0.293445     0.231298     0.220368     0.242121     0.239642     0.288988     0.236279     0.245725     0.264699     0.271536     0.282069     0.266391     0.266277     0.282147     0.267145     0.250433      0.27339     0.283686     0.286098     0.273205     0.263746     0.285868     0.289448     0.258075      0.22583     0.277066     0.270447     0.242447     0.255252     0.256061     0.251785     0.242824     0.273406     0.252102     0.255159     0.263239     0.253293     0.233822     0.227584      0.29494     0.157852      0.21829      0.12475    0.0528895     0.270707     0.222509   0.00263025     0.226595   0.00821014     0.225674     0.128903   -0.0355501    0.0105663    0.0106347   0.00888275    0.0100986   0.00938533   -0.0245987  -0.00503605 -0.000960187 -0.000999816 -0.000953403   -0.0010149  -0.00141033  -0.00197474  -0.00271306  -0.00313961  -0.00303374  -0.00290081  -0.00248807  -0.00165887 -0.000268834   0.00169056   0.00345956   0.00487959    0.0066276   0.00787678   0.00852525   0.00895915   0.00923108    0.0090271    0.0087271   0.00803922   0.00666765   0.00575468   0.00330967   0.00140913 -0.000155413  -0.00242906  -0.00328793  -0.00369957  -0.00367207  -0.00339287  -0.00375271  -0.00555875  -0.00631879  -0.00786329  -0.00937369   -0.0109119   -0.0135419     -0.02064    -0.030989   -0.0292889   -0.0193956    0.0460641   -0.0174546  -0.00248858 -0.000179514   -0.0063765  -0.00651656   -0.0504773   2.1726e-09    0.0161055  -0.00291417
    0.286711      0.24994     0.255574     0.263992     0.232877     0.349819    -0.170233      1.19093     -1.16373  -0.00989859     0.247705      0.25341     0.263978     0.258762     0.308939     0.253139     0.266091     0.290164     0.299068     0.308957     0.291199     0.292062     0.308389     0.289331     0.271168     0.297648     0.310518     0.312814     0.296902     0.286474     0.311511     0.315122     0.277655     0.241732     0.298969     0.292399     0.261255     0.275677      0.27559     0.269171      0.26068     0.296264      0.27427     0.276743     0.286872     0.277582     0.257237     0.251489     0.330967     0.185175     0.264636     0.159738     0.071469     0.295848     0.242362    0.0023291     0.252696   0.00807358     0.238601     0.145737    -0.039201    0.0179705    0.0212459    0.0220175    0.0245408    0.0252973    0.0239894   -0.0245035   -0.0110481  -0.00776306  -0.00735927  -0.00735437  -0.00786241   -0.0083519  -0.00906596  -0.00942279  -0.00906363   -0.0086272  -0.00784301  -0.00670435  -0.00496269  -0.00246378 -0.000213886   0.00143174   0.00364018   0.00516262    0.0060478   0.00662798    0.0069609   0.00682092   0.00650377   0.00580192   0.00428866   0.00322409  0.000780391  -0.00108369   -0.0025504  -0.00456903  -0.00540725  -0.00588625  -0.00585225  -0.00555605  -0.00582943  -0.00745218  -0.00805416  -0.00955654   -0.0112366   -0.0133051   -0.0170515   -0.0265456   -0.0407636   -0.0404042   -0.0291498    0.0622644  -0.00426856    0.0113096  -0.00139961   0.00913175    0.0014916    -0.057188  1.99005e-09   0.00567771  -0.00145402
    0.218036     0.127297     0.200534     0.133414     0.259681     0.192836      0.34524     -1.16373      9.68449      -2.6105    -0.352856     0.165242     0.215373     0.184528     0.187428     0.152648     0.172129     0.202543       0.2148     0.215134     0.200617     0.205589     0.212976     0.188761     0.176784      0.20071     0.216403     0.216621     0.198222     0.190638     0.211561     0.213096     0.174497     0.146809     0.191194     0.189244     0.165527     0.177027     0.173181     0.161779     0.160798      0.19375     0.184056     0.182773     0.195111     0.195248     0.185147     0.185413     0.262986     0.177249     0.287095     0.205585     0.105027     0.210357     0.163499 -0.000640806     0.196076   0.00199658     0.130064     0.118882   -0.0289204    0.0272073    0.0398508    0.0471143    0.0541844    0.0573208    0.0580653    0.0549095   -0.0439755   -0.0362829   -0.0327569   -0.0307963    -0.031153   -0.0307744   -0.0306696   -0.0301478   -0.0284709   -0.0265382   -0.0242607   -0.0221536   -0.0196873    -0.016292   -0.0132495   -0.0112878  -0.00846159  -0.00661999  -0.00526157  -0.00438223  -0.00384777  -0.00361714  -0.00378901  -0.00415417  -0.00506038  -0.00612982  -0.00732037   -0.0079971  -0.00819309  -0.00787066  -0.00812642  -0.00861783  -0.00860645  -0.00844689  -0.00820083  -0.00794021  -0.00746478  -0.00774339  -0.00903357   -0.0120564   -0.0181553   -0.0315737   -0.0531659   -0.0602157   -0.0511624     0.111066    0.0661759    0.0758174  -0.00565666    0.0836646    0.0456194   -0.0475387  2.33048e-09   -0.0466281   0.00637591
    0.289002     0.195849     0.253063     0.205052     0.307834     0.246998     0.293445  -0.00989859      -2.6105      8.46852     -2.80562    -0.418153     0.228813     0.259287     0.250518      0.20157     0.228784     0.269147     0.286995     0.292494     0.274542      0.27945     0.291136     0.262938     0.246081     0.275962        0.294     0.294692      0.27282     0.262651     0.289449      0.29165     0.244385     0.208044     0.266626     0.262969     0.231631     0.246836     0.243054     0.230379     0.227424     0.269149     0.253268     0.252185     0.266591     0.263794     0.248145     0.246816     0.344002     0.222486     0.347754     0.238583     0.118824     0.276791     0.224728  0.000131587     0.256435   0.00417081     0.194303     0.155661   -0.0381755    0.0357089    0.0497123    0.0589117     0.067757    0.0727918    0.0736043    0.0682709    0.0164561    -0.039861   -0.0373233   -0.0304943   -0.0303429   -0.0305464   -0.0310369   -0.0310139   -0.0299043   -0.0285839   -0.0267785     -0.02497   -0.0226305   -0.0190771   -0.0158813   -0.0141127   -0.0109292  -0.00894927  -0.00746213  -0.00653276  -0.00611833  -0.00593689  -0.00619223  -0.00664759  -0.00816894  -0.00941308   -0.0107639    -0.011663   -0.0120928   -0.0121966    -0.012592   -0.0131444   -0.0130912    -0.012845   -0.0126349   -0.0128211    -0.012515   -0.0132275   -0.0149174   -0.0183226   -0.0251413   -0.0406669   -0.0650138   -0.0700819   -0.0577318    0.0989876    0.0493679    0.0609799  -0.00594283    0.0665534    0.0315143    -0.061541  2.15259e-09   -0.0391819   0.00513519
    0.285574     0.211313     0.229985     0.219342     0.280986      0.24577     0.231298     0.247705    -0.352856     -2.80562      9.08021     -2.78133    -0.350024     0.275688     0.273584     0.190848     0.216339     0.259641     0.281657     0.291913     0.275879     0.280225     0.293069     0.267466     0.250165      0.27854     0.294638      0.29542     0.275188     0.265052     0.290975      0.29321     0.248724     0.213059     0.270826     0.266627     0.235728      0.25075     0.247738     0.236586     0.232786     0.272946     0.255493     0.254694     0.267802     0.263325     0.246558     0.244303     0.337239     0.212928     0.324986     0.216278     0.105733     0.271618     0.226163  0.000685104     0.251118   0.00498179     0.204283     0.152607   -0.0377358    0.0321272    0.0437968    0.0523183    0.0607874    0.0673914    0.0707033    0.0666668    0.0450856    0.0128406   -0.0337293   -0.0271754   -0.0235617   -0.0237652   -0.0250953   -0.0254892   -0.0250614   -0.0244886   -0.0234268   -0.0222182   -0.0204626   -0.0175403   -0.0149013   -0.0136805   -0.0108899  -0.00922888  -0.00795048  -0.00717727  -0.00694636  -0.00684304  -0.00710884    -0.007537  -0.00924031   -0.0103664   -0.0115346   -0.0124022   -0.0129101   -0.0133017   -0.0137192   -0.0142046   -0.0141283   -0.0138646   -0.0137136   -0.0141897   -0.0140674   -0.0149667   -0.0166244   -0.0196414   -0.0256485   -0.0396966   -0.0612867   -0.0637634   -0.0513492     0.068244    0.0251516    0.0364418   -0.0050521    0.0391219    0.0133376   -0.0600955  2.74704e-09   -0.0255081   0.00307966
    0.283473     0.211315     0.208036     0.216629     0.279076      0.24748     0.220368      0.25341     0.165242    -0.418153     -2.78133      8.89201     -2.74878   -0.0727654     0.336302     0.199361     0.200606     0.242992     0.270933     0.285273     0.271741     0.277289     0.290555     0.264969     0.247884     0.275934     0.291874     0.292313     0.271889     0.261777     0.287485     0.289575     0.245073     0.209755     0.267152     0.263156     0.232527     0.247499     0.244336     0.233009     0.229557     0.269699      0.25255     0.251482     0.264612     0.260382     0.243898     0.241858     0.334916     0.212935     0.325559     0.217228     0.106557     0.267652     0.222531  0.000587902     0.248702   0.00481798     0.200395     0.151378   -0.0377364    0.0253615    0.0356916     0.043008    0.0510592    0.0585724    0.0647776    0.0654772    0.0553368    0.0412293    0.0143068   -0.0286192   -0.0227662   -0.0219246    -0.025447   -0.0261512   -0.0258218    -0.025278   -0.0241977   -0.0229581   -0.0211928    -0.018296   -0.0156786   -0.0144966   -0.0117017   -0.0100625  -0.00879341  -0.00803306  -0.00783766  -0.00772105  -0.00798706  -0.00839302   -0.0101086   -0.0112224   -0.0122716   -0.0130558   -0.0134925   -0.0137822   -0.0141685   -0.0146428   -0.0145612   -0.0142986   -0.0141125   -0.0145107   -0.0143464   -0.0152101   -0.0168537   -0.0198865   -0.0259342   -0.0400612   -0.0617819   -0.0643329   -0.0520182    0.0657737    0.0232164    0.0357694  -0.00531781    0.0386197    0.0119592   -0.0601077  4.71425e-09   -0.0263878   0.00308899
    0.303167     0.230596     0.209272      0.23481     0.294791     0.267031     0.242121     0.263978     0.215373     0.228813    -0.350024     -2.74878      7.11033     -2.62791     0.151123     0.323935     0.248769     0.253378     0.278147     0.298861     0.288419      0.29616     0.311464     0.285105     0.266784     0.296835     0.313446     0.313789     0.291948      0.28101     0.308397     0.310673     0.263443     0.225689     0.287066     0.282705     0.249948      0.26593     0.262699      0.25083       0.2469     0.289582        0.271      0.27002     0.283898     0.279122     0.261311     0.258947     0.357706     0.226132     0.344772     0.229186     0.112099     0.287892     0.238049  0.000704702     0.265917   0.00533916     0.215448     0.161032   -0.0407092    0.0183073    0.0268859    0.0322005    0.0393644    0.0465355    0.0540055    0.0585819    0.0548194    0.0500616    0.0401529      0.01363   -0.0167934   -0.0155889   -0.0251131   -0.0267148   -0.0264253    -0.026049   -0.0248879    -0.023444   -0.0214455   -0.0183294   -0.0155118   -0.0141792   -0.0113149  -0.00961544  -0.00830231  -0.00750598  -0.00727333  -0.00717687  -0.00746103  -0.00791995  -0.00973113   -0.0109219   -0.0121376   -0.0130409   -0.0135665   -0.0139717   -0.0144124   -0.0149194   -0.0148356   -0.0145526   -0.0143723   -0.0148526   -0.0147171   -0.0156708   -0.0174315   -0.0206207   -0.0269468   -0.0417626   -0.0645436   -0.0672505    -0.054236    0.0713979    0.0225719    0.0375082  -0.00553971    0.0403974    0.0124171   -0.0642888    7.576e-09   -0.0265539   0.00298887
      0.2881     0.231575     0.197287     0.236511     0.264611     0.254155     0.239642     0.258762     0.184528     0.259287     0.275688   -0.0727654     -2.62791      6.43991     -2.32487     0.270376     0.339623     0.272744     0.256994     0.275697     0.271684     0.281555     0.299118     0.276846     0.259775     0.287676     0.302475     0.302941     0.283288     0.272706     0.298343     0.300795      0.25795     0.222105     0.280252     0.275481     0.244341     0.259378     0.257103     0.247155     0.242205     0.281499     0.262507     0.262363     0.274657     0.268719     0.250759     0.247552     0.337715     0.207173     0.310297     0.201253    0.0965495     0.278437     0.230392   0.00114218       0.2524    0.0059336     0.214544     0.151103   -0.0389977    0.0111143    0.0162775     0.018735    0.0237127    0.0288113    0.0348594    0.0401068    0.0404807    0.0403736    0.0385819    0.0307737    0.0145152  -0.00219351   -0.0173362   -0.0204888   -0.0195153    -0.019774   -0.0192137   -0.0180095   -0.0162469   -0.0135744   -0.0111339  -0.00984115  -0.00731665   -0.0058088  -0.00472361  -0.00406301  -0.00388546  -0.00385288  -0.00414415  -0.00463679  -0.00635007  -0.00745265  -0.00887124   -0.0099624   -0.0107018   -0.0115157   -0.0120385    -0.012509   -0.0124357   -0.0121566   -0.0120911   -0.0128588    -0.012924   -0.0140041   -0.0156781   -0.0184302   -0.0237896   -0.0365866   -0.0560967    -0.057559   -0.0454423    0.0609448    0.0103619     0.025522  -0.00428369    0.0266455   0.00579921   -0.0602581  7.46079e-09   -0.0157316   0.00151065
    0.322108     0.297581     0.238821     0.309634     0.242615     0.281465     0.288988     0.308939     0.187428     0.250518     0.273584     0.336302     0.151123     -2.32487      4.65051     -2.49364    -0.269391     0.256993     0.309499     0.309303     0.299615     0.312864     0.341374     0.327668     0.309525     0.339444     0.352527     0.354361     0.336613     0.324367     0.351671     0.355293     0.314388     0.274428     0.338739     0.331182     0.296344      0.31269     0.312808     0.306232     0.296725     0.336469     0.310537     0.312813     0.323435     0.311907     0.288186     0.281371     0.370157     0.206298     0.288343     0.168136    0.0735516     0.322716     0.274527   0.00295241     0.280572   0.00939549     0.276624     0.164622    -0.043413    0.0132279    0.0148046    0.0153459    0.0185811    0.0226791    0.0273998    0.0312978    0.0314508    0.0307325     0.028326    0.0232712    0.0132443  -0.00452094  -0.00502936   -0.0126993  -0.00794913  -0.00577555   -0.0064119  -0.00642328   -0.0054905  -0.00384863   -0.0022071  -0.00125717  0.000523267   0.00156978     0.002207   0.00260195   0.00264123   0.00240158   0.00204081    0.0013499 -0.000711478  -0.00179691  -0.00399224  -0.00582108  -0.00735825  -0.00961534   -0.0104924   -0.0109551   -0.0108746   -0.0105251   -0.0107999   -0.0127254   -0.0134557   -0.0152535   -0.0171196   -0.0192299   -0.0230589   -0.0332448   -0.0478635   -0.0445767   -0.0312007    0.0282099   -0.0294187   -0.0147299  -0.00140661   -0.0199192    -0.020676   -0.0639763  6.83215e-09    0.0162549  -0.00274415
    0.260386     0.246084     0.196864     0.257322     0.185406     0.225965     0.236279     0.253139     0.152648      0.20157     0.190848     0.199361     0.323935     0.270376     -2.49364      9.02365     -2.78712    -0.518668     0.188569      0.25727     0.225562     0.232102     0.261934     0.259717     0.249818     0.275878     0.287193     0.289106      0.27521     0.264965     0.286467     0.289079     0.256786     0.224621     0.276603     0.270315     0.242212     0.255498     0.255833     0.251053     0.243178     0.275007      0.25321     0.254938     0.263014     0.252917     0.233131     0.227272     0.298189     0.164654     0.225809     0.127571    0.0544315     0.256995      0.22427   0.00263918     0.225294   0.00789266     0.229955     0.133422   -0.0346684    0.0131964    0.0143686    0.0151096    0.0177553    0.0217001    0.0263766    0.0306056    0.0314663    0.0323486    0.0322347    0.0301719    0.0252117    0.0142308   0.00727436   -0.0161188   -0.0155178  -0.00472662  -0.00280712    -0.003958  -0.00389885  -0.00324585  -0.00233565  -0.00187088 -0.000784958  -0.00028977 -2.59743e-05  0.000119469 -6.73919e-05 -0.000295849 -0.000609775  -0.00112057  -0.00296749  -0.00378199  -0.00530202  -0.00668497  -0.00790923  -0.00979843   -0.0104895   -0.0108251   -0.0107434   -0.0104513   -0.0106761    -0.012338   -0.0129807   -0.0145228    -0.016018   -0.0175736   -0.0203821   -0.0281805   -0.0390065   -0.0346649   -0.0234971   0.00117997   -0.0368118   -0.0268562 -0.000839518   -0.0327014   -0.0282837   -0.0512939  4.28295e-09    0.0195658  -0.00305167
    0.276191     0.252564     0.203491     0.263092     0.205369     0.239066     0.245725     0.266091     0.172129     0.228784     0.216339     0.200606     0.248769     0.339623    -0.269391     -2.78712      9.39317     -2.87911    -0.391563     0.242826     0.247717     0.231988     0.256277     0.257754     0.253232     0.284912     0.300232     0.303153     0.287606     0.276678     0.299463     0.301505      0.26525     0.231179     0.286628     0.280641     0.250903     0.265261     0.264866     0.258594     0.251566     0.286616     0.264425     0.265218     0.274456      0.26481     0.244582     0.239224      0.31803     0.181898     0.253976     0.148155    0.0655513     0.265424     0.232846   0.00240985     0.238058   0.00769539     0.235625     0.142752   -0.0368246    0.0128001    0.0144873    0.0153483    0.0183857    0.0227073    0.0281643    0.0338049    0.0365189    0.0400209    0.0433598    0.0451181    0.0448611    0.0397529     0.032409    0.0175053   -0.0276065   -0.0157854  -0.00636214  -0.00802112  -0.00836409  -0.00766287  -0.00656418  -0.00600554  -0.00483615  -0.00439197  -0.00414345  -0.00402975  -0.00430011  -0.00454484  -0.00487641  -0.00534131  -0.00740262  -0.00825045  -0.00940427   -0.0105396     -0.01155   -0.0131142    -0.013722   -0.0140616   -0.0139611   -0.0136539   -0.0137583   -0.0152165   -0.0157124   -0.0172069   -0.0187868   -0.0206389   -0.0241147   -0.0334242   -0.0465299   -0.0423085   -0.0301478  -0.00229201   -0.0371462   -0.0256605  -0.00189366   -0.0309138   -0.0303363   -0.0554739  6.18025e-09     0.014437  -0.00260908
    0.305335     0.267123     0.216126     0.276318     0.241363     0.264041     0.264699     0.290164     0.202543     0.269147     0.259641     0.242992     0.253378     0.272744     0.256993    -0.518668     -2.87911      8.58273     -2.92436    -0.312776     0.243631     0.262823     0.266136     0.259936     0.260005     0.300578     0.323415     0.329068     0.311472     0.299751     0.325244     0.326684     0.283662     0.245938     0.307652     0.301944     0.269076     0.285298     0.283816       0.2752     0.269141     0.309662     0.286543     0.286158     0.297387     0.288314     0.267103     0.262355     0.354257     0.210872     0.301271     0.182586    0.0838784     0.286144     0.250391   0.00209244     0.262681   0.00756069     0.248029     0.159135   -0.0409496     0.010503    0.0125436    0.0130696    0.0164265    0.0206502    0.0263763    0.0330425    0.0379062    0.0440547    0.0509043    0.0568241    0.0619201    0.0635164    0.0618254    0.0556236    0.0266549   -0.0265962   -0.0139734   -0.0146122   -0.0155169   -0.0140148   -0.0124629   -0.0115012   -0.0100135  -0.00946294  -0.00912724  -0.00898313  -0.00935119  -0.00954731  -0.00993009     -0.01035   -0.0126838   -0.0136205   -0.0143773   -0.0152438    -0.015993     -0.01714   -0.0176584   -0.0180253   -0.0179014    -0.017567   -0.0175122   -0.0187055   -0.0189944   -0.0204488   -0.0221897   -0.0245419   -0.0290966   -0.0408054   -0.0576498   -0.0540333   -0.0403731   0.00147657   -0.0336879   -0.0190107  -0.00342786   -0.0230354   -0.0293335   -0.0627561  7.20312e-09   0.00587612   -0.0018533
    0.316069     0.272691     0.219321     0.281073     0.254387     0.273078     0.271536     0.299068       0.2148     0.286995     0.281657     0.270933     0.278147     0.256994     0.309499     0.188569    -0.391563     -2.92436      8.29666     -2.94126    -0.380074     0.177569     0.257881     0.245565     0.245174     0.291171     0.322783     0.334517     0.319105     0.308317      0.33536     0.336534     0.290656     0.251377     0.315433     0.309757     0.275684     0.292628     0.290713     0.281144     0.275551     0.318216     0.294765     0.293867     0.305859     0.297039     0.275458     0.270971     0.367882     0.221948     0.319258     0.195643    0.0908284     0.293655     0.256716   0.00196386     0.271822   0.00750356     0.252493     0.165131   -0.0424682   0.00777359   0.00933532   0.00915043    0.0122533    0.0157446    0.0207323    0.0269944    0.0326809    0.0395964    0.0476265    0.0553139    0.0631143    0.0687743    0.0726336    0.0729014    0.0634683    0.0312097   -0.0173706   -0.0175445   -0.0191577   -0.0155656    -0.014295   -0.0134335   -0.0119133   -0.0113994   -0.0111436    -0.011065   -0.0114831   -0.0117235   -0.0121581   -0.0125666   -0.0150036   -0.0159575   -0.0164999   -0.0172177   -0.0178368   -0.0187946   -0.0192706   -0.0196467   -0.0195175   -0.0191726   -0.0190456   -0.0201207   -0.0203213   -0.0217555   -0.0235545   -0.0260951    -0.031061   -0.0436849   -0.0619504   -0.0585158   -0.0442602   0.00320912   -0.0320948   -0.0160026  -0.00399637   -0.0195432   -0.0284955    -0.065423  8.17031e-09   0.00257651  -0.00157478
     0.32361     0.287349     0.227639     0.297017     0.249782     0.279015     0.282069     0.308957     0.215134     0.292494     0.291913     0.285273     0.298861     0.275697     0.309303      0.25727     0.242826    -0.312776     -2.94126      8.49205     -2.90468    -0.644741    0.0614403     0.203541     0.221319     0.269908     0.310282     0.333225      0.32581     0.318561      0.34777      0.34985     0.304057     0.263541      0.32883     0.322268     0.287209     0.304456      0.30303     0.294157     0.287608     0.330482     0.305541     0.305147     0.316832     0.306799      0.28396     0.278667     0.375426      0.22208     0.315018     0.188827    0.0859955     0.303563     0.266877   0.00235638     0.278322    0.0082407     0.266436     0.168341    -0.043299    0.0074511   0.00794729   0.00712571   0.00971567    0.0126126    0.0167278    0.0218935    0.0269587    0.0329278    0.0399691    0.0469128    0.0542568    0.0602166    0.0655375    0.0677764    0.0657717    0.0543021    0.0232585  -0.00806225      -0.0131  -0.00740584  -0.00836981   -0.0108472  -0.00948637  -0.00932804  -0.00946245  -0.00960614   -0.0100855   -0.0105176   -0.0110477   -0.0115299   -0.0140228   -0.0149638   -0.0156319   -0.0164772   -0.0172485   -0.0185051   -0.0190597   -0.0194439   -0.0193258   -0.0189675   -0.0189068   -0.0202233   -0.0205567   -0.0221456   -0.0239876   -0.0263923   -0.0310509   -0.0431547   -0.0604371   -0.0559061   -0.0412953  -0.00317019   -0.0394222   -0.0239556  -0.00332373   -0.0288571   -0.0333776   -0.0661248   7.8973e-09   0.00932309  -0.00233916
    0.305309     0.272832     0.214192     0.282123     0.231333     0.262061     0.266391     0.291199     0.200617     0.274542     0.275879     0.271741     0.288419     0.271684     0.299615     0.225562     0.247717     0.243631    -0.380074     -2.90468      9.99399      -2.7836    -0.791012   -0.0346967     0.136442      0.20856     0.258255     0.292236     0.296239     0.296089     0.327243     0.330863     0.287815     0.249454     0.311168     0.304644     0.271341     0.287702     0.286254     0.277822     0.271921     0.312651     0.288856     0.288125     0.299062     0.289423     0.267687     0.262693     0.354423      0.21024     0.296645      0.17645    0.0800833     0.283152     0.251842   0.00227132     0.261761   0.00781376     0.253036     0.159028   -0.0407039   0.00642269   0.00640071   0.00532614   0.00752303   0.00992523    0.0133549    0.0176966    0.0222307    0.0274521    0.0336874    0.0400079    0.0469532    0.0531433    0.0599578     0.064867    0.0667302    0.0649021    0.0528722     0.035438   0.00688336   0.00425095  -0.00096955   -0.0125316   -0.0102997   -0.0103261   -0.0107537   -0.0111117   -0.0117357   -0.0122541   -0.0128969   -0.0133417   -0.0157556   -0.0165915   -0.0169147   -0.0175152   -0.0181026   -0.0191642   -0.0196377   -0.0199785   -0.0198615   -0.0195174   -0.0194152   -0.0206249   -0.0209073   -0.0224265    -0.024152   -0.0263846   -0.0307306   -0.0421187   -0.0582397   -0.0530957   -0.0390701   -0.0138343   -0.0431927   -0.0287887  -0.00315414   -0.0340384   -0.0366537   -0.0623385  5.77253e-09    0.0108934  -0.00254451
      0.3094     0.270913     0.211953     0.279173     0.239438     0.264609     0.266277     0.292062     0.205589      0.27945     0.280225     0.277289      0.29616     0.281555     0.312864     0.232102     0.231988     0.262823     0.177569    -0.644741      -2.7836      10.6247     -2.76998    -0.798348    -0.111281     0.109809     0.207947     0.259993     0.276053     0.285429     0.323356     0.330576     0.286684     0.248122     0.311225     0.304781     0.270729     0.287451     0.285306     0.275666     0.270919     0.313439     0.289921     0.288165     0.299759     0.290798     0.269264     0.264883     0.360962     0.219276     0.311951     0.188227    0.0868573     0.280313     0.251127   0.00201274     0.264359   0.00741611     0.250607     0.162015   -0.0413141     0.004552   0.00447979   0.00312145   0.00528454   0.00735818    0.0104978     0.014734     0.019712    0.0252392    0.0318447     0.038702     0.046493    0.0540553    0.0635767     0.072482     0.078527    0.0819573    0.0792529    0.0707007    0.0523978    0.0145382   0.00360699   -0.0200544   -0.0154878   -0.0147174   -0.0148986   -0.0154255   -0.0160819   -0.0168005   -0.0175789   -0.0180279   -0.0205161   -0.0213364    -0.021201   -0.0214112   -0.0216612   -0.0222786   -0.0226216   -0.0229454   -0.0228138   -0.0224627   -0.0222247    -0.023181   -0.0233091   -0.0247345   -0.0264807   -0.0288787   -0.0336531   -0.0459958    -0.063499   -0.0582373   -0.0436203   -0.0200237   -0.0444053    -0.028546  -0.00397638   -0.0333328   -0.0386842   -0.0639951  7.95237e-09    0.0069449  -0.00226405
    0.324453     0.288953     0.224667     0.298186      0.24688     0.278204     0.282147     0.308389     0.212976     0.291136     0.293069     0.290555     0.311464     0.299118     0.341374     0.261934     0.256277     0.266136     0.257881    0.0614403    -0.791012     -2.76998      10.6549     -2.64299    -0.903209      -0.2007     0.107634     0.224072     0.260482     0.281829     0.330392     0.346034     0.304864     0.265482     0.331689     0.324083     0.287918     0.305072     0.303153     0.293959     0.287869     0.331489     0.306381      0.30542     0.317255     0.307194     0.284257     0.279063     0.377239     0.224841     0.317944      0.18983    0.0864739     0.299961     0.266584   0.00233999     0.278103   0.00819243     0.267327     0.169012   -0.0433454   0.00438525   0.00376962   0.00199603   0.00396769   0.00576914   0.00850923      0.01222    0.0169026    0.0218315    0.0276826    0.0337875    0.0407623    0.0477237      0.05695    0.0662334    0.0731137    0.0776638    0.0776856    0.0713989    0.0574097    0.0214811   0.00304713   -0.0204863   -0.0155355   -0.0119968   -0.0107297   -0.0116199   -0.0124491   -0.0133338    -0.014396   -0.0150438   -0.0173596   -0.0183053   -0.0187578   -0.0193174   -0.0198044   -0.0207726   -0.0212359   -0.0216201   -0.0215177   -0.0211559   -0.0210084   -0.0222125   -0.0224504   -0.0240382   -0.0258681   -0.0282787   -0.0329992   -0.0452767   -0.0627439   -0.0573117   -0.0423727    -0.014141   -0.0452271   -0.0292749  -0.00351732   -0.0346285   -0.0383108   -0.0664349  4.87964e-09    0.0104225  -0.00237651
    0.298387     0.278525     0.214712     0.289054     0.214419     0.257125     0.267145     0.289331     0.188761     0.262938     0.267466     0.264969     0.285105     0.276846     0.327668     0.259717     0.257754     0.259936     0.245565     0.203541   -0.0346967    -0.798348     -2.64299      11.5808     -2.37651    -0.984009    -0.178988     0.129772     0.211232     0.241281     0.293664     0.318326     0.289646     0.255524     0.316515     0.308292     0.274837     0.289574     0.289223     0.282656     0.274727     0.312311     0.287942     0.289074     0.298865     0.288032     0.265728     0.259551      0.34352     0.194168     0.268649     0.154334    0.0672367     0.288772     0.253438   0.00276819      0.25738   0.00859727     0.258513      0.15354   -0.0397598   0.00550379   0.00414266   0.00228587   0.00371957    0.0052204   0.00730003   0.00983334    0.0129766    0.0160568    0.0196917      0.02345    0.0276972    0.0319041    0.0376279    0.0435421    0.0479198    0.0505266    0.0500196    0.0440224    0.0317028   0.00733163   -0.0141778  -0.00521822     -0.01073  -0.00410766  0.000622024 -0.000881625  -0.00203975  -0.00320632  -0.00436657  -0.00529882  -0.00700357  -0.00801141  -0.00969859   -0.0109636   -0.0119916   -0.0137086   -0.0143731   -0.0147941   -0.0147604   -0.0144359   -0.0145503   -0.0161793   -0.0167197   -0.0183891     -0.02009   -0.0219874   -0.0255656   -0.0352258   -0.0488042   -0.0436052   -0.0304141   -0.0037238   -0.0426774   -0.0301146  -0.00162037   -0.0363495   -0.0335977   -0.0594356  5.72429e-09    0.0189008  -0.00267139
    0.280588     0.261202     0.200835     0.271015     0.200802     0.241012     0.250433     0.271168     0.176784     0.246081     0.250165     0.247884     0.266784     0.259775     0.309525     0.249818     0.253232     0.260005     0.245174     0.221319     0.136442    -0.111281    -0.903209     -2.37651      12.1289      -2.4326    -0.858665   -0.0730147     0.152749     0.202364      0.25478     0.285333     0.264538     0.236278     0.295928     0.289462     0.257793     0.271762     0.270877     0.264443     0.257341      0.29323     0.270263     0.270777      0.28014     0.270027     0.249189     0.243563     0.323737     0.184843     0.255611     0.146865    0.0642726     0.268061     0.236712   0.00253982     0.241272   0.00798248     0.241966     0.144435   -0.0375132   0.00460969   0.00318494   0.00128897   0.00254027   0.00378066   0.00553336   0.00771466    0.0106334    0.0133675    0.0165657    0.0199052    0.0237143     0.027623    0.0332118    0.0394531    0.0446765    0.0486101    0.0503792    0.0486243    0.0420124    0.0286307    0.0108891    0.0187143   -0.0102319  -0.00739015   0.00180802 -0.000658972  -0.00400103   -0.0049764  -0.00621885  -0.00712201  -0.00857837  -0.00959725   -0.0112141   -0.0123246   -0.0131326    -0.014546   -0.0150707   -0.0154328   -0.0153819   -0.0150703   -0.0151186   -0.0165519   -0.0169857   -0.0185397   -0.0201275   -0.0219391   -0.0253745   -0.0346242   -0.0476002   -0.0422666   -0.0297414   -0.0103706   -0.0440171   -0.0310804  -0.00178234   -0.0370709   -0.0346304   -0.0561936  2.01661e-09    0.0177981  -0.00277419
