   123   123     1
     9.72815     0.211415     0.192369     0.222133     0.229967     0.222996     0.221071     0.227113     0.227634     0.246986     0.238222     0.240513     0.245333     0.240129     0.244043     0.229419     0.235896     0.246311     0.247584     0.250986     0.242854     0.248751      0.26294     0.250341     0.242447     0.258249      0.26007     0.262956     0.251707     0.249588     0.256889     0.264018     0.247033     0.227907     0.255688     0.247269     0.228296     0.243534     0.237482     0.229647     0.233627     0.243567     0.240087     0.235821     0.247334     0.244929     0.243454     0.240204      0.23726     0.234542     0.233133     0.235412     0.229504     0.237462     0.179969   -0.0260377      0.23844    -0.233229     -1.91363     -5.83509      2.48299   -0.0307514    -0.058853   -0.0784782   -0.0833656   -0.0879419   -0.0954304    -0.103715   -0.0974663   -0.0978474   -0.0987816   -0.0980974   -0.0994239   -0.0972595   -0.0986444   -0.0988947   -0.0952039   -0.0914235   -0.0870337   -0.0847077   -0.0825344   -0.0775269   -0.0735354   -0.0750138   -0.0693014   -0.0674102    -0.064976   -0.0637828   -0.0649141   -0.0642299   -0.0648462   -0.0645812   -0.0686497   -0.0702375   -0.0693304   -0.0700117   -0.0714022   -0.0714847   -0.0721204   -0.0734973   -0.0733728   -0.0740105   -0.0751073    -0.076615   -0.0766858   -0.0784391   -0.0805714   -0.0832804   -0.0869341   -0.0915419   -0.0959846   -0.0932647   -0.0990115     -0.13097    -0.129223   -0.0869033    -0.176439      -0.1981    0.0103339       2.1398 -1.69363e-07   -0.0159922    0.0267738
    0.211415     0.259108     0.194108     0.211428     0.192511     0.215926      0.22286     0.236708     0.184629     0.234699     0.235563     0.228284     0.237556     0.228634     0.259302     0.251236     0.250483     0.252942     0.249536     0.264726      0.26277     0.255145      0.26744     0.279664     0.260473     0.273647     0.268883     0.272044     0.273957     0.267054     0.271561     0.267291     0.270939     0.259832     0.265344     0.259733     0.257616     0.251774     0.251077     0.254827     0.254336     0.254902     0.254079     0.257165      0.26063     0.258724     0.256729     0.252013     0.251054     0.245173     0.241693     0.237711     0.223907     0.223796     0.210421   0.00253112     0.210617     0.015575     0.154844     0.163055    -0.090804    0.0971599     0.068326    0.0585989    0.0436344    0.0341033    0.0325943    0.0317661    0.0293055    0.0245559    0.0198182    0.0148433   0.00961624   0.00429571    -0.001243  -0.00561909  -0.00757427  -0.00870458  -0.00871287  -0.00800935  -0.00612463  -0.00297838 -5.96605e-05   0.00111158   0.00513919   0.00789975    0.0098358    0.0111482    0.0112967    0.0114914    0.0110013    0.0101042   0.00648923    0.0052615   0.00208077  0.000891524 -0.000218265  -0.00399651  -0.00529086   -0.0075561  -0.00787627  -0.00979071   -0.0103843   -0.0124851    -0.013058   -0.0151781   -0.0176895   -0.0195481   -0.0204066   -0.0216805   -0.0248964   -0.0317006   -0.0443028   -0.0571531   -0.0739506   0.00081002   0.00175464   -0.0259028   -0.0662838   -0.0553002  1.51901e-08    0.0315585  -0.00484295
    0.192369     0.194108      1.44969  -0.00388218      0.18445     0.223464      0.23663     0.261258     0.116761     0.216496     0.224536     0.194583     0.211556     0.193849     0.280339     0.288322     0.272218     0.256686     0.242326     0.281239     0.292802     0.256616     0.263324       0.3279     0.285969     0.292595     0.272929     0.275482     0.305958     0.288796     0.286507     0.256038     0.308317     0.317622     0.267309     0.269986     0.311265      0.24847     0.264706      0.30071     0.284582     0.257121     0.268852     0.296281      0.26807     0.273798     0.272059     0.263179     0.272373     0.242331     0.241622     0.236538     0.194566     0.204852     0.192919  -0.00589647     0.159363    0.0241912     0.261447    0.0948701   -0.0691803    -0.312791     -0.35198    0.0221447    0.0581188    0.0844027     0.114432     0.139157     0.141477     0.137587     0.130068     0.121694     0.113061    0.0982833    0.0824894    0.0656771    0.0502971    0.0372181    0.0270538    0.0202226    0.0161708    0.0142009    0.0134281   0.00974015    0.0117409    0.0134894    0.0145127    0.0154148    0.0143117    0.0142213    0.0135653    0.0126818   0.00475425   0.00345131  -0.00204544  -0.00262315  -0.00350602   -0.0152081   -0.0168924   -0.0217762   -0.0227644   -0.0274161   -0.0280988   -0.0349724   -0.0356871   -0.0394312   -0.0419805   -0.0415055   -0.0418282   -0.0467367   -0.0541054   -0.0577026   -0.0620651   -0.0888295     -0.09392    0.0766654    0.0352718    -0.094111    -0.123057  0.000811028 -4.53015e-08     0.137096   -0.0150974
    0.222133     0.211428  -0.00388218     0.612736     0.129652     0.254435     0.232678     0.239658     0.230886     0.254275     0.245252     0.246502     0.253028     0.247795     0.256675     0.241431     0.246429     0.256104      0.25719     0.263145     0.255602     0.259651     0.274855     0.266107     0.255917     0.272271     0.273746     0.277489     0.267858     0.264994     0.272416     0.278908      0.26282     0.242855     0.271294     0.262237      0.24224      0.25948     0.251983     0.242649     0.248353     0.260359     0.254591      0.24789     0.264147     0.259262     0.257156     0.254018     0.248945     0.252562     0.248159      0.24455     0.241592     0.238859     0.225377   0.00639544     0.237258    0.0143653     0.127593     0.192165    -0.088645    0.0745364     0.187532     -0.28307   -0.0370103    -0.037121   -0.0382199    -0.039066   -0.0306262   -0.0265805   -0.0226069   -0.0189294   -0.0169619   -0.0149072   -0.0135103   -0.0111978  -0.00755846  -0.00430525   -0.0010776   0.00222649   0.00628195     0.010805    0.0147405    0.0188119    0.0231016    0.0264432    0.0285973    0.0300987     0.031251    0.0314496    0.0310979    0.0298843    0.0286968    0.0276251    0.0243347    0.0226551    0.0215013    0.0206988    0.0194606    0.0182617    0.0181685      0.01733    0.0167549    0.0166776     0.016021    0.0146329    0.0121048   0.00924601   0.00840398   0.00904718    0.0080567   -0.0027622   -0.0205731   -0.0201599    -0.040452   -0.0105644  -0.00494414    0.0207551   -0.0212568   -0.0659018  1.75487e-09   -0.0119821  -0.00547179
    0.229967     0.192511      0.18445     0.129652     0.487942     0.157507     0.253933     0.234284     0.268265     0.267826     0.252237     0.262231     0.265356     0.263332     0.249725       0.2278     0.238758     0.255421     0.260795     0.257206     0.244197     0.259721     0.277305     0.247651     0.246598     0.265718      0.27324     0.277323     0.256284     0.257524     0.267697     0.284707     0.249186     0.220943     0.271728     0.259346     0.221976     0.261901     0.247695     0.225532     0.237393     0.260538     0.249868     0.233552     0.262293     0.254467     0.252276     0.250767     0.241695     0.254723     0.249377     0.246256     0.254264     0.248279     0.234702     0.010005     0.258862    0.0120437    0.0937626     0.219346   -0.0896946     0.042686     0.105458     0.127791    -0.176931   -0.0961104    -0.103626    -0.109059   -0.0941186    -0.084425   -0.0742833    -0.064225   -0.0567561   -0.0478633   -0.0399914    -0.031059   -0.0212586   -0.0129307  -0.00569612  0.000623912   0.00706355    0.0133601    0.0185631     0.024998    0.0298053    0.0335968    0.0360207    0.0376783    0.0395492    0.0398069    0.0395592    0.0382102    0.0390811    0.0381114    0.0353088    0.0333019    0.0321041    0.0343868    0.0332827    0.0331513    0.0333078    0.0335592    0.0330174    0.0348893    0.0342322    0.0335466    0.0310526    0.0272791    0.0263639     0.028669    0.0296737    0.0164528  -0.00527169   0.00471561   -0.0190531   -0.0313529   -0.0145147    0.0568669    0.0128063   -0.0804718  8.96566e-09   -0.0544272  -0.00319828
    0.222996     0.215926     0.223464     0.254435     0.157507     0.420929     0.125272     0.261577       0.2277     0.252396      0.24512     0.247896      0.25453     0.249415     0.256942     0.241444     0.246759     0.256655     0.257784      0.26315     0.255315     0.259899     0.275147     0.265348     0.255619     0.272092     0.273809     0.277505     0.267299     0.264644     0.272192     0.279141     0.262113     0.241827     0.271327     0.262081     0.241309     0.259582     0.251753     0.241864     0.247871      0.26035      0.25435     0.247249     0.264039     0.259025     0.256915     0.253842     0.248612     0.252585     0.248145     0.244595      0.24209     0.239187     0.225748   0.00657053     0.238194    0.0142115     0.126811     0.194035   -0.0884242    0.0189353    0.0368603    0.0487041    0.0414056   -0.0924122   -0.0465529   -0.0495621   -0.0405629   -0.0359136   -0.0312854   -0.0267665   -0.0240517   -0.0210486    -0.018881    -0.015842    -0.011465  -0.00760156  -0.00386529  -0.00022704   0.00406133   0.00879727    0.0128764    0.0169864     0.021366    0.0247145    0.0268961    0.0284024    0.0295389    0.0297511    0.0293985    0.0282113    0.0270501     0.025973    0.0228216    0.0211644    0.0200162    0.0193833    0.0181719    0.0170231    0.0169461    0.0161581    0.0155875    0.0155833    0.0149418    0.0135798    0.0110629   0.00818434   0.00733846   0.00801753   0.00711665  -0.00351712   -0.0212552   -0.0207937   -0.0410106   -0.0128666  -0.00552402    0.0206377   -0.0211859   -0.0663936  5.87142e-09   -0.0136567  -0.00476845
    0.221071      0.22286      0.23663     0.232678     0.253933     0.125272     0.495518    0.0739857     0.299371     0.251144     0.237508     0.241676     0.250743     0.245413     0.258445     0.244744     0.248717     0.256821     0.256784     0.264305     0.257773     0.259588      0.27418     0.269385     0.257506     0.273276      0.27349     0.277034     0.269554     0.265927     0.272792      0.27716     0.264811     0.246618     0.270704     0.262242      0.24572      0.25849     0.252263     0.245513     0.250053     0.259792     0.254967     0.250227     0.263958     0.259654     0.257567     0.254101     0.249862     0.251514     0.247296     0.243655     0.238482     0.236281     0.222888    0.0056724     0.232426     0.014634     0.134691     0.187582   -0.0884103    0.0173115    0.0303685    0.0416248    0.0429151    0.0403042   -0.0702635   -0.0328799   -0.0259409   -0.0242051   -0.0217198   -0.0189028   -0.0175856   -0.0161608   -0.0155137   -0.0140245   -0.0110187  -0.00824821  -0.00532988  -0.00233645   0.00142324   0.00582574   0.00966594    0.0131151    0.0174388    0.0206634    0.0227983    0.0242661    0.0251754    0.0253864    0.0250024    0.0238846    0.0221504    0.0210375    0.0178992    0.0163602    0.0152281    0.0138798    0.0126557    0.0112508    0.0111184    0.0100684   0.00949472   0.00900516    0.0083807   0.00684226   0.00432692   0.00169035  0.000854376   0.00108468 -0.000325449   -0.0100551   -0.0265821   -0.0290401   -0.0483027  -0.00950893  -0.00359018   0.00987382   -0.0313736   -0.0632299  5.21135e-09  -0.00310972  -0.00487142
    0.227113     0.236708     0.261258     0.239658     0.234284     0.261577    0.0739857     0.636054     -0.37929     0.275624     0.249073     0.239399     0.252698      0.24883     0.268983     0.257146     0.260012     0.266533     0.265155     0.275171     0.269746     0.268636      0.28302     0.283406     0.268835     0.284426     0.283031     0.286516     0.281678     0.276886     0.283258     0.284993     0.277209     0.260641     0.279783     0.271841     0.259308     0.266611     0.261873     0.258277      0.26141     0.268529     0.264795     0.262448     0.273356     0.269667      0.26753     0.263512     0.260201     0.259373     0.255249     0.251396     0.243131     0.241632      0.22785   0.00491911     0.234543    0.0156369     0.148651     0.187588   -0.0911572    0.0230933     0.038485    0.0529516    0.0569202    0.0542719    0.0461542   -0.0642958   -0.0119156   -0.0118313   -0.0126017   -0.0117384   -0.0117764   -0.0118694   -0.0127207    -0.012794   -0.0111784  -0.00953886  -0.00743909  -0.00507846  -0.00179401   0.00238718   0.00609591   0.00892304    0.0133481     0.016548    0.0187118    0.0201911    0.0208793    0.0211002    0.0206686    0.0195943    0.0171663    0.0159736      0.01277    0.0113163    0.0101666   0.00800935   0.00673588   0.00500643   0.00481081   0.00344079   0.00284525   0.00181116   0.00118693 -0.000596981  -0.00319612  -0.00565626  -0.00650525  -0.00675804  -0.00875511   -0.0177824   -0.0335177    -0.039215   -0.0579982  -0.00639403  -0.00154132  -0.00174283   -0.0436394   -0.0617113  3.12651e-09   0.00825466  -0.00515235
    0.227634     0.184629     0.116761     0.230886     0.268265       0.2277     0.299371     -0.37929      4.17728      -1.2847     0.321085     0.256552     0.238328     0.251582      0.23464     0.215405     0.231299     0.250478     0.255882     0.246336     0.230744     0.250642     0.267634     0.229098     0.232849     0.252327     0.261786     0.265033     0.239256     0.242505     0.253372     0.273881     0.230704      0.20086     0.259766     0.245933     0.202797     0.251035     0.234062     0.207606      0.22205     0.248635     0.236057     0.216674     0.249313     0.240486     0.238345     0.237527     0.227371     0.243215     0.237614     0.235135     0.247035     0.239331     0.226649    0.0110519     0.255289    0.0096958    0.0796306     0.226973    -0.086231     0.033832    0.0917158     0.144557     0.163019      0.17068     0.165552     0.159392    -0.175028    -0.137209    -0.133597    -0.123753    -0.113444   -0.0987402   -0.0858928   -0.0722222    -0.057832   -0.0456727     -0.03509   -0.0266659   -0.0188867   -0.0110501  -0.00478923   0.00146481   0.00706961    0.0107631    0.0134211    0.0150891    0.0166492    0.0170682    0.0168131    0.0158468    0.0167646    0.0157568    0.0147222    0.0131096    0.0120349    0.0159219    0.0151555    0.0155158    0.0158265    0.0165376    0.0160978    0.0185831    0.0181325    0.0177004    0.0154198     0.011653    0.0107347     0.013196    0.0148673   0.00454283   -0.0151645  -0.00689589   -0.0292258    -0.054915    -0.020606    0.0492414   0.00806012   -0.0841571  1.87423e-08      -0.0669   0.00134311
    0.246986     0.234699     0.216496     0.254275     0.267826     0.252396     0.251144     0.275624      -1.2847       3.3628     -1.34524     0.293141     0.273932     0.252684     0.266465     0.256322     0.269051     0.283455     0.285043     0.286302      0.27542     0.283418     0.299594     0.282096     0.274905     0.293537     0.296754     0.300077       0.2852     0.283732     0.292585      0.30267     0.278101     0.254611     0.293341     0.281869     0.254728     0.280998      0.27019     0.256237     0.264878     0.281088      0.27298     0.263019     0.284393     0.278077     0.275759     0.272807     0.266293     0.272526     0.267371     0.263906     0.263683     0.259141      0.24488   0.00797652     0.261841    0.0140127     0.132098     0.221806   -0.0959487    0.0363037    0.0796689     0.120599     0.136454     0.145675     0.144401     0.127716    0.0562264    -0.101179   -0.0809252   -0.0695881    -0.067617   -0.0614928   -0.0561612   -0.0498232   -0.0422533     -0.03578   -0.0295754   -0.0242747   -0.0187501   -0.0123834  -0.00705172  -0.00283188   0.00276817   0.00641822     0.009076    0.0107821    0.0117378    0.0121257    0.0117199     0.010748   0.00932721   0.00807855   0.00613939   0.00467971   0.00351951   0.00403519   0.00297752    0.0020558    0.0020889    0.0015318  0.000992508   0.00139728  0.000865318 -0.000488861  -0.00312097  -0.00626184  -0.00719036  -0.00640728  -0.00697799   -0.0161096   -0.0338699   -0.0356747   -0.0567754    -0.033546   -0.0108394     0.013555   -0.0306144   -0.0765122  1.03291e-08   -0.0229343  -0.00153892
    0.238222     0.235563     0.224536     0.245252     0.252237      0.24512     0.237508     0.249073     0.321085     -1.34524       4.1392     -1.52531     0.281851     0.261573     0.248621      0.24393      0.25972     0.275159      0.27697     0.280841      0.27147     0.276176     0.290947     0.278774     0.269564     0.287016     0.288679     0.291793     0.280092     0.277707     0.285639     0.292816     0.273605     0.252878     0.285128     0.274718     0.252605     0.272612     0.263687     0.253299     0.260248     0.273235     0.266518     0.259234     0.276928     0.271498     0.269261     0.265981     0.260662     0.264335     0.259547     0.256053     0.253038      0.24945     0.235632   0.00683194     0.249009    0.0142123     0.137451     0.208864   -0.0926969    0.0309312    0.0650563    0.0995003     0.115428     0.130233     0.140918     0.137354     0.106248    0.0453999    -0.122759   -0.0660901   -0.0586925     -0.05397   -0.0497933   -0.0445667   -0.0383363   -0.0331826   -0.0281447   -0.0237391   -0.0190281   -0.0133625  -0.00856621  -0.00516029  0.000147891   0.00356298   0.00608228   0.00770253   0.00843999   0.00880994   0.00838926   0.00749363   0.00557823   0.00433635   0.00241356   0.00110688  5.47029e-06 -0.000222885  -0.00126834  -0.00242085  -0.00244829  -0.00326132   -0.0037826  -0.00386941  -0.00437903  -0.00587138  -0.00843338   -0.0112413   -0.0121072   -0.0117615   -0.0128056   -0.0209723   -0.0371552   -0.0413912   -0.0608936   -0.0275122  -0.00806552   0.00367702   -0.0385774   -0.0703951  8.68292e-09   -0.0114324  -0.00201539
    0.240513     0.228284     0.194583     0.246502     0.262231     0.247896     0.241676     0.239399     0.256552     0.293141     -1.52531      4.30277      -1.3841     0.333913     0.257451      0.22009     0.246119     0.271317     0.278155     0.278873     0.267468     0.277125      0.29224     0.270361     0.265205     0.283727     0.287873     0.290877     0.274074     0.273616     0.282715     0.294296     0.266398     0.242418     0.284575     0.272506     0.242931     0.272903     0.260845     0.244986      0.25482     0.272509     0.263512      0.25217     0.275234     0.268462     0.266174     0.263586     0.256624      0.26421     0.258938      0.25559     0.257046     0.251973     0.238092   0.00817497     0.256611    0.0130812     0.122454      0.21904   -0.0936746    0.0164161    0.0429176    0.0711043    0.0850107     0.101119     0.117658     0.130937     0.125019     0.107785    0.0605003    -0.127517   -0.0872402   -0.0753952   -0.0696176    -0.060717   -0.0506671   -0.0424059   -0.0349179    -0.028643   -0.0225507   -0.0158641   -0.0103495  -0.00600701 -0.000334271   0.00328196   0.00596828    0.0076714   0.00866063   0.00908074   0.00869865   0.00779818   0.00666655   0.00545681   0.00404266   0.00270147   0.00162745   0.00283156   0.00188936   0.00121955   0.00130495  0.000951301   0.00048907   0.00125246  0.000768509 -0.000434144  -0.00297078  -0.00611497  -0.00696478  -0.00592881  -0.00617599   -0.0149841   -0.0325031   -0.0335394   -0.0544339    -0.036978   -0.0123876    0.0169134    -0.026305    -0.076897  1.40957e-08   -0.0282696  -0.00102018
    0.245333     0.237556     0.211556     0.253028     0.265356      0.25453     0.250743     0.252698     0.238328     0.273932     0.281851      -1.3841      3.43284     -1.22315     0.333704     0.242271     0.239131     0.269352     0.281993     0.286907     0.277299     0.286176       0.3013     0.281244     0.274525     0.293048     0.296386     0.299352      0.28357     0.282606     0.291614      0.30207      0.27588     0.252391     0.292875     0.280817     0.252708     0.280582     0.268983     0.254391     0.263774     0.280467     0.271794     0.261427      0.28351     0.276902     0.274546     0.271657     0.265055     0.271569     0.266237     0.262625     0.262487     0.257829       0.2435    0.0078091     0.260657    0.0139438     0.130583     0.219986   -0.0961096   0.00729932    0.0216558    0.0385876    0.0476274    0.0598389    0.0744095    0.0911321     0.100187     0.102546    0.0942244      0.04272   -0.0774977   -0.0519847    -0.062544   -0.0564725   -0.0477377   -0.0401306   -0.0330899   -0.0269472   -0.0208936   -0.0143215  -0.00885094  -0.00456395   0.00114866   0.00484358   0.00757042   0.00931573     0.010306    0.0107214    0.0103234    0.0093778   0.00801846   0.00677614   0.00519287   0.00385219   0.00277537   0.00360201   0.00260579   0.00178343   0.00183088   0.00130902   0.00084954   0.00140484  0.000890228 -0.000436924  -0.00306151  -0.00617225  -0.00698806  -0.00606922  -0.00658684   -0.0157085   -0.0334878   -0.0352811     -0.05647   -0.0321065   -0.0108165    0.0150469   -0.0293596   -0.0765566  1.39622e-08   -0.0228619  -0.00186319
    0.240129     0.228634     0.193849     0.247795     0.263332     0.249415     0.245413      0.24883     0.251582     0.252684     0.261573     0.333913     -1.22315      3.31902     -1.08488     0.353136     0.253387     0.249374     0.268184      0.27641     0.268569     0.281133     0.296475     0.271688     0.267099     0.285519     0.289789     0.292396     0.274218     0.274343     0.283771     0.296191     0.265948     0.241457     0.286329     0.273536     0.242205     0.274709     0.261601     0.244542      0.25535     0.274051     0.264285       0.2521     0.276482     0.269273     0.266925     0.264441     0.257182     0.265492     0.259972     0.256407     0.258343     0.253094     0.238975   0.00816785      0.25815    0.0131752     0.120055     0.218652   -0.0946892  -0.00463813 -1.23486e-05   0.00853007    0.0140833    0.0223084    0.0323151    0.0472795    0.0655094    0.0817623    0.0936764    0.0928135    0.0674596  -0.00973983   -0.0645236   -0.0634383   -0.0536757   -0.0449407   -0.0364658   -0.0290584   -0.0219997   -0.0148289  -0.00892698  -0.00403645   0.00177862   0.00554377   0.00831836    0.0100846     0.011215    0.0116458    0.0112798    0.0103368   0.00943983   0.00824942   0.00700088   0.00569994   0.00469202   0.00626587   0.00534982   0.00480664   0.00490661   0.00461757   0.00422905   0.00523643   0.00474008   0.00358814   0.00102629  -0.00217195  -0.00290779  -0.00160152  -0.00171882   -0.0111676   -0.0293785   -0.0293411   -0.0509025   -0.0338527   -0.0123411    0.0228012   -0.0213778   -0.0778781  1.63001e-08    -0.030093  -0.00172935
    0.244043     0.259302     0.280339     0.256675     0.249725     0.256942     0.258445     0.268983      0.23464     0.266465     0.248621     0.257451     0.333704     -1.08488      2.71633     -1.33984     0.227728     0.271031     0.258066     0.282791     0.287705     0.291556     0.307756     0.306835     0.291094     0.307235     0.305105     0.308125     0.302389     0.297647     0.304536      0.30613      0.29688     0.279646     0.301007     0.291843     0.278313     0.286634     0.280959     0.277222     0.281129     0.288569     0.284187     0.281899     0.293588     0.289479     0.287144     0.282762     0.279407     0.278041     0.273479     0.269266     0.259674     0.258079     0.243361   0.00495613     0.250014    0.0167977     0.163318     0.200621   -0.0970217   0.00908882    0.0103403    0.0139424    0.0164938    0.0216121    0.0298293    0.0398922    0.0498697    0.0558311    0.0573331    0.0500346    0.0295806   -0.0159987    0.0149194   -0.0136493  -0.00706444   -0.0088671   -0.0099252   -0.0090504  -0.00678588  -0.00356938 -0.000389258   0.00179359   0.00635852   0.00956223    0.0119175    0.0135276    0.0141434    0.0144623    0.0139978    0.0129818     0.010128   0.00881265   0.00606731    0.0047624   0.00364349   0.00157651  0.000331037  -0.00147793  -0.00167209  -0.00316909  -0.00371489  -0.00482333  -0.00543046  -0.00737873     -0.01014   -0.0126332   -0.0134145    -0.013754   -0.0159483   -0.0246299   -0.0405985   -0.0483113   -0.0676267  -0.00803469  -0.00135359   -0.0075629   -0.0517846   -0.0647382   5.9906e-09    0.0122221  -0.00474983
    0.229419     0.251236     0.288322     0.241431       0.2278     0.241444     0.244744     0.257146     0.215405     0.256322      0.24393      0.22009     0.242271     0.353136     -1.33984      4.93448     -1.87142     0.141197     0.246431     0.245806     0.259703     0.269981     0.290056      0.29731     0.280232     0.294333     0.289896      0.29212     0.289772     0.284207     0.289996     0.288363     0.285102     0.271414     0.285262     0.277342     0.269647     0.270929      0.26736     0.267677     0.269713     0.273377     0.270576     0.271353     0.278689     0.275635      0.27344     0.268782      0.26686     0.262588     0.258518     0.254403     0.241844     0.241291     0.227462   0.00355856     0.229967    0.0165703     0.166587     0.182454    -0.090946    0.0149125    0.0170701    0.0209656    0.0235577    0.0290689     0.039027    0.0513524    0.0628918    0.0725249     0.080257    0.0810251    0.0711509    0.0441664   0.00825994   -0.0458177   -0.0165006  -0.00144918   -0.0051041  -0.00701081  -0.00669264  -0.00536825  -0.00355079  -0.00275548  0.000894043   0.00341493   0.00541301   0.00680646   0.00705763   0.00736206    0.0068847   0.00602468   0.00260309   0.00130639  -0.00117868  -0.00222875  -0.00324379  -0.00602722  -0.00719703  -0.00921302  -0.00946207    -0.011208   -0.0117087   -0.0133496    -0.013895   -0.0159612   -0.0185696   -0.0206021   -0.0212857   -0.0221519   -0.0248271    -0.031821   -0.0453244   -0.0561571   -0.0729575   -0.0028959   0.00156502   -0.0208247    -0.061585   -0.0563012  1.97633e-09    0.0252246  -0.00466025
    0.235896     0.250483     0.272218     0.246429     0.238758     0.246759     0.248717     0.260012     0.231299     0.269051      0.25972     0.246119     0.239131     0.253387     0.227728     -1.87142      5.57041     -1.89512     0.177714     0.258739     0.240193     0.262421     0.292501     0.295411     0.284631      0.30039     0.297354     0.298183     0.289961     0.286286     0.293316     0.295571     0.283226     0.266909     0.291308     0.280994     0.266054      0.27728     0.270022     0.265324     0.270735     0.278685     0.273241     0.270448     0.283007     0.278434     0.276094      0.27192     0.268619     0.267475     0.262679     0.258464     0.249055      0.24705     0.232849   0.00447704     0.239698    0.0158556       0.1585     0.193998    -0.093963   0.00851586   0.00863964     0.011767    0.0146898    0.0204122    0.0301871    0.0439028    0.0609058    0.0789577     0.099265     0.115948     0.127675     0.125885     0.102242     0.062637    -0.109122   -0.0373988    -0.021798   -0.0225176   -0.0199971   -0.0167774   -0.0134479    -0.011335  -0.00707332   -0.0044306   -0.0022373 -0.000776059 -0.000492288 -9.74237e-05 -0.000574151  -0.00133667  -0.00435004  -0.00567763  -0.00702443  -0.00786896  -0.00876163   -0.0100073   -0.0109892   -0.0125437   -0.0126794   -0.0140648   -0.0144116   -0.0152712   -0.0157432   -0.0176189   -0.0202391   -0.0224835   -0.0230239   -0.0233107   -0.0253915    -0.032211   -0.0464226   -0.0563008   -0.0741966   -0.0123409   -0.0022967   -0.0141972   -0.0564831   -0.0628513  5.65355e-09    0.0137104  -0.00368114
    0.246311     0.252942     0.256686     0.256104     0.255421     0.256655     0.256821     0.266533     0.250478     0.283455     0.275159     0.271317     0.269352     0.249374     0.271031     0.141197     -1.89512      5.08948     -1.81533     0.198659     0.254785     0.254753     0.291487       0.2921      0.29187     0.311581     0.311099     0.310345      0.29453     0.292984     0.301516     0.308561     0.284662     0.264891     0.302872     0.289413     0.265228     0.289061     0.277057     0.266038     0.275777     0.289178     0.280326     0.273048     0.292304     0.285761     0.283201      0.27957     0.274518     0.277242     0.271467     0.267001     0.261279     0.257596     0.242724   0.00560903     0.254832    0.0153624     0.151053      0.20968   -0.0983684 -0.000301134  -0.00372963  -0.00281419 -0.000320732   0.00446828    0.0119764    0.0238201    0.0429222    0.0641022    0.0899996     0.115216     0.140351     0.157257      0.16271     0.151319    0.0954054    -0.100711   -0.0376305   -0.0399177   -0.0358286   -0.0300273   -0.0243515   -0.0199821   -0.0146241   -0.0115727  -0.00904759  -0.00743012  -0.00700746  -0.00650745  -0.00697949  -0.00767203   -0.0101306   -0.0114942   -0.0115369   -0.0121526    -0.012887   -0.0122449   -0.0130186     -0.01401   -0.0140135   -0.0149756   -0.0151226    -0.014991   -0.0153971   -0.0170515   -0.0197287   -0.0222707   -0.0225967   -0.0220876   -0.0234246   -0.0305284   -0.0461071   -0.0541482   -0.0737145   -0.0211482  -0.00639066  -0.00334918    -0.048111   -0.0708863  9.68475e-09 -0.000224138  -0.00301477
    0.247584     0.249536     0.242326      0.25719     0.260795     0.257784     0.256784     0.265155     0.255882     0.285043      0.27697     0.278155     0.281993     0.268184     0.258066     0.246431     0.177714     -1.81533       5.0388     -1.80792     0.167527     0.257525     0.271087     0.270739     0.284954     0.311262     0.314625     0.313097     0.291966      0.29175     0.300934     0.311001     0.279239     0.257683     0.304685      0.28912     0.258945     0.291282     0.275998     0.260808     0.273562     0.290444     0.279253     0.269044     0.292601     0.284757      0.28208     0.278889     0.272778     0.278031     0.271641     0.267005     0.263716     0.259032      0.24399   0.00613365     0.259221    0.0148305     0.143519     0.214752    -0.098978  -0.00651641   -0.0129437   -0.0142463   -0.0125488  -0.00916278  -0.00444143   0.00398792     0.021648    0.0407531    0.0648875    0.0898134     0.116857     0.139935     0.161739      0.17282     0.170908     0.121713   -0.0407299   -0.0460514   -0.0465762    -0.038305   -0.0314014   -0.0251866   -0.0192897   -0.0160892   -0.0134985    -0.011847   -0.0113409   -0.0107959   -0.0112577   -0.0118846   -0.0139049   -0.0152613   -0.0142898   -0.0146866   -0.0152576    -0.013255   -0.0138468   -0.0144038   -0.0143161   -0.0149741   -0.0149418   -0.0140938    -0.014443   -0.0159102   -0.0185698   -0.0212312   -0.0213344   -0.0202372   -0.0210281    -0.028231   -0.0444281   -0.0509302   -0.0711544   -0.0248118  -0.00856894   0.00490992   -0.0405776    -0.074147  1.21888e-08  -0.00887378  -0.00273456
    0.250986     0.264726     0.281239     0.263145     0.257206      0.26315     0.264305     0.275171     0.246336     0.286302     0.280841     0.278873     0.286907      0.27641     0.282791     0.245806     0.258739     0.198659     -1.80792      5.05594     -1.95616    0.0544998     0.249425     0.255428     0.273742     0.311232     0.319545     0.321937     0.308519     0.304896     0.312278     0.316723     0.297146      0.27868     0.312178     0.299315     0.278631      0.29746      0.28688     0.278604     0.286961     0.298111     0.290296     0.285075     0.301873     0.295903     0.293294     0.289171     0.284891     0.285529     0.279867     0.275101     0.266634      0.26389     0.248578   0.00495835     0.257882    0.0166959     0.163957     0.208295    -0.100056   0.00117128  -0.00468512  -0.00639092  -0.00528965  -0.00239992    0.0024253   0.00896661    0.0208508    0.0316992    0.0453976    0.0596961    0.0752904    0.0885991     0.102192     0.109421      0.10971    0.0993356    0.0438133   -0.0138914   -0.0321483   -0.0157174   -0.0136862  -0.00985065  -0.00649509  -0.00452029  -0.00303107  -0.00189088  -0.00168833  -0.00139025  -0.00193185  -0.00273165  -0.00554375   -0.0069499  -0.00762416  -0.00836688  -0.00917523  -0.00941886   -0.0103204    -0.011615   -0.0116944   -0.0129497    -0.013134   -0.0134447   -0.0139136   -0.0157643   -0.0185484   -0.0210008   -0.0213082   -0.0210617   -0.0228442   -0.0304956   -0.0463068   -0.0551302   -0.0747114     -0.01202  -0.00318769  -0.00637332   -0.0520443   -0.0682493   7.7484e-09   0.00913507  -0.00418328
    0.242854      0.26277     0.292802     0.255602     0.244197     0.255315     0.257773     0.269746     0.230744      0.27542      0.27147     0.267468     0.277299     0.268569     0.287705     0.259703     0.240193     0.254785     0.167527     -1.95616      6.25539     -2.13507   -0.0172488     0.216809     0.233048     0.281697      0.30363     0.313361      0.30523     0.300742     0.306659     0.307897     0.293205     0.277263     0.304728     0.292935     0.276948     0.289882     0.281073     0.276106      0.28284     0.290989     0.284492     0.281757     0.295124      0.28999     0.287459      0.28303     0.279854     0.278122     0.272811     0.268015     0.256962      0.25515     0.240254   0.00391068     0.246182    0.0169467     0.169156     0.196236   -0.0968228   0.00578615  0.000649219 -0.000978974 -7.98288e-05   0.00278703    0.0081781    0.0144671     0.023727    0.0310225     0.040228    0.0500831    0.0611976    0.0709281    0.0829694    0.0925454    0.0970807    0.0955151    0.0779116    0.0376941   -0.0262094   0.00400533 -0.000909201  -0.00673345  -0.00504501   -0.0041822  -0.00365047  -0.00298992   -0.0030636  -0.00297582  -0.00360034  -0.00436876  -0.00763217  -0.00903591   -0.0098298   -0.0105066    -0.011304   -0.0123082   -0.0132207   -0.0147372   -0.0148767   -0.0163703   -0.0165444    -0.017312   -0.0177693   -0.0197459   -0.0224684   -0.0246207   -0.0248689   -0.0250107   -0.0272185   -0.0341208   -0.0485816   -0.0593608   -0.0774859  -0.00566244 -0.000408679   -0.0146411   -0.0585167   -0.0623143  5.00628e-09     0.019683  -0.00457748
    0.248751     0.255145     0.256616     0.259651     0.259721     0.259899     0.259588     0.268636     0.250642     0.283418     0.276176     0.277125     0.286176     0.281133     0.291556     0.269981     0.262421     0.254753     0.257525    0.0544998     -2.13507      6.71108     -2.13558   -0.0346407     0.193005     0.252324     0.295387     0.314717     0.296112     0.299725     0.308394      0.31851     0.275991     0.254833     0.313283     0.293577     0.257914     0.299597     0.279022     0.260625       0.2782     0.297415     0.282567     0.270625     0.298119     0.288413     0.285409     0.282277     0.275948     0.281708      0.27407     0.268526     0.264159     0.258883     0.243346   0.00503542     0.258807    0.0151462     0.149837     0.212511   -0.0999271  -0.00644825   -0.0150302   -0.0186095   -0.0180246   -0.0160031   -0.0131092  -0.00817827   0.00481373    0.0169297     0.032551    0.0497652    0.0697469    0.0899966     0.118263     0.149235     0.175347     0.195721     0.204437     0.191476     0.159324    0.0122339  -0.00172317   -0.0464895   -0.0377831   -0.0357795   -0.0343067   -0.0331243   -0.0327866   -0.0324813   -0.0331629   -0.0335029   -0.0359141   -0.0373566   -0.0334626   -0.0329428   -0.0330153   -0.0291716   -0.0292927    -0.029323   -0.0291412   -0.0297022   -0.0291265   -0.0275605   -0.0277185   -0.0291658   -0.0318089   -0.0341206    -0.033448   -0.0318254   -0.0324369   -0.0378279   -0.0527688   -0.0621584   -0.0814745    -0.021234  -0.00781339   0.00100585   -0.0449688   -0.0726909  1.05385e-08  -0.00252358  -0.00316818
     0.26294      0.26744     0.263324     0.274855     0.277305     0.275147      0.27418      0.28302     0.267634     0.299594     0.290947      0.29224       0.3013     0.296475     0.307756     0.290056     0.292501     0.291487     0.271087     0.249425   -0.0172488     -2.13558       6.3691     -2.19886    -0.131405      0.18991     0.267587       0.3087     0.303889     0.315045     0.326506     0.337902     0.291356     0.267664     0.330446     0.309724     0.270868     0.316348     0.294408     0.273964     0.292697     0.313892     0.298027     0.284591     0.314547     0.304159     0.301001     0.297847     0.290779     0.297777     0.289717     0.283931     0.280457     0.274708     0.258279   0.00573847     0.275689    0.0158835     0.154336     0.226509    -0.105507  -0.00966415   -0.0198566   -0.0246136   -0.0245472   -0.0233378   -0.0220302   -0.0189943   -0.0065886   0.00418577    0.0180747    0.0334652    0.0510453    0.0694398    0.0954336     0.125613     0.152961     0.176274     0.191609     0.191887     0.173273     0.106223    0.0592969   -0.0608355   -0.0333396   -0.0304901   -0.0296753   -0.0288636   -0.0281618   -0.0282583   -0.0291877   -0.0297434   -0.0320079   -0.0334986   -0.0297136   -0.0293695   -0.0295574   -0.0254768   -0.0256771   -0.0256533   -0.0254565   -0.0259563   -0.0253915   -0.0235901   -0.0237941   -0.0252504    -0.028052   -0.0306312    -0.029976   -0.0280836   -0.0285345   -0.0350065    -0.051589   -0.0597034   -0.0807122   -0.0224806   -0.0088103   0.00734962   -0.0415719   -0.0780166  1.22305e-08  -0.00744334   -0.0033928
    0.250341     0.279664       0.3279     0.266107     0.247651     0.265348     0.269385     0.283406     0.229098     0.282096     0.278774     0.270361     0.281244     0.271688     0.306835      0.29731     0.295411       0.2921     0.270739     0.255428     0.216809   -0.0346407     -2.19886      7.31106     -2.28704    -0.242794     0.156423     0.244114     0.295495     0.309933     0.322949     0.317719     0.325449      0.31056     0.311243     0.306732     0.306719     0.295358     0.297058     0.302834     0.299728     0.299318     0.300192     0.304603     0.306785     0.305537     0.303361     0.297755     0.296708     0.289441     0.286112     0.281939     0.266108      0.26711     0.252003   0.00383803     0.251254    0.0192151     0.188304     0.195006   -0.0994019    0.0112375   0.00626081   0.00389207   0.00391628   0.00585347    0.0104967    0.0143121     0.018418    0.0181105    0.0174694    0.0169307    0.0158896    0.0141639    0.0124997    0.0119047    0.0124295    0.0119383   0.00894973  -0.00491489   -0.0336016   -0.0685424    -0.127882  0.000711789    0.0300371    0.0400052    0.0401362    0.0383766    0.0386979    0.0369935    0.0355253    0.0337083    0.0299318    0.0285512    0.0225811    0.0202219    0.0183449     0.012485    0.0105784   0.00764318   0.00718827   0.00489645   0.00389869   0.00110706  0.000271158  -0.00218639  -0.00514556  -0.00752169  -0.00879924   -0.0103394   -0.0138545   -0.0239119   -0.0401022   -0.0497322   -0.0688845   0.00759436   0.00522058   -0.0195805   -0.0645572    -0.058663  2.47301e-09    0.0328491  -0.00580726
    0.242447     0.260473     0.285969     0.255917     0.246598     0.255619     0.257506     0.268835     0.232849     0.274905     0.269564     0.265205     0.274525     0.267099     0.291094     0.280232     0.284631      0.29187     0.284954     0.273742     0.233048     0.193005    -0.131405     -2.28704      8.21348     -2.24908    -0.152832     0.178598     0.231632     0.273494     0.303529     0.314478     0.289355     0.270466     0.307769     0.292449     0.269906      0.29315     0.279833     0.270427     0.281309     0.292949     0.283202     0.277506     0.295663     0.288805     0.286065      0.28203     0.277966     0.278432     0.272166     0.266877     0.257353     0.254491     0.239292   0.00382234      0.24774    0.0165257     0.163774     0.197561   -0.0978485   0.00184093  -0.00515617  -0.00847579  -0.00844049  -0.00691516  -0.00384544 -0.000468062   0.00700178    0.0114676    0.0171407    0.0236897    0.0311278    0.0388021    0.0502379    0.0650597    0.0803138    0.0947571     0.107347     0.117549     0.120014     0.115633    0.0864425    0.0975361   -0.0635277   -0.0316167   -0.0104938   -0.0119594    -0.011104   -0.0125761   -0.0143975   -0.0157026   -0.0185339   -0.0198986   -0.0185391   -0.0187296   -0.0193732   -0.0188892   -0.0195648   -0.0205354   -0.0205932   -0.0218165   -0.0216346   -0.0215618   -0.0219024   -0.0237207    -0.026414   -0.0285141    -0.028286   -0.0277594   -0.0294929   -0.0357809   -0.0502135   -0.0610202   -0.0794035  -0.00690241  -0.00196884   -0.0095186   -0.0542421   -0.0645494  6.25792e-09    0.0154432   -0.0044142
