   123   123     1
     5.91839     0.255173     0.190475     0.255719     0.270644     0.264053     0.256853     0.280101     0.232078     0.295427     0.287579     0.285081     0.302346     0.284671     0.309877     0.257268      0.27455     0.300488     0.309071     0.316095     0.300339     0.305763     0.320577     0.294397     0.276658      0.30777     0.324663     0.323622     0.300676     0.287999     0.316089     0.315391     0.263564     0.224447     0.292349     0.290696     0.257826     0.275524     0.272362     0.260047     0.259809      0.31771     0.294336     0.288572     0.295366     0.285614       0.2699     0.286912     0.421712     0.282448     0.407705     0.265626      0.13472     0.274021     0.226476   0.00277654     0.256058    0.0437229    -0.915086     -6.24423     0.562273  -0.00439429  -0.00568873  -0.00762557  -0.00794601  -0.00931558    -0.010716   -0.0116325    -0.010177   -0.0099221   -0.0100946   -0.0104388   -0.0111209    -0.011704   -0.0126765   -0.0135399   -0.0138245   -0.0139771   -0.0139408     -0.01402   -0.0139371   -0.0132334   -0.0126545   -0.0130239   -0.0121983   -0.0119064   -0.0115802   -0.0114693   -0.0117489   -0.0116961   -0.0117877   -0.0117184   -0.0126079   -0.0127975   -0.0121876   -0.0119245   -0.0117394   -0.0115059   -0.0114439   -0.0114215   -0.0112921   -0.0110768   -0.0107522   -0.0105384   -0.0102993   -0.0104894   -0.0110543   -0.0124029   -0.0154046   -0.0221051   -0.0331282   -0.0324678   -0.0281916    -0.127781    -0.163029    -0.129695  -0.00399282    -0.108587    -0.517703      1.23409 -3.06549e-07   -0.0110129   -0.0318539
    0.255173     0.283095    0.0974314     0.264233      0.14022     0.226861     0.245744     0.257823     0.144012     0.216323     0.228413     0.223848     0.241785      0.23649     0.297114     0.249873     0.257781     0.270755     0.275224      0.29135      0.27831     0.274353     0.290987     0.281506     0.263448     0.283869     0.291017     0.293256     0.283786     0.272944     0.294528     0.297605     0.270146     0.237501     0.290862      0.28287     0.254472     0.267924        0.271      0.26935     0.258369     0.292306     0.262417     0.262736     0.261512     0.241705     0.216396     0.207956     0.239938     0.104406    0.0864822    0.0151773  -0.00902134     0.256105       0.2459   0.00447228     0.225968   0.00844621     0.244773     0.137631   -0.0152812   0.00976216    0.0038931   0.00308748   0.00287218   0.00332054   0.00390432   0.00424494   0.00413815   0.00393875   0.00371898    0.0034479   0.00312954   0.00271944   0.00233498    0.0020569   0.00188303   0.00170213   0.00161318   0.00172645   0.00204057   0.00248921   0.00290958   0.00328261    0.0036912   0.00400317   0.00412776   0.00420185    0.0042509   0.00416871   0.00404849   0.00385436    0.0034968   0.00326306    0.0025409   0.00190473   0.00132792  0.000459747  0.000147058  0.000140653  0.000198268   0.00032973  0.000295583 -0.000345064 -0.000696036  -0.00130236  -0.00178579  -0.00205137  -0.00220059  -0.00247859   -0.0016052   0.00168658   0.00459377   0.00420006   -0.0619401   -0.0620129  -0.00116586   -0.0741611   -0.0648831   -0.0265835  1.05896e-08     0.036288  -0.00553711
    0.190475    0.0974314      4.90837    0.0467819     0.299118      0.26353       0.2804     0.290635      0.13768     0.217895     0.227665     0.207233     0.217604     0.215916      0.31195     0.268219     0.268848      0.26962     0.268182     0.292276     0.280088     0.266367     0.284585     0.289165      0.26975     0.281598      0.27922     0.282821     0.283797     0.273707     0.290044     0.294942     0.286752     0.259325     0.304691     0.291831     0.265999     0.277338      0.28595     0.293759      0.27422     0.289398     0.248746     0.250946     0.239736     0.207409     0.170184     0.136106    0.0683366   -0.0686212      -0.2435    -0.253621    -0.165271     0.217192      0.28986   0.00988226     0.195255    0.0139406     0.295917    0.0974086  -0.00870433   -0.0649041   -0.0539321  -0.00486012 -0.000652084   0.00187315   0.00427694   0.00604496   0.00663085   0.00701843    0.0075276   0.00816359   0.00882893   0.00919483   0.00956984   0.00988842   0.00992997   0.00974953   0.00950908    0.0095418   0.00971845   0.00975889   0.00978384    0.0100524    0.0100073    0.0100798   0.00993915   0.00984017   0.00986505   0.00963667   0.00949229   0.00918464   0.00891916   0.00876705   0.00765032   0.00668366   0.00571391   0.00409151   0.00361327   0.00366433   0.00373544   0.00375489    0.0035319   0.00193435   0.00118177   0.00010048  -0.00039532  0.000464917   0.00294946   0.00833809    0.0211469    0.0310534    0.0343263    -0.054555   -0.0608082   -0.0986604   0.00234618    -0.128201   -0.0748016   -0.0129274 -7.31664e-08    0.0946296   -0.0119082
    0.255719     0.264233    0.0467819     0.435945   -0.0122379     0.261393     0.257859     0.270628      0.15125     0.226458      0.23797     0.231354     0.248755     0.243091     0.309011     0.260659     0.268112     0.280132     0.283905     0.301195     0.287718     0.282552     0.299806     0.291426     0.272641     0.292815      0.29914      0.30151     0.292781     0.281655     0.303349     0.306674     0.280392     0.247318     0.301587     0.292863     0.263849     0.277516     0.281297     0.280628     0.268386     0.301341     0.269241     0.269716     0.267299     0.245436      0.21796     0.206345     0.227977    0.0879637    0.0513906   -0.0152668    -0.027311     0.260005     0.258495   0.00517918     0.229602   0.00927163     0.257668     0.136938   -0.0150819    0.0036038   0.00501671   -0.0123227   0.00168075   0.00229161   0.00302311   0.00354491   0.00370701   0.00368961   0.00365052   0.00357471   0.00344089    0.0031843   0.00293604   0.00277309   0.00267302   0.00253338   0.00246355   0.00260174    0.0029356   0.00337346   0.00377857   0.00416487   0.00454322    0.0048436   0.00494547   0.00500406   0.00505518   0.00495253   0.00482692   0.00461138   0.00425542   0.00402513   0.00324063   0.00255347   0.00191858  0.000940017  0.000600008  0.000601905  0.000665249  0.000783833  0.000737974 -3.67621e-05 -0.000434032   -0.0011138  -0.00161906  -0.00175616  -0.00159508  -0.00121943   0.00108938   0.00523455    0.0082713   0.00161443   -0.0608917   -0.0650856 -0.000782279   -0.0793977   -0.0653243   -0.0258616 -6.91734e-09    0.0441378   -0.0068314
    0.270644      0.14022     0.299118   -0.0122379      1.08155   -0.0208526     0.233172     0.210573     0.234851     0.271739     0.250427     0.251979     0.264471     0.241542     0.228625     0.186442      0.20554     0.233737     0.242802      0.24011     0.226204     0.236771      0.24614     0.215665     0.202919     0.232136     0.251456     0.250063      0.22615     0.216169     0.241064     0.240821     0.191246     0.158214     0.212988     0.213852     0.187547     0.201141     0.196062     0.181657     0.184619     0.237293     0.228192     0.226246     0.239001     0.240226     0.235893     0.263185     0.420845     0.313259      0.50927     0.371967     0.201095     0.210338     0.185832  -0.00313037     0.227714 -0.000135959      0.14285     0.156592   -0.0160594    0.0143582     0.020111     0.019233   -0.0237706   -0.0149381   -0.0173104   -0.0186314   -0.0161322   -0.0151429   -0.0146522   -0.0143682   -0.0144697   -0.0143829    -0.014622    -0.014708   -0.0142224   -0.0136318   -0.0129349   -0.0124066   -0.0117797   -0.0106992   -0.0097643  -0.00949297  -0.00853622  -0.00803699  -0.00760603  -0.00736433    -0.007376  -0.00727705  -0.00730739  -0.00729461  -0.00778135  -0.00802793  -0.00779365  -0.00765439  -0.00745678  -0.00702545   -0.0069609  -0.00704478  -0.00698776  -0.00682941  -0.00651181  -0.00593462  -0.00551248  -0.00537607  -0.00583523  -0.00745667    -0.011189   -0.0195282    -0.035183   -0.0404859   -0.0380017    0.0512103     0.127119     0.111903  -0.00215688     0.126792    0.0872098   -0.0312359 -3.96444e-09    -0.051898   0.00465146
    0.264053     0.226861      0.26353     0.261393   -0.0208526     0.555678    0.0664563     0.298882     0.170852     0.232541     0.237571     0.237312     0.254999     0.244087     0.281822     0.235407     0.247267     0.265426     0.271228     0.281279     0.267526     0.268176     0.282699     0.266055      0.24935     0.273104     0.284359     0.285385     0.270934     0.260126     0.283233     0.285265     0.250024     0.216611     0.271594     0.266339     0.238039      0.25181     0.252319     0.246508     0.239823     0.280496     0.256681     0.256261     0.259499     0.246052     0.226956     0.229804     0.302662     0.173361     0.223613     0.129766    0.0580315     0.243696     0.234217   0.00214486     0.231318   0.00588555     0.217996     0.146086   -0.0155343   0.00515817   0.00559449   0.00518163   0.00461591  -0.00753595  -0.00355295  -0.00397037  -0.00318374  -0.00291247   -0.0028063   -0.0027969  -0.00296635  -0.00314906  -0.00343909  -0.00361859  -0.00354654   -0.0034549  -0.00327222  -0.00301492  -0.00259201  -0.00192678   -0.0013329  -0.00100197 -0.000408366 -3.57977e-05  0.000189045  0.000315213  0.000338657  0.000312448  0.000219619  9.13852e-05 -0.000323186 -0.000561925 -0.000967933  -0.00135158  -0.00168063  -0.00213952  -0.00233185  -0.00236028  -0.00229992  -0.00216535  -0.00207663  -0.00235452  -0.00245018  -0.00283254  -0.00332366  -0.00402119  -0.00532557  -0.00823343   -0.0126592   -0.0119747  -0.00909582    0.0165316   0.00678164  -0.00177252   -0.0013187  -0.00548227   -0.0108915   -0.0281215 -3.64382e-09   0.00863601  -0.00241884
    0.256853     0.245744       0.2804     0.257859     0.233172    0.0664563     0.547643    0.0109588     0.290993     0.260863     0.229544      0.22472     0.245683     0.239512     0.290391     0.243857     0.253551     0.268617     0.273384     0.286639     0.273183     0.271115     0.286718      0.27416     0.256731     0.278513     0.287352     0.289016     0.277429     0.266623     0.288765     0.291372     0.260751      0.22793     0.281827     0.275023     0.246773     0.260306      0.26232     0.258959     0.249796     0.286364     0.259055     0.259061     0.259654      0.24251      0.21981     0.215966     0.264301     0.131789     0.141463    0.0613624    0.0180303     0.248125     0.242114   0.00351851     0.227447   0.00737432     0.233455     0.140082   -0.0151261   0.00354925   0.00289146   0.00212582   0.00248664   0.00254442  -0.00474236 -0.000255405  0.000555359  0.000505168  0.000475122  0.000408916  0.000232752  -1.3901e-05 -0.000304814 -0.000499734 -0.000538195 -0.000581445 -0.000539557 -0.000357084  6.41152e-06   0.00054864   0.00104144   0.00138939   0.00187413   0.00220771    0.0023735   0.00246718   0.00250254   0.00244313     0.002335   0.00217012   0.00178664   0.00155446  0.000978056  0.000457948 -8.67871e-06 -0.000701441 -0.000961103 -0.000973296 -0.000913516 -0.000788955 -0.000762263  -0.00126684  -0.00149985  -0.00201497  -0.00250494  -0.00293564  -0.00354864  -0.00491231  -0.00618639  -0.00391637  -0.00100641   0.00864617   -0.0259378   -0.0321009  -0.00107487   -0.0406963   -0.0370042   -0.0267454 -4.72259e-09    0.0248664  -0.00434599
    0.280101     0.257823     0.290635     0.270628     0.210573     0.298882    0.0109588     0.845271    -0.844134    0.0940116     0.246553       0.2395     0.256593     0.253322     0.306454     0.257974     0.269971     0.287953     0.293694     0.306574     0.291854     0.290687     0.306946     0.291641     0.273196     0.297523     0.308118     0.309652     0.295933     0.284299     0.308556      0.31105     0.275974      0.24037      0.29892     0.292289      0.26185     0.276545     0.278029     0.273298      0.26461     0.305891     0.277971     0.277664     0.279415     0.262559     0.239694     0.238575     0.301679     0.160554     0.188776    0.0961634     0.037002     0.264793     0.256618   0.00317959     0.246427   0.00733509     0.245652     0.154245   -0.0163952   0.00600858   0.00625081   0.00639311   0.00724386   0.00771582   0.00764008  -0.00424516 -0.000681253 -0.000283171 -0.000394909 -0.000538235 -0.000798332  -0.00111077   -0.0014814  -0.00175145  -0.00183289  -0.00190725  -0.00187516  -0.00171088  -0.00135098 -0.000754079 -0.000212054  0.000109159   0.00066851   0.00103135   0.00123463   0.00134557   0.00136478   0.00132027   0.00120632   0.00105594  0.000610594  0.000360491 -0.000155752 -0.000639776  -0.00107061  -0.00170093  -0.00194895  -0.00196005  -0.00189587  -0.00176239  -0.00169438  -0.00214569  -0.00232534  -0.00282493  -0.00335282  -0.00393377  -0.00490804  -0.00710694  -0.00989766   -0.0080268  -0.00485393   0.00509159   -0.0214797   -0.0280287  -0.00136724   -0.0355813    -0.034834   -0.0294755 -6.86025e-09    0.0198523  -0.00384552
    0.232078     0.144012      0.13768      0.15125     0.234851     0.170852     0.290993    -0.844134      8.71046     -2.50445    -0.219308     0.170311     0.188275     0.175038      0.18845     0.160219     0.178782     0.203824     0.212556     0.213045     0.201026     0.207865      0.21649     0.192873     0.181281     0.205282     0.220448     0.219762     0.201016     0.192366     0.213277     0.213175     0.172899     0.144592     0.191584      0.19135     0.168551     0.180282     0.176763     0.165736     0.167078      0.21056      0.20009     0.198068     0.207132     0.205616     0.199424     0.219042     0.340995     0.246181     0.389246     0.277586     0.148019     0.183134     0.163806    -0.001802     0.194269   0.00115767     0.140186      0.13608   -0.0132657    0.0117445    0.0161175    0.0197965    0.0223972    0.0243177    0.0251748    0.0245254   -0.0100652  -0.00827341  -0.00801422  -0.00804418  -0.00857892  -0.00896748  -0.00950416  -0.00994766   -0.0100467    -0.010058  -0.00992014  -0.00983587  -0.00961919  -0.00896938  -0.00839183  -0.00837989  -0.00767557  -0.00733785  -0.00701076  -0.00684447  -0.00691716  -0.00682936  -0.00688586  -0.00684354  -0.00734124  -0.00753716  -0.00729819   -0.0071887  -0.00705408  -0.00677064  -0.00674731  -0.00676723  -0.00672051  -0.00660933  -0.00632611  -0.00600611  -0.00568672  -0.00567143  -0.00606428   -0.0073023   -0.0101483   -0.0166223   -0.0283125   -0.0312247    -0.028768  -0.00180983     0.047525    0.0413815  -0.00223203    0.0487012    0.0246074   -0.0265533 -5.15215e-09   -0.0331872   0.00286388
    0.295427     0.216323     0.217895     0.226458     0.271739     0.232541     0.260863    0.0940116     -2.50445      7.65822     -2.63988    -0.257227     0.234828     0.233527     0.251303     0.215228     0.240061       0.2717     0.283922     0.290535     0.275419     0.280306     0.293228     0.267996     0.251342     0.279932     0.296193     0.296239     0.275869     0.264462     0.290683     0.291488     0.245371     0.208838     0.269324     0.266596     0.236506     0.251633     0.249314     0.238518     0.236433     0.287575     0.268349     0.266392     0.274321     0.266616     0.252847      0.26844     0.391768     0.261308      0.38793     0.261599     0.134019     0.248252     0.230122 -0.000243158     0.251211   0.00383364     0.209482     0.170472   -0.0168208    0.0138834    0.0182192    0.0221324    0.0252104    0.0278925    0.0292149    0.0277145    0.0114616  -0.00720949  -0.00702932  -0.00573272  -0.00627044  -0.00687288   -0.0075565  -0.00813015  -0.00842435  -0.00865948  -0.00871481  -0.00873091  -0.00855157  -0.00790767  -0.00732265  -0.00729532  -0.00655051  -0.00617551  -0.00584163  -0.00567699  -0.00575604  -0.00569351   -0.0057934  -0.00579584  -0.00640405  -0.00665454  -0.00660864   -0.0066785  -0.00671627  -0.00670726  -0.00678284  -0.00678351  -0.00672321  -0.00659844  -0.00631295  -0.00625154  -0.00603272  -0.00621885  -0.00674096  -0.00796092   -0.0106517   -0.0168381   -0.0274338   -0.0288515    -0.025557   -0.0137671     0.017724    0.0115638  -0.00247643    0.0138183  -0.00387436    -0.032805 -1.25992e-08    -0.018957  0.000907714
    0.287579     0.228413     0.227665      0.23797     0.250427     0.237571     0.229544     0.246553    -0.219308     -2.63988      8.26603     -2.63501    -0.170608      0.27083     0.256872     0.201634     0.229548     0.264897     0.280735     0.291858      0.27802     0.281166     0.294791     0.272541      0.25521     0.281902     0.296056     0.296482     0.278397     0.267105     0.292429     0.293698     0.251429     0.215641     0.274835      0.27096     0.241145      0.25596     0.254786     0.245907     0.241979     0.289634     0.267952     0.266343     0.272235     0.261835     0.245477     0.255945     0.359923     0.228104     0.323384     0.208388     0.103038     0.249452     0.234366  0.000784655     0.246325   0.00490885     0.219298     0.164528   -0.0163682      0.01205    0.0154891    0.0186861    0.0214988    0.0244823     0.026639    0.0259609    0.0191984   0.00930542  -0.00576805  -0.00392013  -0.00354909   -0.0041418  -0.00489418  -0.00547167  -0.00585915  -0.00621778  -0.00640983  -0.00649992  -0.00638632  -0.00587123  -0.00539284  -0.00537058  -0.00473371  -0.00440339   -0.0041233  -0.00398886   -0.0040601  -0.00402412  -0.00413642  -0.00416704  -0.00474661  -0.00499148  -0.00507762  -0.00525129  -0.00539374  -0.00556245  -0.00568978  -0.00567701  -0.00561795  -0.00550723  -0.00526412  -0.00538023  -0.00525862   -0.0055427  -0.00606205  -0.00707031   -0.0092184    -0.014201   -0.0223518   -0.0225818    -0.019292   -0.0190386  -0.00568347   -0.0103084  -0.00225442   -0.0116816   -0.0224587   -0.0314766 -1.43284e-08  -0.00670472 -0.000529335
    0.285081     0.223848     0.207233     0.231354     0.251979     0.237312      0.22472       0.2395     0.170311    -0.257227     -2.63501      7.99056     -2.48807    0.0975945      0.30697     0.186627     0.206282     0.247672     0.270129     0.283923     0.271999     0.276535     0.290082     0.267235     0.250135     0.276653     0.290893     0.291002     0.272489     0.261365     0.286519     0.287657     0.245026     0.209684     0.268223     0.264771     0.235408     0.250053     0.248546     0.239251      0.23596     0.283821     0.263244     0.261524     0.267904      0.25849     0.243203      0.25503     0.362978     0.233979     0.336861      0.22048     0.110427     0.245479     0.227825   0.00043781     0.243188   0.00447638     0.211979     0.163396   -0.0163144   0.00968775    0.0127151    0.0153422     0.017865    0.0208417    0.0236405    0.0245725    0.0212774    0.0170489   0.00910755  -0.00511086  -0.00364533  -0.00398736  -0.00520218  -0.00583967  -0.00622937   -0.0065697  -0.00674704  -0.00682691  -0.00671127  -0.00620204  -0.00572953  -0.00572317  -0.00509334   -0.0047733  -0.00449421   -0.0043605  -0.00443554  -0.00439606  -0.00450372  -0.00452864  -0.00510475  -0.00534856  -0.00539842  -0.00554051  -0.00565174  -0.00576739   -0.0058775  -0.00587045  -0.00581106  -0.00570013  -0.00544578  -0.00550625  -0.00535412  -0.00560167  -0.00611444  -0.00716864  -0.00943733   -0.0146738   -0.0233954   -0.0239892   -0.0207644   -0.0160404  -0.00178557  -0.00539752  -0.00234889  -0.00566137   -0.0186278   -0.0314654 -1.01159e-08   -0.0101721 -0.000199015
    0.302346     0.241785     0.217604     0.248755     0.264471     0.254999     0.245683     0.256593     0.188275     0.234828    -0.170608     -2.48807      5.99884      -2.2141     0.294631     0.283863     0.228512     0.250832     0.277818     0.298048     0.288234     0.294136     0.309528     0.286061     0.267779     0.295668     0.310306       0.3103     0.290838     0.278942     0.305578     0.306924     0.262232      0.22471     0.286858     0.282984     0.251734      0.26728     0.265886     0.256345     0.252441     0.302775     0.280458     0.278786      0.28527     0.274789     0.258058      0.26972      0.38123     0.243401     0.347671     0.225833      0.11238     0.262567     0.243685  0.000644175     0.258466   0.00491396      0.22659     0.172531   -0.0174136   0.00717661   0.00940487    0.0111181    0.0131572    0.0156553     0.018384    0.0202433    0.0190905    0.0177344    0.0150232   0.00757108  -0.00170512  -0.00185648  -0.00486802  -0.00571083   -0.0061378  -0.00649249  -0.00664605  -0.00668315  -0.00651716  -0.00596866  -0.00546061  -0.00541496  -0.00476667  -0.00443182  -0.00415169  -0.00401594  -0.00408498  -0.00405548  -0.00416775  -0.00421194  -0.00480335  -0.00506528  -0.00516867  -0.00535319  -0.00550096  -0.00566772  -0.00579378  -0.00579613  -0.00573134  -0.00560832  -0.00536002   -0.0054419  -0.00531021  -0.00558546   -0.0061313  -0.00722267  -0.00954297   -0.0148623   -0.0237107   -0.0242542   -0.0208603   -0.0112434 -0.000586925  -0.00460585  -0.00240697  -0.00514446   -0.0185301   -0.0333165 -5.86705e-09  -0.00889064 -0.000462432
    0.284671      0.23649     0.215916     0.243091     0.241542     0.244087     0.239512     0.253322     0.175038     0.233527      0.27083    0.0975945      -2.2141      5.12124      -1.7451     0.409432     0.320387     0.250197     0.252173     0.276673     0.272324     0.279182      0.29552      0.27547     0.258083     0.283958     0.296868     0.296936     0.279369     0.267961     0.292907     0.294466     0.253804      0.21833      0.27702     0.272726     0.242999     0.257682      0.25696     0.248866     0.244087       0.2903     0.267778     0.266502      0.27172     0.260348     0.243051     0.251491     0.347912     0.215319     0.299062      0.18873    0.0916657     0.252267     0.235551   0.00114812     0.244731   0.00519574     0.220338     0.161069   -0.0165151   0.00439548   0.00549835    0.0061371   0.00746544   0.00907297    0.0110188    0.0127763     0.013035    0.0131886    0.0128624    0.0111974   0.00726584   0.00280596  -0.00301342  -0.00412612   -0.0044304  -0.00487723  -0.00505049  -0.00504986  -0.00485527  -0.00434831  -0.00387562  -0.00377274  -0.00320173  -0.00289459  -0.00265932  -0.00254334  -0.00259075  -0.00258403  -0.00269166  -0.00276284  -0.00329088  -0.00354181  -0.00374326  -0.00399227  -0.00420122  -0.00446738  -0.00461513  -0.00462444  -0.00456195  -0.00444203   -0.0042458  -0.00439916  -0.00434121  -0.00464891  -0.00516802  -0.00610662  -0.00804099   -0.0124471   -0.0196264   -0.0196857   -0.0165076  -0.00483404  -0.00453359  -0.00857687  -0.00208984   -0.0104574   -0.0206226   -0.0311281 -2.42578e-09  -0.00248597  -0.00113412
    0.309877     0.297114      0.31195     0.309011     0.228625     0.281822     0.290391     0.306454      0.18845     0.251303     0.256872      0.30697     0.294631      -1.7451      3.40119     -2.02465   -0.0409172     0.295364     0.300259     0.310451     0.306833     0.315178     0.340324     0.328271     0.308599     0.335165     0.345612     0.346894     0.332147     0.318939     0.345524     0.348543     0.311171      0.27173     0.336558     0.328561     0.294675       0.3109     0.313059     0.308623     0.298103     0.342711     0.310458     0.310275     0.311346     0.291336     0.264648     0.261244     0.323626      0.16543     0.183746    0.0850071    0.0283215     0.295406     0.288932   0.00404681     0.273251   0.00875952      0.28032     0.170778   -0.0179417    0.0042799   0.00390803   0.00346763   0.00431183   0.00550262    0.0069166   0.00810769   0.00836509   0.00828571   0.00770597   0.00650861   0.00415688 -0.000240831   0.00159102  -0.00029728  0.000652611  0.000659897  0.000234067  0.000107339  0.000260074  0.000607883  0.000968127    0.0011953   0.00160625   0.00187066   0.00199894   0.00205944   0.00204894   0.00197702   0.00182866   0.00165244   0.00114897  0.000865564  0.000230281 -0.000361592  -0.00089855  -0.00169136  -0.00199987  -0.00199809  -0.00193001  -0.00181391   -0.0017267  -0.00234283  -0.00255361  -0.00315601  -0.00375015  -0.00430621  -0.00517251  -0.00717732  -0.00931789  -0.00662689  -0.00304865  -0.00635497   -0.0405611   -0.0474182  -0.00148044   -0.0579036   -0.0528979   -0.0323149 -9.10941e-09    0.0274717  -0.00442648
    0.257268     0.249873     0.268219     0.260659     0.186442     0.235407     0.243857     0.257974     0.160219     0.215228     0.201634     0.186627     0.283863     0.409432     -2.02465      7.99732     -2.65981    -0.301477     0.240539      0.25533     0.231342     0.241743     0.271521     0.269632     0.257037     0.280687     0.289788     0.290992     0.278867     0.267517     0.289264      0.29169     0.261265      0.22849     0.282409     0.275498     0.247267     0.260765     0.262812     0.259539     0.250396     0.286955     0.259399     0.259219     0.259592     0.242217     0.219306     0.215342     0.263259     0.130916     0.138987     0.058805    0.0165532     0.245899     0.242438   0.00363909     0.227052   0.00765543     0.238088     0.142206   -0.0147195   0.00450005   0.00431082    0.0041352   0.00497796   0.00628913   0.00788348   0.00936356   0.00985988    0.0103788    0.0106587    0.0104247   0.00944373   0.00690171   0.00514093  -0.00188971  -0.00106115    0.0015502   0.00156113   0.00113265   0.00106199   0.00114027   0.00129486   0.00140619   0.00160937   0.00172339   0.00174938   0.00174651   0.00170422   0.00162166   0.00148778   0.00133479  0.000901069  0.000666481  0.000133056 -0.000371455 -0.000840281  -0.00154128  -0.00180554  -0.00180207  -0.00174249  -0.00165837  -0.00158378  -0.00214894  -0.00233251  -0.00285649  -0.00335682   -0.0037756  -0.00439793  -0.00584986  -0.00713577  -0.00446679  -0.00140527   -0.0167327   -0.0465657   -0.0516532   -0.0012592   -0.0617893   -0.0548237   -0.0266601 -9.28386e-09    0.0259669   -0.0038924
     0.27455     0.257781     0.268848     0.268112      0.20554     0.247267     0.253551     0.269971     0.178782     0.240061     0.229548     0.206282     0.228512     0.320387   -0.0409172     -2.65981      8.49468     -2.72413    -0.171858     0.285584     0.245608     0.235462     0.266084     0.269813     0.262405     0.291128     0.303704     0.305582     0.291741     0.279609     0.302666     0.304686     0.270561     0.235797     0.293112     0.286558     0.256826     0.271208     0.272716     0.268254     0.259763     0.300084     0.272363     0.271777     0.273127      0.25625     0.233557     0.232137     0.292739     0.154879     0.179292    0.0888787    0.0332042     0.257702      0.25008   0.00324191      0.24019   0.00750067      0.24524     0.153015   -0.0157255   0.00467924   0.00472401   0.00470773   0.00569522    0.0071653   0.00901724    0.0109099     0.011886    0.0131613    0.0144823    0.0154288    0.0158942    0.0151167    0.0132848   0.00929123  -0.00496535 -0.000919965   0.00109657   0.00038488  0.000145253  0.000152345  0.000291447  0.000369371  0.000563135  0.000637679  0.000637847  0.000612907  0.000535844  0.000444913  0.000308382  0.000159759 -0.000325414 -0.000570103  -0.00102382  -0.00147702  -0.00190334  -0.00253666  -0.00277552  -0.00278435  -0.00271479  -0.00261709  -0.00251457  -0.00300515  -0.00314249  -0.00363648  -0.00416664  -0.00472083   -0.0056737  -0.00783732   -0.0104667  -0.00814458  -0.00486257   -0.0218278   -0.0490405   -0.0521933  -0.00163327   -0.0614394   -0.0572544    -0.028909 -5.26965e-09    0.0212919  -0.00360644
    0.300488     0.270755      0.26962     0.280132     0.233737     0.265426     0.268617     0.287953     0.203824       0.2717     0.264897     0.247672     0.250832     0.250197     0.295364    -0.301477     -2.72413      7.60897     -2.71328   -0.0853223     0.284669     0.259498     0.267043     0.268235     0.267049      0.30384     0.322811     0.326852     0.311237     0.298303     0.323553     0.325089     0.285484     0.247638     0.310048     0.303921     0.271868     0.287584     0.288345     0.282171     0.274519     0.320377     0.292313     0.291224      0.29402     0.277788     0.255295     0.257462      0.33638      0.18979     0.237775     0.132436    0.0572268     0.276182      0.26283   0.00269358     0.260416   0.00728398     0.256107     0.168793   -0.0172893   0.00423745   0.00441279    0.0044029   0.00545351   0.00688127   0.00875124    0.0108265    0.0122766    0.0141778    0.0163787    0.0184059    0.0203075    0.0213528    0.0213734     0.020027    0.0123178  -0.00403161 -0.000189586 -0.000876789  -0.00137218  -0.00132182  -0.00115799  -0.00106699 -0.000836078 -0.000772314 -0.000781208 -0.000819668 -0.000930755   -0.0010309  -0.00116894  -0.00131476  -0.00186458  -0.00212443  -0.00247908  -0.00286702  -0.00323622  -0.00377721   -0.0039822  -0.00401091  -0.00392782  -0.00380273  -0.00367002  -0.00404882  -0.00413184  -0.00458596  -0.00515925  -0.00590952  -0.00733244   -0.0105013   -0.0150453   -0.0132851  -0.00970497   -0.0242444   -0.0473353   -0.0485825  -0.00210461     -0.05631   -0.0565749   -0.0322247  1.68153e-09     0.014563  -0.00320861
    0.309071     0.275224     0.268182     0.283905     0.242802     0.271228     0.273384     0.293694     0.212556     0.283922     0.280735     0.270129     0.277818     0.252173     0.300259     0.240539    -0.171858     -2.71328      7.26302     -2.73023     -0.16912     0.234104     0.264321     0.250853     0.251016     0.294218     0.321377     0.330787     0.316968      0.30468     0.330948     0.332286     0.290662     0.251638     0.315628     0.309567     0.276724     0.292895     0.293404      0.28666       0.2793     0.327018     0.298899     0.297672     0.300981     0.284995     0.262604     0.265992     0.351137     0.201654     0.257819     0.147468    0.0655339     0.282323     0.267053   0.00250612     0.267157   0.00719973     0.259409     0.173955   -0.0178263   0.00347049    0.0035055   0.00331275   0.00426413   0.00545531   0.00705854   0.00891891    0.0104853    0.0124464    0.0147913    0.0171068    0.0195311    0.0214571    0.0229939    0.0234573    0.0216344    0.0135649 -0.000824178  -0.00114994   -0.0019316  -0.00145576  -0.00140005  -0.00133152  -0.00114001  -0.00111272  -0.00116433  -0.00123448    -0.001366  -0.00149276  -0.00163421  -0.00179147   -0.0023547  -0.00261647  -0.00293348  -0.00329418   -0.0036422  -0.00415245  -0.00433956  -0.00438685  -0.00429598  -0.00415214  -0.00402237  -0.00434742  -0.00442216  -0.00485791   -0.0054471   -0.0062671  -0.00785936   -0.0113607   -0.0165668   -0.0150283   -0.0113534   -0.0239028   -0.0453985   -0.0461998  -0.00225113   -0.0533195   -0.0552422   -0.0333322  7.63798e-09    0.0121576  -0.00302615
    0.316095      0.29135     0.292276     0.301195      0.24011     0.281279     0.286639     0.306574     0.213045     0.290535     0.291858     0.283923     0.298048     0.276673     0.310451      0.25533     0.285584   -0.0853223     -2.73023      7.54467     -2.79161     -0.46177     0.135857     0.224895     0.231007     0.276602      0.31338     0.333795     0.327421     0.317737     0.345787     0.347917     0.306889     0.266455     0.331898     0.324581     0.290508     0.307089     0.308348     0.302549     0.293678     0.341078     0.310497     0.309647     0.311961     0.293757     0.268936     0.269295     0.345994     0.189552     0.229532     0.121925     0.049856     0.293623     0.281965   0.00328075     0.275213   0.00814741     0.275411     0.176837   -0.0181876   0.00332173   0.00295172   0.00246273   0.00328163   0.00431927   0.00569659   0.00723636   0.00858274    0.0101678     0.012082    0.0140097    0.0160852    0.0178409    0.0195481    0.0204166    0.0202675    0.0180269    0.0102964   0.00179871  0.000211406   0.00151717   0.00102789  0.000407187  0.000469243  0.000386369  0.000210918  6.17004e-05 -8.61406e-05 -0.000284346  -0.00045085 -0.000659812  -0.00120336   -0.0014696  -0.00189469  -0.00233599   -0.0027667   -0.0034165  -0.00363641   -0.0036997  -0.00360269   -0.0034491  -0.00336325  -0.00379069  -0.00394456  -0.00445033  -0.00506477    -0.005792  -0.00713376   -0.0100348   -0.0140046   -0.0118006  -0.00802024   -0.0243235   -0.0521472   -0.0546833  -0.00205588   -0.0639442   -0.0619118   -0.0336424  1.03186e-08    0.0196202  -0.00362816
    0.300339      0.27831     0.280088     0.287718     0.226204     0.267526     0.273183     0.291854     0.201026     0.275419      0.27802     0.271999     0.288234     0.272324     0.306833     0.231342     0.245608     0.284669     -0.16912     -2.79161       9.2697     -2.77261    -0.653656    0.0313088      0.15947     0.219034     0.264451     0.297133     0.302061     0.298946      0.32865     0.332213       0.2937     0.255052     0.317046     0.309579     0.276985      0.29271     0.293985     0.288637     0.280072     0.324942      0.29562     0.294815     0.296824      0.27923     0.255363      0.25524     0.326595     0.177579     0.212743     0.111176    0.0446072     0.279292     0.268551   0.00323136     0.261427   0.00790374     0.263774     0.168238   -0.0172286   0.00302931   0.00258171   0.00204726   0.00278944   0.00372786   0.00497517   0.00635787   0.00759434   0.00902352    0.0107717    0.0125727    0.0145808    0.0164088    0.0185516    0.0202388    0.0210749    0.0210617    0.0185233    0.0142271   0.00592832   0.00523935    0.0036475   0.00065782  0.000805714  0.000612414   0.00032559  9.60611e-05 -8.71828e-05 -0.000344205 -0.000528634 -0.000757483  -0.00126304  -0.00150823  -0.00189839  -0.00230154   -0.0027048  -0.00332939  -0.00352676  -0.00360316  -0.00350358  -0.00334639  -0.00328251  -0.00368614  -0.00384848  -0.00433263  -0.00492321  -0.00559902  -0.00685157  -0.00951923   -0.0131026   -0.0108331  -0.00719491   -0.0283551   -0.0562605   -0.0580239  -0.00199484   -0.0674403    -0.064356   -0.0319429   1.4217e-08    0.0199248  -0.00350395
    0.305763     0.274353     0.266367     0.282552     0.236771     0.268176     0.271115     0.290687     0.207865     0.280306     0.281166     0.276535     0.294136     0.279182     0.315178     0.241743     0.235462     0.259498     0.234104     -0.46177     -2.77261      10.0706     -2.77645    -0.698694   -0.0579586     0.131645     0.215825     0.264804     0.281712      0.28794      0.32392     0.330764     0.291174      0.25224     0.315106     0.307885     0.274821      0.29068     0.291223     0.284746     0.277343     0.324378     0.296296      0.29508     0.298132     0.281956     0.259485     0.262262       0.3447     0.196472     0.248558     0.140117    0.0614269     0.279444     0.264283   0.00263111     0.263881   0.00736161       0.2595     0.172644   -0.0175556   0.00251756   0.00220334   0.00169775   0.00244955   0.00330902    0.0045044   0.00592068   0.00735231    0.0089843    0.0109831    0.0130818    0.0154899    0.0178431    0.0209417     0.023988    0.0261818    0.0276513    0.0275636    0.0256738    0.0208918   0.00873754   0.00547214  -0.00117354 -0.000514334 -0.000618784 -0.000905922  -0.00120717  -0.00144973  -0.00175964  -0.00197233  -0.00221119   -0.0027288  -0.00296817  -0.00324113  -0.00354385  -0.00385587  -0.00435289  -0.00449814  -0.00459093  -0.00448139  -0.00430317  -0.00422234  -0.00450698  -0.00461605  -0.00504162  -0.00563992  -0.00643612  -0.00801491   -0.0113749   -0.0163182   -0.0145408   -0.0108158   -0.0338589   -0.0578688   -0.0570672  -0.00234749   -0.0650913   -0.0652084   -0.0330114  2.08889e-08    0.0137013  -0.00296443
    0.320577     0.290987     0.284585     0.299806      0.24614     0.282699     0.286718     0.306946      0.21649     0.293228     0.294791     0.290082     0.309528      0.29552     0.340324     0.271521     0.266084     0.267043     0.264321     0.135857    -0.653656     -2.77645      10.2075     -2.66055    -0.830264    -0.147141     0.130835     0.233407     0.267515      0.28522     0.331653     0.345978     0.308267     0.268295     0.334595     0.326331     0.291163     0.307561     0.308316     0.301881     0.293526     0.342248     0.312282     0.311341     0.314296     0.296779     0.272604     0.274447     0.357347     0.200489      0.24973     0.137978     0.059097     0.295069     0.280922   0.00303574     0.277723   0.00797072     0.274974     0.180379   -0.0184258   0.00233306   0.00182012   0.00112529   0.00181652    0.0025757   0.00364604    0.0049138   0.00630093   0.00777116   0.00955202    0.0114265     0.013585    0.0157361    0.0186926    0.0217992    0.0242129    0.0259732    0.0265585    0.0253135    0.0218494    0.0115925   0.00566242  -0.00126495 -0.000449781  2.97026e-05  2.50808e-05 -0.000390435 -0.000689147  -0.00108612  -0.00135391  -0.00165636   -0.0021415  -0.00239816  -0.00277319  -0.00312664  -0.00347413  -0.00403547  -0.00419024  -0.00429804  -0.00418124  -0.00398442   -0.0039284  -0.00425278  -0.00440056   -0.0048653  -0.00549804   -0.0062935  -0.00785358   -0.0111389   -0.0158785   -0.0139365   -0.0100785   -0.0306352   -0.0566452   -0.0576555  -0.00229186    -0.066404   -0.0656241   -0.0344196  2.43957e-08    0.0164375  -0.00300404
    0.294397     0.281506     0.289165     0.291426     0.215665     0.266055      0.27416     0.291641     0.192873     0.267996     0.272541     0.267235     0.286061      0.27547     0.328271     0.269632     0.269813     0.268235     0.250853     0.224895    0.0313088    -0.698694     -2.66055      11.2527     -2.41313    -0.921543    -0.125274     0.155119     0.223444     0.247852     0.298335     0.321191     0.294353     0.259302     0.321398     0.312546     0.279348     0.294172     0.295887     0.291573     0.281672     0.324125      0.29395     0.293924     0.295185     0.276437     0.251415     0.248487     0.309117     0.159422     0.179356    0.0848266    0.0293829     0.279018     0.272512   0.00388591     0.258657   0.00843456     0.266596     0.163505   -0.0169178   0.00238505   0.00152075  0.000631925   0.00115194   0.00178619    0.0026356    0.0035303   0.00447495   0.00534018   0.00636921   0.00744431   0.00866634   0.00986282    0.0115647    0.0134191    0.0148837    0.0158888    0.0161232    0.0148537    0.0117821   0.00542363 -0.000961031   0.00254133  0.000648533   0.00197423   0.00282633   0.00227571   0.00187743   0.00143809   0.00113996  0.000779597  0.000430425  0.000176978 -0.000425107 -0.000905847  -0.00134752  -0.00205864   -0.0022514  -0.00235244  -0.00224675  -0.00206466  -0.00207689  -0.00253817  -0.00278384  -0.00330687  -0.00390065  -0.00445947  -0.00544143  -0.00743766  -0.00977298  -0.00725249  -0.00377403   -0.0190836   -0.0501015   -0.0555672  -0.00158765   -0.0659651    -0.060166    -0.030861  2.07318e-08    0.0252658  -0.00329635
    0.276658     0.263448      0.26975     0.272641     0.202919      0.24935     0.256731     0.273196     0.181281     0.251342      0.25521     0.250135     0.267779     0.258083     0.308599     0.257037     0.262405     0.267049     0.251016     0.231007      0.15947   -0.0579586    -0.830264     -2.41313      11.8556     -2.47079    -0.790148   -0.0191057     0.175339     0.210717     0.259801     0.288562     0.269645     0.240216     0.300312     0.293122     0.261979     0.275717     0.277113     0.272877     0.263708     0.303699     0.275473      0.27531     0.276577      0.25917     0.235898     0.233504      0.29159     0.151471     0.171778    0.0823266    0.0291839      0.26184     0.254074   0.00356061     0.242451   0.00784104     0.249393     0.153848   -0.0159335   0.00208398   0.00126271  0.000400152   0.00086665   0.00141825   0.00216809   0.00297098   0.00386947   0.00466884   0.00561264   0.00660527   0.00774266   0.00888485    0.0105602    0.0125004    0.0141703    0.0155004    0.0163061    0.0162224    0.0147951    0.0116102   0.00672546   0.00914614    0.0005942   0.00107255   0.00314289   0.00238299   0.00153923   0.00113087  0.000833802   0.00048264  0.000187583 -5.72369e-05 -0.000654025  -0.00110308  -0.00149368  -0.00212947  -0.00228751  -0.00237079  -0.00226708  -0.00208694  -0.00210039  -0.00251632  -0.00274225  -0.00322776  -0.00378257  -0.00431807  -0.00527421  -0.00722406  -0.00954333  -0.00720172  -0.00392026   -0.0196879   -0.0510598   -0.0547022  -0.00159185    -0.064422   -0.0593053   -0.0291402  1.95145e-08    0.0231856  -0.00316952
