   123   123     1
     11.2439     0.100742      0.06387     0.102774     0.104124    0.0949356    0.0976965    0.0945572    0.0979832      0.09518    0.0929146     0.099246    0.0945659     0.104065    0.0919416    0.0912728    0.0964075    0.0970591     0.100578    0.0954034    0.0914813    0.0995844     0.103971    0.0823737     0.101857     0.093729    0.0990809     0.100325    0.0896837    0.0984233    0.0938565     0.106406    0.0882255    0.0845715     0.106923    0.0996552    0.0819487     0.113212    0.0972686    0.0866176    0.0949473     0.106055    0.0957773    0.0884078    0.0996966    0.0945476    0.0947715    0.0957721    0.0955947    0.0981491    0.0979823    0.0916994    0.0891771    0.0838619    0.0479068    -0.041024    -0.209582     0.132246     -5.13519     -4.75754     0.129723    -0.168691    -0.183205     -0.17661    -0.170562    -0.169543    -0.168685    -0.168538    -0.168171    -0.168262    -0.168191    -0.167543    -0.167437    -0.167079     -0.16801    -0.168275    -0.167859    -0.167439     -0.16713    -0.167408    -0.167597    -0.167216     -0.16722    -0.168176    -0.167584    -0.167568     -0.16728    -0.167321    -0.167853    -0.167664    -0.167717    -0.167503     -0.16853    -0.168623    -0.167264    -0.167181    -0.167516    -0.165897    -0.166698    -0.167615    -0.167232    -0.166578    -0.167652    -0.168694     -0.16851     -0.16909    -0.169411     -0.16946    -0.169397    -0.169153    -0.170098    -0.173326    -0.176825    -0.179705    -0.183249    -0.165874   -0.0310554    -0.291982    -0.254693     0.129473 -3.85037e-07            0    0.0100367
    0.100742      1.76958     0.259289    -0.120587     0.100063     0.190378     0.199296     0.212561     0.211439     0.221438     0.217339     0.202119     0.218343     0.205244     0.244242     0.231844     0.209974     0.209772     0.206628     0.226336     0.232196      0.20651     0.203894     0.265043     0.197102     0.225032     0.208837     0.210435     0.243085     0.211644     0.226484     0.190488      0.25283     0.252605     0.176321     0.209961     0.264475     0.156358      0.22232     0.256124     0.220784     0.183447      0.22562     0.250192     0.205321     0.227162     0.225545     0.221617     0.221929     0.205416     0.195584     0.220678     0.227551      0.19305     0.135711       0.1301      0.12614     0.207255    0.0997421     0.100783    -0.236131     -2.25612   -0.0317772     0.012762   0.00891908    0.0105388    0.0127947    0.0131851    0.0142314     0.013979     0.014193    0.0160801    0.0163631    0.0173848    0.0149126    0.0140562    0.0153345    0.0164969    0.0173418     0.016586    0.0160154    0.0171553    0.0171534    0.0143437    0.0162895    0.0163275    0.0171576    0.0170493    0.0154787    0.0160515    0.0158976    0.0164766    0.0135236    0.0131933     0.016944    0.0171307    0.0160272    0.0201736    0.0181664     0.015101    0.0162895    0.0179071    0.0149632    0.0114606    0.0119747    0.0102918   0.00932693    0.0091825   0.00936681    0.0100254   0.00758306  -0.00202328      -0.0134   -0.0223841   -0.0366104   -0.0706445    -0.112919     -0.22884    -0.228154    -0.236111 -3.87458e-07            0   0.00558846
     0.06387     0.259289      1.33163     0.438729     0.289036     0.387943     0.349177     0.381813     0.348721     0.374002       0.4064     0.345808     0.387077     0.289158     0.388759     0.411937     0.374938     0.367433     0.329832     0.366948     0.407915     0.344277     0.291757     0.474308     0.328419     0.388765     0.346129     0.327543     0.414907     0.350204     0.386471     0.277922      0.42029     0.469973     0.292121      0.33773     0.490598     0.233076     0.346084     0.441447     0.382358     0.278931     0.355359     0.426009     0.330279     0.375373     0.376727     0.370723     0.373297     0.331248      0.29483     0.346191     0.368919     0.287314     0.128406      0.10717     0.132855      0.41067    0.0539773    0.0640678    -0.370193      1.67963      2.09726    0.0216077    0.0460274    0.0485546    0.0517114    0.0521859    0.0535092    0.0532146      0.05348    0.0559755    0.0563118    0.0575737    0.0550853     0.054067    0.0557152    0.0571757     0.058197    0.0573446    0.0566593    0.0580838    0.0580933    0.0549026    0.0574066    0.0574466    0.0584569    0.0583371    0.0564979    0.0571953    0.0570095    0.0576643    0.0543441    0.0539085    0.0586024    0.0587947    0.0573586    0.0622129    0.0600754    0.0562868    0.0577843    0.0595628    0.0563127    0.0519766    0.0525827    0.0505971    0.0494342    0.0492613    0.0494843     0.050238    0.0476879    0.0370138    0.0236329    0.0144077   0.00886298   0.00398564    -0.018438    -0.330612    -0.328737     -0.37013  3.00919e-07            0   -0.0184089
    0.102774    -0.120587     0.438729     0.659577     0.218037     0.256742     0.233948     0.248699     0.231542     0.242867      0.26141      0.23228     0.250823     0.201062     0.245434     0.261063     0.246314     0.242297     0.222739     0.237945     0.258745     0.230718     0.202782     0.286409     0.224475     0.250063     0.231109     0.220604      0.25966     0.232625     0.248471     0.198892     0.259994     0.286941       0.2104      0.22647     0.294865     0.183813     0.227668      0.27019      0.24761     0.201751     0.231596     0.262865     0.223645     0.241969     0.243124     0.241104     0.242342     0.224366     0.207375     0.226145     0.234948     0.201921     0.137112     0.119419     0.111064     0.212314     0.101919     0.102794    -0.239746     0.908246     0.559762     0.848232   -0.0725054   -0.0705735   -0.0685527    -0.068247   -0.0674147   -0.0676026   -0.0674375   -0.0658805   -0.0656634   -0.0648686   -0.0664972   -0.0671174   -0.0661019   -0.0651752   -0.0645227   -0.0650706    -0.065496   -0.0646115   -0.0646081   -0.0666088   -0.0650927   -0.0650656   -0.0644308   -0.0645088   -0.0656589   -0.0652266   -0.0653436   -0.0649211   -0.0670196   -0.0672782   -0.0642948   -0.0641604   -0.0650276   -0.0618482   -0.0632738   -0.0655532   -0.0646341   -0.0634445    -0.065538   -0.0681389    -0.067753   -0.0690005   -0.0697216   -0.0698294   -0.0696899   -0.0692013   -0.0709241   -0.0776715    -0.085803   -0.0919533   -0.0994969     -0.11249    -0.123853    -0.237966    -0.237201     -0.23973 -9.62004e-08            0   -0.0122868
    0.104124     0.100063     0.289036     0.218037     0.491866     0.228346     0.222854     0.233648     0.224845     0.233545     0.242336     0.222091      0.23717     0.205499     0.242371     0.247378     0.232098     0.229743     0.217438     0.232609     0.246652     0.221858     0.204544     0.274081     0.214887     0.239385     0.222691     0.216949     0.251307     0.224483     0.239031      0.19696     0.255017     0.271233     0.198864     0.220112     0.280312     0.175708     0.225038     0.262589     0.236662     0.195766     0.228519     0.256141     0.216653     0.235408      0.23557     0.232987     0.233854      0.21709     0.203159     0.223154     0.230831     0.198684     0.139139     0.124719     0.114624      0.20342      0.10383     0.104141    -0.230773    0.0869482   -0.0787605    0.0717448     0.105381   -0.0376398   -0.0353631   -0.0350125   -0.0340782   -0.0342972   -0.0341097   -0.0323952   -0.0321451   -0.0312429   -0.0332668   -0.0339884   -0.0328531   -0.0318104   -0.0310643   -0.0317101   -0.0322013   -0.0311987   -0.0311979   -0.0335636   -0.0318563    -0.031824   -0.0310977     -0.03119   -0.0325314   -0.0320349   -0.0321692   -0.0316734   -0.0341595   -0.0344498   -0.0310895   -0.0309293   -0.0319042   -0.0282503   -0.0299507   -0.0325773   -0.0315341   -0.0301381   -0.0326218   -0.0356214   -0.0351758   -0.0366235   -0.0374561   -0.0375808   -0.0374205   -0.0368518    -0.038912   -0.0469433   -0.0565116   -0.0639703   -0.0747715   -0.0972958     -0.12017    -0.229556    -0.228875    -0.230757 -6.20174e-08            0    -0.012672
   0.0949356     0.190378     0.387943     0.256742     0.228346      0.45216     0.256985     0.273495     0.261002     0.272837     0.285242     0.257353     0.277939     0.233906     0.284531     0.291853     0.271048     0.267753     0.250562      0.27136     0.290881     0.256687     0.232531     0.328669     0.247115     0.280916     0.257808     0.249732      0.29727      0.26025     0.280384     0.222017     0.302349     0.325135      0.22485     0.254051     0.337778     0.192552     0.260817     0.313163     0.277221      0.22017     0.265779     0.304487     0.249258     0.275463     0.275717      0.27204     0.273293     0.249742     0.230243     0.259283     0.270877     0.225078     0.138937      0.12295     0.121534     0.260135    0.0921942    0.0950088    -0.266886    0.0974825    0.0387769      0.10723     0.132427     0.127512 -0.000494823 -8.09114e-05   0.00100465  0.000752113  0.000970093   0.00296941   0.00325718   0.00430313   0.00200105   0.00115994    0.0024863   0.00369424   0.00455532   0.00381389   0.00324335   0.00441075   0.00441315   0.00168059   0.00368509    0.0037216   0.00456356   0.00445808    0.0029048   0.00348235   0.00332681    0.0038953   0.00103116  0.000687802   0.00457766   0.00475696   0.00360996   0.00779083   0.00586379   0.00278074   0.00400033   0.00558369   0.00273937  -0.00078505 -0.000271315  -0.00194641  -0.00291439   -0.0030591   -0.0028731  -0.00222166  -0.00454543   -0.0137891   -0.0249564   -0.0333898   -0.0438563   -0.0645194   -0.0904622     -0.25563    -0.254583    -0.266863 -1.55774e-08            0     -0.01778
   0.0976965     0.199296     0.349177     0.233948     0.222854     0.256985     0.415896     0.261043      0.25295      0.26349     0.273166     0.248818     0.267433     0.229744      0.27574     0.280505      0.26086     0.258097     0.243392     0.262925     0.279936     0.248439     0.227824     0.315432     0.239282     0.270852     0.249568     0.242912     0.286707     0.251919     0.270605     0.217171     0.292158     0.311476     0.217939     0.246447     0.323601     0.188229     0.253538     0.301797     0.267328     0.214643     0.258096     0.293765     0.241804      0.26652     0.266565     0.263011     0.264112     0.242221     0.224474     0.251825     0.262367      0.21962     0.140105     0.124925     0.120998     0.246563    0.0956292    0.0977581    -0.257822  -0.00375318   -0.0610394  0.000542204    0.0229708    0.0267397    0.0198894 -0.000986685  0.000149733 -0.000103538  0.000113501   0.00209357   0.00238155   0.00342379   0.00108823  0.000248444   0.00156442   0.00276681    0.0036268   0.00288205   0.00231242    0.0034742   0.00347571  0.000734196   0.00272299   0.00275988   0.00359988   0.00349376   0.00193939    0.0025154   0.00236012   0.00293089  5.47601e-05 -0.000285192   0.00358799    0.0037695   0.00263215   0.00681908   0.00487433   0.00180441   0.00301732   0.00461115   0.00175031  -0.00175881  -0.00124496  -0.00292033  -0.00388668  -0.00403125  -0.00384559  -0.00319223  -0.00554062   -0.0148307   -0.0259996   -0.0345352     -0.04582   -0.0689795   -0.0966167    -0.249041    -0.248076    -0.257797 -2.20439e-08            0   -0.0173244
   0.0945572     0.212561     0.381813     0.248699     0.233648     0.273495     0.261043     0.427359     0.262941     0.276286     0.287867     0.260396      0.28103     0.238025      0.28896     0.295275     0.273923     0.270735     0.253929     0.275239     0.294497     0.259791     0.236205     0.333263     0.249875     0.284451     0.260979     0.253224     0.301516     0.263514     0.284052      0.22493     0.307133     0.329337     0.226733     0.257332     0.342486     0.193897     0.264714     0.317987     0.280639     0.222516     0.269772     0.309192     0.252321     0.279339     0.279488     0.275634     0.276884     0.252774     0.233052     0.263156     0.275019     0.227915     0.139644     0.123812      0.12295     0.265183    0.0916565    0.0946337    -0.269701    0.0298668   -0.0134413     0.039779     0.056807    0.0595198    0.0624769    0.0607855   0.00857362   0.00829484   0.00851912    0.0105701    0.0108664     0.011942   0.00955836   0.00869147    0.0100541    0.0112954    0.0121813    0.0114167    0.0108291    0.0120297     0.012032   0.00921266    0.0112739    0.0113116     0.012178    0.0120693    0.0104683     0.011063    0.0109029    0.0114888   0.00853371   0.00818054    0.0121779    0.0123627    0.0111831     0.015484    0.0134965    0.0103195    0.0115744    0.0132052    0.0102713   0.00663902   0.00716794   0.00544222   0.00444514   0.00429608   0.00448757   0.00515846   0.00276212   -0.0067779   -0.0183019   -0.0270101    -0.037869   -0.0595545   -0.0872006    -0.257537    -0.256481    -0.269672 -1.36739e-08            0     -0.01877
   0.0979832     0.211439     0.348721     0.231542     0.224845     0.261002      0.25295     0.262941     0.316567     0.265074     0.274863     0.251388     0.269561     0.233116     0.278317     0.282592     0.263041     0.260365     0.246007     0.265521     0.282242      0.25084     0.230637     0.317932     0.241565     0.273255     0.251946     0.245459     0.289356     0.254309     0.273092     0.219528     0.295065     0.314088     0.219805     0.248839     0.326454      0.18988     0.256167     0.304768     0.269745     0.216637      0.26075     0.296713     0.244076     0.269126     0.269131     0.265505     0.266606      0.24447       0.2266     0.254363     0.265009     0.221716     0.141275     0.125797      0.12134     0.248266    0.0960169    0.0980315    -0.258448   -0.0319143   -0.0794339   -0.0268028  -0.00892655  -0.00599013  -0.00298594    -0.002471  -0.00772233   0.00465066   0.00488248   0.00690705   0.00720257   0.00826985   0.00586445   0.00500471   0.00635021    0.0075815     0.008463    0.0076985   0.00711496    0.0083042    0.0083055    0.0054932   0.00752713   0.00756504   0.00842559   0.00831664   0.00672315   0.00731316   0.00715405   0.00773965   0.00478871   0.00444107   0.00840739   0.00859396   0.00743031    0.0117232   0.00972591   0.00658194   0.00782373    0.0094595   0.00652369   0.00292951    0.0034561    0.0017388  0.000748542  0.000600376  0.000790603   0.00146059 -0.000950837   -0.0104826    -0.021935   -0.0307059   -0.0424098   -0.0665542   -0.0951267    -0.249685    -0.248841    -0.258422 -1.83334e-08            0   -0.0194468
     0.09518     0.221438     0.374002     0.242867     0.233545     0.272837      0.26349     0.276286     0.265074     0.332655     0.286374     0.261154     0.281031     0.240373     0.289756     0.295101     0.274017     0.271011     0.254999     0.276087     0.294605     0.260454     0.237926     0.333178      0.25049     0.284805     0.261627     0.254305     0.302039      0.26416     0.284541     0.226173     0.307988      0.32925     0.227091     0.258116     0.342549     0.194509     0.265808     0.318686     0.281029     0.223272     0.270821     0.309984     0.253013     0.280104     0.280171     0.276265     0.277486     0.253429     0.233909     0.264144     0.275925     0.228809     0.140786     0.124888     0.123233     0.264581    0.0924636    0.0952432    -0.268606  -0.00848331   -0.0480237  0.000333944    0.0151127    0.0175067    0.0200388     0.020449    0.0216207    0.0231699      0.01302    0.0152723    0.0155756     0.016673    0.0142199    0.0133351    0.0147224    0.0159886    0.0168936    0.0161106    0.0155106    0.0167349    0.0167368    0.0138518     0.015951    0.0159896    0.0168742    0.0167628    0.0151262    0.0157333    0.0155698    0.0161695    0.0131445     0.012785    0.0168628    0.0170524    0.0158508    0.0202476    0.0182097    0.0149678    0.0162476    0.0179179    0.0149133    0.0112064    0.0117468   0.00998322   0.00896483   0.00881254    0.0090081   0.00969428   0.00723693  -0.00253039   -0.0143125   -0.0232509   -0.0346239   -0.0576324   -0.0864985    -0.256775    -0.255835    -0.268577 -1.34572e-08            0   -0.0206333
   0.0929146     0.217339       0.4064      0.26141     0.242336     0.285242     0.273166     0.287867     0.274863     0.286374     0.350829     0.270677     0.293525     0.244091     0.298544     0.308239     0.286422     0.282637     0.263085     0.285158     0.307142     0.270146     0.242468     0.347647     0.259983     0.296355     0.271195     0.261688     0.313528     0.273739     0.295606     0.231513     0.318487     0.344917     0.236142     0.266695     0.358451     0.200609     0.273342      0.33077     0.292514     0.229954     0.278793     0.321347     0.261571      0.28988     0.290331     0.286429     0.287858     0.262094     0.240412     0.271893     0.284826     0.234825     0.139865     0.122553     0.123408     0.278837    0.0894928    0.0929889    -0.278156    0.0632323    0.0205568    0.0757313    0.0928835    0.0955774    0.0984149    0.0988725     0.100094    0.0997845    0.0982966   0.00986701    0.0101911     0.011273   0.00892238   0.00805596   0.00942963    0.0106793     0.011568    0.0108061    0.0102177    0.0114248     0.011428   0.00861961    0.0106964    0.0107337    0.0116029    0.0114947   0.00989514    0.0104915     0.010331    0.0109149   0.00797358   0.00761702    0.0116398    0.0118227    0.0106327    0.0149362    0.0129653   0.00977743    0.0110398    0.0126624   0.00974585   0.00610066    0.0066298   0.00490401   0.00390512   0.00375586   0.00394784   0.00461732   0.00224531  -0.00723832   -0.0187475   -0.0273477   -0.0373734   -0.0563264   -0.0814307    -0.264011    -0.262978    -0.278125 -1.02275e-08            0   -0.0218208
    0.099246     0.202119     0.345808      0.23228     0.222091     0.257353     0.248818     0.260396     0.251388     0.261154     0.270677     0.290432     0.265097     0.228218     0.272297     0.278217      0.25978     0.256951     0.242055     0.260581     0.277653     0.247258     0.226179     0.311638     0.238554     0.268877     0.248214     0.241199     0.283797     0.250409     0.268515     0.216202     0.288646     0.308659      0.21816     0.244888     0.320238     0.189054     0.251191     0.298346     0.265602     0.214154     0.255612     0.290486     0.240455     0.264211     0.264395     0.261058     0.262169     0.240897      0.22332     0.249347     0.259564     0.218339     0.141214     0.125098     0.118994     0.240054    0.0976646    0.0992846    -0.254037  -0.00990536   -0.0611846  -0.00488593    0.0150492    0.0182939    0.0215735    0.0221099    0.0235229    0.0231887    0.0234997   0.00924045  -0.00433166  -0.00314341  -0.00545409  -0.00628165  -0.00497966  -0.00378695  -0.00293434  -0.00367143  -0.00423425  -0.00308477  -0.00308333  -0.00579006  -0.00382561  -0.00378898  -0.00295753  -0.00306261  -0.00459843  -0.00402906  -0.00418274   -0.0036178  -0.00645858  -0.00679409  -0.00295214  -0.00277171  -0.00389569  0.000259581  -0.00166709  -0.00469483  -0.00349555  -0.00191441  -0.00474293  -0.00820346  -0.00769495  -0.00935146   -0.0103066   -0.0104495   -0.0102659  -0.00961872   -0.0119455   -0.0211164   -0.0321274   -0.0405739   -0.0518893   -0.0749054    -0.100913     -0.24723    -0.246421    -0.254016 -1.81336e-08            0   -0.0192161
   0.0945659     0.218343     0.387077     0.250823      0.23717     0.277939     0.267433      0.28103     0.269561     0.281031     0.293525     0.265097     0.324543     0.240614     0.292835     0.300833     0.279729     0.276292     0.258358     0.279643     0.299996     0.264715      0.23935      0.33906     0.254807      0.28977     0.265775     0.257201     0.306647     0.268264      0.28921     0.228286     0.311867     0.336023     0.231536     0.261695     0.349238     0.197666     0.268578     0.323386     0.286033      0.22627     0.273771     0.314376     0.256662     0.284034     0.284345     0.280516     0.281845     0.257139     0.236591     0.267021     0.279284     0.231214     0.140472     0.123738     0.123093     0.270239    0.0915597    0.0946329     -0.27229    0.0231571    -0.019871    0.0331136      0.04981    0.0524814    0.0552805    0.0557338     0.056941    0.0566582    0.0569012    0.0593949    0.0567944     0.011376   0.00859735   0.00773129   0.00909749    0.0103427    0.0112301    0.0104666   0.00987905    0.0110818    0.0110844   0.00827177    0.0103374    0.0103749    0.0112423    0.0111338    0.0095344    0.0101294   0.00996916    0.0105543   0.00760677   0.00725256    0.0112618     0.011446    0.0102628     0.014567    0.0125861   0.00940809    0.0106655    0.0122936   0.00936815   0.00573441   0.00626331   0.00453833   0.00354102   0.00339195   0.00358359   0.00425387   0.00186769  -0.00764084    -0.019146   -0.0278061   -0.0383418   -0.0588739   -0.0851086    -0.259638    -0.258658    -0.272262 -1.23365e-08            0    -0.021446
    0.104065     0.205244     0.289158     0.201062     0.205499     0.233906     0.229744     0.238025     0.233116     0.240373     0.244091     0.228218     0.240614     0.255263     0.253815     0.251965     0.235121      0.23382     0.225887     0.242337     0.252574     0.227945     0.216978     0.282527     0.219702     0.245783     0.229127     0.226382     0.260687     0.231282     0.246361      0.20554     0.267398     0.277289     0.200344     0.227735     0.288311     0.177183     0.235982     0.273954     0.242671     0.200932     0.239511     0.267539     0.223382     0.244567     0.244014     0.240704     0.241406     0.223626      0.21036     0.233667     0.241532     0.206316     0.143414     0.129812      0.11801     0.210124     0.104025     0.104078    -0.234816    -0.119933     -0.16462    -0.120592    -0.104903    -0.102224   -0.0995207   -0.0990748   -0.0979036   -0.0981826    -0.097947   -0.0958251   -0.0954598    -0.105234   0.00385923   0.00284839   0.00418279   0.00541276   0.00630091   0.00551929   0.00493177   0.00611913   0.00611803   0.00325106   0.00526546   0.00530489   0.00616966   0.00605776   0.00444389   0.00503621   0.00487606    0.0054742   0.00245872   0.00211651     0.006082   0.00627676   0.00512667    0.0094843   0.00741676   0.00427465    0.0055118   0.00719449   0.00418154  0.000590421   0.00112297 -0.000613867  -0.00161057     -0.00176  -0.00156863 -0.000885956  -0.00339188   -0.0131535   -0.0247337   -0.0338862    -0.047991   -0.0792825     -0.11258    -0.233252    -0.232631    -0.234804 -2.16836e-08            0   -0.0169698
   0.0919416     0.244242     0.388759     0.245434     0.242371     0.284531      0.27574      0.28896     0.278317     0.289756     0.298544     0.272297     0.292835     0.253815     0.338631     0.307243     0.284086     0.281432     0.266629     0.290195     0.307988     0.271195     0.250602      0.35099      0.25976     0.297645      0.27271     0.266587     0.317893     0.275661     0.297872       0.2359     0.326002     0.345118     0.232754     0.269657     0.360493     0.197802     0.279897      0.33688     0.293299     0.230846     0.285356     0.327629      0.26368     0.294222      0.29386     0.289209     0.290422     0.263972     0.243484     0.278314     0.291303      0.23857     0.141305     0.126754     0.129248      0.28706    0.0882255    0.0920288    -0.280332   -0.0449375   -0.0738621   -0.0346406    -0.025214   -0.0236496   -0.0218551   -0.0215677    -0.020785   -0.0209665   -0.0208093   -0.0193639   -0.0191619    -0.018227   0.00933679    0.0429601    0.0447076    0.0460803    0.0470639     0.046207    0.0455513    0.0468833    0.0468848    0.0437171    0.0460039     0.046046    0.0470093    0.0468875    0.0450959    0.0457586    0.0455805    0.0462358    0.0429158    0.0425235    0.0469409    0.0471472     0.045838    0.0506091    0.0483813    0.0448272     0.046222    0.0480399    0.0447478    0.0406818     0.041271    0.0393436    0.0382305    0.0380642    0.0382775    0.0390253    0.0363412    0.0256097     0.012646   0.00284187  -0.00953372   -0.0353534   -0.0706283     -0.26343    -0.262379      -0.2803 -1.08783e-08            0   -0.0224811
   0.0912728     0.231844     0.411937     0.261063     0.247378     0.291853     0.280505     0.295275     0.282592     0.295101     0.308239     0.278217     0.300833     0.251965     0.307243     0.349663     0.292964     0.289831     0.270105     0.293408     0.315759     0.277092     0.249222      0.35854     0.266255     0.304559     0.278253     0.268821     0.323017     0.280974     0.303929     0.237127     0.328718      0.35527     0.240739      0.27374     0.369762     0.203564      0.28128     0.341423     0.300465     0.234876     0.287018     0.331626     0.268222     0.298293     0.298634     0.294407     0.295873     0.268702     0.246152     0.279936      0.29365     0.240547     0.140022     0.123154     0.126738     0.292588    0.0871949    0.0913612    -0.285173    0.0299973  -0.00850072     0.042367    0.0569938     0.059321    0.0618351    0.0622396    0.0633259     0.063073    0.0632916    0.0653005    0.0655877    0.0666373    0.0638812    0.0730478    0.0212261    0.0227596    0.0236756    0.0228898    0.0222824     0.023527    0.0235303    0.0206287    0.0227729    0.0228112    0.0237073    0.0235958    0.0219443    0.0225598    0.0223943    0.0229963    0.0199586    0.0195899    0.0237293     0.023917    0.0226878    0.0271123    0.0250836    0.0217852    0.0230884    0.0247563     0.021748    0.0179756    0.0185211    0.0167403     0.015709     0.015555     0.015753    0.0164424    0.0140029   0.00420637  -0.00770643   -0.0165625   -0.0266283   -0.0456998   -0.0727343    -0.267978    -0.266878     -0.28514 -1.04844e-08            0   -0.0231658
   0.0964075     0.209974     0.374938     0.246314     0.232098     0.271048      0.26086     0.273923     0.263041     0.274017     0.286422      0.25978     0.279729     0.235121     0.284086     0.292964     0.306696     0.270098     0.252254     0.272131     0.292773     0.259034     0.232756     0.329377     0.249925     0.282888     0.259899     0.250725     0.298137     0.262157      0.28208     0.223223     0.302224     0.327438     0.228579      0.25558     0.339544     0.196025     0.261108     0.313636     0.279474     0.222305     0.266053      0.30494     0.251007     0.276512     0.277048     0.273617     0.274948     0.251544      0.23154     0.259494     0.271095     0.226063     0.140343     0.122863     0.119888     0.258069    0.0939582    0.0964609    -0.265637    0.0237762   -0.0235089     0.032292    0.0509131    0.0538994    0.0569725    0.0574721    0.0587958    0.0584846    0.0587511    0.0611829    0.0615396    0.0628193    0.0599513    0.0587791    0.0434023  -0.00543006  -0.00439493   -0.0051212  -0.00567983  -0.00453291  -0.00453019  -0.00719666  -0.00522885  -0.00519311  -0.00436643  -0.00446962  -0.00598879  -0.00542267  -0.00557532  -0.00501889  -0.00781396  -0.00815104  -0.00431726  -0.00414152  -0.00526876  -0.00115702  -0.00304054  -0.00605613  -0.00485846  -0.00330611  -0.00608328  -0.00953023  -0.00902655   -0.0106668   -0.0116151   -0.0117568   -0.0115744   -0.0109359   -0.0132057   -0.0222158   -0.0331081   -0.0413233   -0.0513687   -0.0705111   -0.0933953    -0.255761     -0.25484    -0.265614 -1.42412e-08            0   -0.0208794
   0.0970591     0.209772     0.367433     0.242297     0.229743     0.267753     0.258097     0.270735     0.260365     0.271011     0.282637     0.256951     0.276292      0.23382     0.281432     0.289831     0.270098     0.299609     0.249229     0.269411     0.289218     0.256273     0.231204     0.325192     0.247264     0.279596     0.257157     0.248482     0.294758     0.259399     0.278891     0.221573     0.299015     0.323026      0.22615     0.253067     0.335003     0.194407     0.258766     0.310029     0.276218     0.220396     0.263586      0.30153     0.248529     0.273615      0.27407     0.270664     0.271944     0.249045     0.229607      0.25709     0.268362     0.224243     0.140563     0.123355     0.119542     0.253638    0.0948322    0.0971086    -0.262861    0.0110268   -0.0355766    0.0188208    0.0369967     0.039925    0.0429369     0.043427     0.044725    0.0444196    0.0446809    0.0470633    0.0474131    0.0486679    0.0458462    0.0448477    0.0466814    0.0306355  -0.00388657  -0.00478678  -0.00534751  -0.00419882  -0.00419641  -0.00687509  -0.00490622  -0.00487022  -0.00404155  -0.00414531  -0.00566995  -0.00510249  -0.00525555  -0.00469651  -0.00750526  -0.00784227  -0.00400238  -0.00382531  -0.00495283 -0.000826088  -0.00272199  -0.00574323    -0.004544  -0.00298302  -0.00577529  -0.00922863  -0.00872328   -0.0103691   -0.0113199   -0.0114621   -0.0112792   -0.0106379   -0.0129239   -0.0219812   -0.0329119   -0.0411916   -0.0515589   -0.0716592   -0.0952717    -0.253792    -0.252897     -0.26284 -1.45091e-08            0   -0.0205445
    0.100578     0.206628     0.329832     0.222739     0.217438     0.250562     0.243392     0.253929     0.246007     0.254999     0.263085     0.242055     0.258358     0.225887     0.266629     0.270105     0.252254     0.249229     0.269242     0.254597     0.269899     0.241307      0.22384     0.302789     0.232664     0.261766     0.242365       0.2369     0.276879     0.244576      0.26176     0.213167     0.282505     0.298897     0.212404     0.239738     0.310415     0.185201     0.246868     0.291122     0.258515     0.210114     0.251002     0.283711     0.235284     0.258357     0.258264     0.254895     0.255866     0.235663     0.219502     0.244798      0.25425      0.21484     0.142198     0.126676     0.117969     0.229477    0.0996307     0.100606    -0.248203   -0.0461585   -0.0897305   -0.0418084   -0.0255513   -0.0228729   -0.0201314   -0.0196832    -0.018499   -0.0187789   -0.0185406   -0.0163775   -0.0160578   -0.0149129   -0.0175327   -0.0184493   -0.0170156    -0.015438    -0.028004   0.00178458   0.00107471     0.002259   0.00225943 -0.000554335    0.0014617   0.00150006   0.00235825   0.00224874    0.0006572   0.00124485   0.00108613   0.00167335  -0.00128243  -0.00162599   0.00232796   0.00251706   0.00136463   0.00566831   0.00365445  0.000532823   0.00176648   0.00341377  0.000466452  -0.00310142  -0.00257526   -0.0042904  -0.00527748  -0.00542533  -0.00523563   -0.0045639  -0.00699964    -0.016552   -0.0279661   -0.0368331   -0.0494488   -0.0761138    -0.105254    -0.243629    -0.242883    -0.248188 -1.65782e-08            0    -0.018602
   0.0954034     0.226336     0.366948     0.237945     0.232609      0.27136     0.262925     0.275239     0.265521     0.276087     0.285158     0.260581     0.279643     0.242337     0.290195     0.293408     0.272131     0.269411     0.254597     0.308457     0.292418      0.25948     0.240085     0.332074     0.249144     0.283575     0.260812     0.254934     0.301796      0.26347     0.283707     0.226979     0.308921     0.326992     0.224793      0.25792     0.340848     0.192877      0.26693     0.318921     0.279658     0.222717     0.271873     0.310396     0.252541     0.280151     0.279896     0.275748     0.276866     0.252863     0.234071     0.265183     0.276797      0.22926     0.141597     0.126797     0.125244     0.265122      0.09271    0.0954684    -0.267735    -0.035929   -0.0736565   -0.0281401   -0.0146053   -0.0123792   -0.0100057  -0.00962082  -0.00859241  -0.00883358  -0.00862675  -0.00673898  -0.00646588  -0.00547211  -0.00769475  -0.00850244  -0.00724438  -0.00610305  -0.00509383   0.00690558    0.0275911     0.029124    0.0291252    0.0261107    0.0282818    0.0283222      0.02924    0.0291236    0.0274186    0.0280489    0.0278792    0.0285047    0.0253429    0.0249713    0.0291869    0.0293853    0.0281429    0.0327076    0.0305751    0.0272053     0.028531    0.0302728    0.0271317    0.0232779    0.0238397    0.0220043    0.0209456    0.0207872    0.0209903    0.0217047    0.0191319   0.00891275  -0.00338668   -0.0127714   -0.0251259   -0.0510132   -0.0837655    -0.255386    -0.254453    -0.267709 -1.39099e-08            0   -0.0209296
   0.0914813     0.232196     0.407915     0.258745     0.246652     0.290881     0.279936     0.294497     0.282242     0.294605     0.307142     0.277653     0.299996     0.252574     0.307988     0.315759     0.292773     0.289218     0.269899     0.292418     0.347514     0.276129     0.248952     0.357956      0.26597     0.304152     0.277921       0.2685     0.322545      0.28063     0.303521      0.23689     0.328227     0.354737     0.240513     0.273408     0.369192     0.203417     0.280922     0.340924     0.300069     0.234631     0.286654     0.331164     0.267896     0.297907     0.298247     0.294026     0.295488     0.268361     0.245865     0.279646     0.293358     0.240279     0.139819     0.123323     0.127767     0.293838    0.0872509    0.0915732    -0.284678     0.018859   -0.0216274    0.0302288    0.0454683    0.0479139    0.0505348    0.0509577    0.0520905    0.0518261    0.0520541     0.054144    0.0544444    0.0555389    0.0531364    0.0522526    0.0536454    0.0549099    0.0558104    0.0548598    0.0638772    0.0229643    0.0229698    0.0201053    0.0222227    0.0222604    0.0231444    0.0230346    0.0214054    0.0220128    0.0218495     0.022443    0.0194475    0.0190832    0.0231668    0.0233514    0.0221373    0.0264983    0.0245002    0.0212433    0.0225298    0.0241727    0.0212075    0.0174823    0.0180205    0.0162638    0.0152462    0.0150943    0.0152897    0.0159693    0.0135674   0.00390737  -0.00784876   -0.0165648   -0.0263382   -0.0447559   -0.0715047    -0.266798    -0.265691    -0.284645 -1.19655e-08            0   -0.0232006
   0.0995844      0.20651     0.344277     0.230718     0.221858     0.256687     0.248439     0.259791      0.25084     0.260454     0.270146     0.247258     0.264715     0.227945     0.271195     0.277092     0.259034     0.256273     0.241307      0.25948     0.276129      0.27934     0.224532      0.31038      0.23813     0.268105     0.247579     0.240346     0.282671     0.249725     0.267672     0.215568     0.287232     0.307693     0.218143     0.244162      0.31904     0.189207     0.250117     0.296964     0.264906     0.213827     0.254491     0.289127     0.239834     0.263214     0.263467     0.260225     0.261347     0.240309      0.22275      0.24818      0.25826     0.217702      0.14159     0.124793     0.117133     0.236037     0.098305    0.0996161    -0.253152   -0.0194146   -0.0640693   -0.0135597   0.00351427   0.00629414   0.00914299   0.00960772    0.0108367    0.0105468    0.0107941    0.0130443     0.013376    0.0145642     0.011868    0.0109204    0.0124114     0.013788    0.0147743     0.013919    0.0131406  -0.00611748  -0.00576391  -0.00916819   -0.0071955  -0.00715861  -0.00632346  -0.00642907  -0.00797034  -0.00739889  -0.00755323  -0.00698575  -0.00983634   -0.0101727  -0.00630957   -0.0061278  -0.00725537  -0.00307508  -0.00501206  -0.00804679  -0.00684319  -0.00525242  -0.00809267   -0.0115609   -0.0110502   -0.0127132   -0.0136718   -0.0138153   -0.0136309   -0.0129805   -0.0153207   -0.0245215   -0.0355576   -0.0440502   -0.0555566   -0.0788953    -0.104295      -0.2478    -0.247005    -0.253136  -1.5383e-08            0   -0.0193052
    0.103971     0.203894     0.291757     0.202782     0.204544     0.232531     0.227824     0.236205     0.230637     0.237926     0.242468     0.226179      0.23935     0.216978     0.250602     0.249222     0.232756     0.231204      0.22384     0.240085     0.248952     0.224532     0.251384     0.278029     0.216118     0.242125     0.226149     0.225275     0.258123     0.228455     0.243187     0.204919     0.266208     0.271919     0.195891     0.225601     0.283462     0.173945     0.235397     0.271692     0.238859     0.198785     0.238753     0.265519     0.221007     0.242464     0.241521     0.237981     0.238546      0.22119     0.209044     0.232738     0.240114     0.205344     0.144682       0.1313     0.116123     0.201947      0.10464     0.103972    -0.232752     -0.10245    -0.140071    -0.100965   -0.0877804   -0.0855466   -0.0832565   -0.0828805   -0.0818879   -0.0821234    -0.081924   -0.0801199   -0.0798524   -0.0788924   -0.0811261   -0.0819027   -0.0807057   -0.0796063   -0.0788131   -0.0795116   -0.0800389   -0.0787003   -0.0785067    0.0164357    0.0190763    0.0191197    0.0200553    0.0199331    0.0181792    0.0188201    0.0186468    0.0192985    0.0160079    0.0156405    0.0199161    0.0201299    0.0188939    0.0236225    0.0213578    0.0179594    0.0192934    0.0211302    0.0178386    0.0139541    0.0145314    0.0126459    0.0115656    0.0114035    0.0116107    0.0123534   0.00960464  -0.00105942   -0.0136582   -0.0237362   -0.0400129   -0.0770706    -0.115758    -0.233643    -0.233068    -0.232744 -1.74034e-08            0   -0.0163055
   0.0823737     0.265043     0.474308     0.286409     0.274081     0.328669     0.315432     0.333263     0.317932     0.333178     0.347647     0.311638      0.33906     0.282527      0.35099      0.35854     0.329377     0.325192     0.302789     0.332074     0.357956      0.31038     0.278029     0.449106     0.295669     0.344332     0.311883     0.301457     0.368235     0.315385     0.343881     0.262089     0.376474     0.406593     0.263608     0.306768     0.425249     0.217736     0.317526     0.391868     0.339036     0.257787     0.324782     0.380081     0.299581     0.337886     0.337971     0.332342     0.334084     0.299914     0.272491     0.317081     0.334891     0.266635     0.137988     0.123792     0.144291     0.364726    0.0743971    0.0825457    -0.320511    0.0384543   0.00279105    0.0549416    0.0676171    0.0696372    0.0719548    0.0723237    0.0733299    0.0730981    0.0733007    0.0751721    0.0754322    0.0764033    0.0743535    0.0735514     0.074809    0.0759221    0.0767094    0.0760383     0.075502    0.0766017    0.0766078     0.129725    0.0686159    0.0686642    0.0696196    0.0695025    0.0677381    0.0683977    0.0682214    0.0688571    0.0656236    0.0652217    0.0696069    0.0697985    0.0684672    0.0731008     0.070987    0.0674087    0.0688109    0.0705445    0.0673666    0.0632697    0.0638494    0.0619507    0.0608461    0.0606817    0.0608931    0.0616189    0.0590913     0.048662    0.0357965    0.0266015    0.0183682   0.00387237   -0.0281653    -0.286014    -0.284531    -0.320456 -9.35496e-09            0   -0.0273481
    0.101857     0.197102     0.328419     0.224475     0.214887     0.247115     0.239282     0.249875     0.241565      0.25049     0.259983     0.238554     0.254807     0.219702      0.25976     0.266255     0.249925     0.247264     0.232664     0.249144      0.26597      0.23813     0.216118     0.295669     0.266123     0.257359     0.239009     0.231193     0.270577     0.240862     0.257374     0.208406     0.273755      0.29513     0.213381     0.235379      0.30502     0.186417     0.239674     0.283179     0.255309     0.208007     0.243675     0.275782     0.231665     0.252496     0.253012     0.250294     0.251402     0.232234     0.215561     0.237528     0.246593     0.210405     0.141717     0.123477     0.111029     0.215959     0.101644     0.101865    -0.243855   -0.0189335   -0.0649123   -0.0141526   0.00371541   0.00661925   0.00955995    0.0100406    0.0113077    0.0110082    0.0112632    0.0135808    0.0139244    0.0151497    0.0123547    0.0113828    0.0129158    0.0143387    0.0153589    0.0144742    0.0138091    0.0151683    0.0151672    0.0112294   -0.0253155   -0.0267896   -0.0257608   -0.0258623   -0.0273355   -0.0267888   -0.0269368   -0.0263925   -0.0291149   -0.0294357    -0.025713    -0.025537   -0.0266147   -0.0225815   -0.0244438   -0.0273324   -0.0261806   -0.0246464   -0.0273658   -0.0306654   -0.0301757   -0.0317675   -0.0326842   -0.0328216   -0.0326449   -0.0320197    -0.034273   -0.0430535   -0.0535464   -0.0617025   -0.0731676    -0.096135    -0.117903    -0.243608    -0.242904    -0.243846 -1.59782e-08            0   -0.0182932
