   123   123     1
     7.00968     0.246856     0.159922     0.249893     0.288873     0.265998     0.259272     0.274622     0.278161     0.312542     0.295497     0.299059      0.30741     0.295429     0.295551     0.263305     0.279332     0.302282     0.308413     0.308304      0.29484     0.308714      0.32571     0.295621     0.285497     0.313287     0.324266     0.322896     0.298422     0.293627      0.31283     0.322801     0.278676     0.245707     0.305631     0.290645     0.255974      0.28413     0.273404     0.253521     0.264109     0.292671     0.282642     0.267214     0.296066     0.293662     0.284696     0.276763     0.281213      0.28568     0.295012     0.291087     0.225141     0.282385     0.211148   -0.0074608     0.285834   -0.0263002     -1.84785     -6.28572      1.51334   -0.0319185   -0.0410814   -0.0511872   -0.0557741   -0.0647799   -0.0742033    -0.080429   -0.0714512   -0.0688805   -0.0683961   -0.0685235   -0.0704767   -0.0710198   -0.0736306   -0.0753143   -0.0735643   -0.0713273   -0.0683059   -0.0664597   -0.0641233   -0.0587881   -0.0543074   -0.0544036   -0.0488519   -0.0466137   -0.0443867   -0.0434305    -0.044414   -0.0442215   -0.0450287   -0.0452243   -0.0493689   -0.0514493   -0.0501729   -0.0500838   -0.0500233   -0.0475043   -0.0475263   -0.0483556   -0.0479948   -0.0483841   -0.0481535   -0.0471156   -0.0460798   -0.0467566   -0.0489073   -0.0516526    -0.053223   -0.0578478    -0.059823   -0.0631296   -0.0759947    -0.114576    -0.137463    -0.035906   -0.0191932   -0.0427012    -0.479436      2.02772 -1.49798e-07   -0.0350571   -0.0177773
    0.246856     0.257145     0.173961     0.227407     0.180317     0.215856     0.223898      0.23729     0.167563     0.225086     0.228085     0.221515     0.233541     0.225712     0.264306     0.243174     0.246566     0.252739     0.252603     0.267763     0.262163     0.257796     0.272923     0.274468     0.257815     0.273402     0.273339      0.27504     0.271589     0.263838      0.27248     0.270059     0.262285     0.243231     0.263964     0.255069     0.246846     0.245555     0.245073     0.248336     0.246377     0.252717     0.249028     0.252232     0.257558     0.254854     0.247894     0.238961     0.254072     0.224102     0.242177     0.223166     0.151429     0.231898     0.203237   0.00169575     0.208777   0.00316077      0.18954     0.137315   -0.0527221    0.0544461    0.0192069     0.012757    0.0109071    0.0122776     0.014284    0.0150602    0.0144279    0.0124061    0.0101943   0.00791444   0.00536405   0.00258001 -0.000486879  -0.00300424  -0.00428305  -0.00523407  -0.00541982  -0.00486589  -0.00325656  -0.00049511   0.00216827   0.00360299   0.00679059   0.00895613    0.0101798    0.0109837    0.0110432    0.0107978    0.0101939   0.00931493     0.006039   0.00481809   0.00205819  0.000799811 -0.000275347  -0.00339091  -0.00452588  -0.00583959  -0.00614462  -0.00717805  -0.00699536  -0.00808579  -0.00784357  -0.00927326   -0.0113325    -0.012889   -0.0138821   -0.0179184   -0.0200842    -0.028025   -0.0359325   -0.0488478   -0.0552282   -0.0410999   -0.0175685   -0.0446925   -0.0543077   -0.0494198  1.45178e-08    0.0296382  -0.00645948
    0.159922     0.173961      2.71467    0.0794176     0.148317      0.22345     0.250981     0.264242    0.0395998     0.154046     0.189052     0.153196     0.171429     0.165051      0.29395     0.290659     0.270582     0.243786     0.228812     0.278425     0.286971     0.244464     0.259249     0.323701     0.289777     0.286075     0.262476     0.268408     0.304334     0.288669     0.278596     0.248889      0.30946     0.314445     0.265632     0.264601     0.306597     0.247891      0.26608     0.316962      0.29206     0.256148     0.261515     0.302251     0.264482     0.258258     0.251651     0.237581     0.278907     0.172666     0.208492      0.14828    0.0432444     0.189098      0.20519   0.00553409     0.131222    0.0100006     0.363152     0.028456   -0.0292327    -0.270183     -0.22024     0.035425    0.0580562    0.0842743      0.10977     0.125504     0.116017     0.108731     0.103485     0.099131    0.0954819    0.0880669    0.0798348    0.0699638    0.0586474    0.0474875    0.0376515    0.0303435    0.0247886    0.0203687     0.016994    0.0110203    0.0104069   0.00985071   0.00895505   0.00839458    0.0061151   0.00528087   0.00451898   0.00425678  -0.00427429  -0.00421997   -0.0067144  -0.00717298  -0.00902157   -0.0217877   -0.0238417   -0.0263122   -0.0277879   -0.0304911   -0.0304041   -0.0371933   -0.0377104   -0.0415525   -0.0436536   -0.0430078   -0.0465587   -0.0601192   -0.0722553   -0.0623298   -0.0455618    -0.105786   -0.0698179    -0.186172   -0.0044582    -0.200963    -0.118948    0.0120813 -5.38808e-08      0.18506   -0.0224479
    0.249893     0.227407    0.0794176     0.431518    0.0989322     0.242914     0.230076     0.244014     0.181191     0.236046      0.23668     0.230058     0.241144      0.23233     0.268683     0.246809     0.250714     0.257488     0.257351     0.271686     0.265563     0.261923     0.277206     0.277377     0.260918     0.277173     0.277607     0.279227     0.274931     0.267257     0.276404     0.274482     0.265343     0.245597     0.267887     0.258733     0.249554     0.249109     0.248376     0.251035     0.249269     0.256207     0.252467     0.255375     0.261109      0.25856     0.251642     0.242658     0.257747     0.227439     0.246278     0.228069     0.155437     0.237374     0.209317   0.00243323     0.213265   0.00342557      0.19221     0.140479   -0.0517809    0.0283812    0.0474114   -0.0925335   -0.0027279  -0.00176349  0.000109057   0.00153798   0.00379503   0.00387134   0.00362474   0.00317041    0.0021675  0.000809011 -0.000954827  -0.00225735  -0.00249991  -0.00261073  -0.00214703 -0.000973537   0.00120857   0.00431687   0.00728486   0.00943187    0.0126907    0.0150686     0.016343      0.01723    0.0175551    0.0172934    0.0167109     0.015703    0.0128015    0.0115783   0.00837756   0.00695942   0.00585295   0.00275623   0.00156916  0.000263148 -4.24257e-05  -0.00106035 -0.000879966  -0.00187354  -0.00166517  -0.00304912  -0.00513215  -0.00672039  -0.00748252   -0.0109364   -0.0123287   -0.0221666   -0.0311839   -0.0361627   -0.0426874   -0.0305261   -0.0165297     -0.03528   -0.0455219   -0.0486638 -3.80913e-09    0.0271758  -0.00743048
    0.288873     0.180317     0.148317    0.0989322     0.572282     0.118867     0.247122      0.23238     0.268991     0.285762      0.26395     0.272302     0.277806     0.266412     0.249274     0.217528     0.234814     0.259805     0.267443     0.261239     0.246886      0.26493     0.279949     0.244211     0.238009      0.26498     0.278744     0.277875      0.25138     0.248379     0.267927     0.281427     0.234181     0.201392     0.262127     0.248779     0.211855     0.243069     0.232164     0.208649     0.219246     0.249055     0.240773     0.223457     0.252097     0.251911     0.245307      0.23933     0.239969     0.249816     0.260378     0.266643     0.213011     0.260074     0.211749   0.00194417     0.253338  0.000688619     0.105086     0.199616   -0.0556171    0.0356993    0.0637368    0.0632678    -0.103352   -0.0690581   -0.0795798   -0.0847483   -0.0721597    -0.065233   -0.0599993   -0.0556373   -0.0528307   -0.0487355   -0.0450333   -0.0399323   -0.0327732   -0.0258268   -0.0190226    -0.012589  -0.00568133    0.0016815   0.00821914    0.0154177    0.0206187    0.0246649    0.0270628    0.0287595    0.0307679    0.0308016    0.0303794    0.0288805    0.0295722     0.027751    0.0237811    0.0217563     0.021094    0.0232863    0.0225851    0.0219671    0.0222951    0.0222451    0.0224213    0.0245817    0.0251065    0.0251452    0.0231754    0.0204968    0.0215888    0.0244004    0.0300347   0.00798248   -0.0152888    0.0221961  -0.00511029    0.0682479   -0.0186562    0.0665865     0.011123   -0.0731312  1.29122e-09   -0.0607401 -0.000118875
    0.265998     0.215856      0.22345     0.242914     0.118867     0.452128    0.0937289      0.27199     0.204421     0.247389     0.243754     0.245021     0.255215        0.246     0.262156      0.23651     0.245569      0.25934     0.262165     0.268649     0.259354     0.264054     0.279297     0.265659     0.253094     0.273527      0.27907     0.279708      0.26683     0.260919     0.274089     0.278077     0.254219     0.229397     0.266576     0.255764     0.235868     0.247632     0.242963      0.23554     0.238562     0.254353     0.248825     0.243921     0.258549     0.256877     0.250031     0.242171     0.251722     0.236911     0.252507     0.243611     0.178106     0.246668     0.210448   0.00209952      0.22946   0.00240477     0.160419     0.164327   -0.0530252    0.0163023     0.021403    0.0218276    0.0192514   -0.0488892   -0.0264411   -0.0290829   -0.0239618   -0.0216918   -0.0201406   -0.0190558   -0.0189096   -0.0184836    -0.018438    -0.017567   -0.0151996   -0.0127802   -0.0100068  -0.00694121  -0.00305728   0.00164925   0.00595667   0.00988554    0.0139162     0.016901    0.0186121    0.0197982     0.020703    0.0205628    0.0200352    0.0188728    0.0172471    0.0157865    0.0124209    0.0108232   0.00991117   0.00888536    0.0079094   0.00686608   0.00680898   0.00616159    0.0063368   0.00653621    0.0068793   0.00603164   0.00399291   0.00198708   0.00189291  0.000707122    0.0018962   -0.0121916   -0.0264628   -0.0166019   -0.0309712   0.00527646   -0.0173582   0.00185706    -0.025247   -0.0579496  8.66333e-10  -0.00646009  -0.00435946
    0.259272     0.223898     0.250981     0.230076     0.247122    0.0937289     0.531768    0.0201717     0.300228     0.252909     0.231532     0.233644     0.247395      0.23955     0.263939     0.240005     0.247091     0.258061     0.259658      0.26912     0.261068     0.262528     0.277743     0.269492     0.255471     0.274239     0.277773     0.278756     0.269201     0.262618     0.274187     0.275856     0.257713     0.234938     0.266297     0.256139     0.240422     0.247484     0.244319      0.24078     0.242001     0.254367     0.249502     0.247575     0.258805     0.256766     0.249879     0.241606     0.253238     0.232671     0.249318     0.236762     0.168763     0.242043     0.208789   0.00206237     0.222508   0.00278235     0.172721     0.155012   -0.0523012    0.0143313    0.0156426    0.0155285    0.0169814    0.0162724   -0.0384835   -0.0152567   -0.0110721   -0.0107324   -0.0102659    -0.010039   -0.0105951   -0.0111398   -0.0120499   -0.0122861   -0.0111724  -0.00992965  -0.00819557  -0.00600832   -0.0029167   0.00111017   0.00484646   0.00791928    0.0116566    0.0143616    0.0159019    0.0169565    0.0175714    0.0173931    0.0168406    0.0157758    0.0135699    0.0122017   0.00904781   0.00758083   0.00662258   0.00484528   0.00381543   0.00267691   0.00252915    0.0017406   0.00191782   0.00164615   0.00194877  0.000890095  -0.00115515  -0.00298972  -0.00338341  -0.00556534  -0.00550726   -0.0174746   -0.0294513   -0.0269228   -0.0381456   -0.0106206   -0.0170784   -0.0143308   -0.0345484   -0.0541927  3.85892e-10   0.00670253  -0.00533504
    0.274622      0.23729     0.264242     0.244014      0.23238      0.27199    0.0201717     0.780078    -0.654477     0.217126     0.256536     0.239613     0.254824     0.250768     0.278347     0.253882     0.261854     0.273611     0.275184     0.284945     0.276303     0.277877     0.293888     0.284973     0.270237     0.290152     0.293902     0.294831     0.284552      0.27761     0.289867     0.291622     0.272162      0.24809     0.281527     0.270712     0.253943     0.261662     0.258191     0.254295     0.255781     0.269016     0.263743     0.261527     0.273648     0.271417     0.264059     0.255315     0.267517     0.246243     0.263481     0.250045     0.178329     0.255243     0.219509   0.00186112     0.235226   0.00294456     0.183739     0.164773   -0.0549572    0.0216267    0.0264073     0.029691    0.0334657    0.0335027    0.0300971   -0.0382793   -0.0120513    -0.010765   -0.0110658   -0.0113034   -0.0122061   -0.0130935   -0.0143563   -0.0149508   -0.0141179   -0.0131057   -0.0114955  -0.00942973   -0.0063959  -0.00222472   0.00164678   0.00456943   0.00855999    0.0113427    0.0129793    0.0140682    0.0145858     0.014416    0.0138215    0.0127699    0.0102514   0.00879964   0.00578697   0.00437367   0.00343255   0.00168344  0.000655192 -0.000534224 -0.000677259  -0.00150911  -0.00131578  -0.00160957  -0.00126145  -0.00238959  -0.00454024  -0.00646862  -0.00695924  -0.00950434  -0.00969006   -0.0214425   -0.0336486   -0.0340734   -0.0457509   -0.0151317   -0.0181615   -0.0186131   -0.0393465    -0.057165  -1.8713e-10   0.00727587   -0.0053893
    0.278161     0.167563    0.0395998     0.181191     0.268991     0.204421     0.300228    -0.654477      6.28722     -1.99863     0.161025      0.26531     0.234771     0.235778     0.220741     0.195295     0.216999     0.245098     0.253337     0.242434     0.226909     0.247978     0.261275     0.220055      0.21676     0.244157     0.259441     0.257401     0.227483     0.225726     0.245963      0.26132     0.208498     0.175749     0.241163     0.227513     0.187051     0.223671     0.210793     0.182995     0.196504     0.229544     0.220113        0.199     0.231576     0.231323     0.224739     0.219798     0.216978     0.237049     0.242693     0.251972     0.207235     0.240174     0.187541 -0.000530334     0.241659  6.24521e-05    0.0873016      0.20162   -0.0504182    0.0387117    0.0721867    0.0955755     0.106615     0.109439     0.105928     0.096332   -0.0975524   -0.0759344   -0.0712606    -0.068686   -0.0678636   -0.0651205   -0.0627149   -0.0590213    -0.053055   -0.0470444   -0.0408178   -0.0353477   -0.0295135   -0.0223714   -0.0161188   -0.0106996  -0.00523442   -0.0016974  0.000789681   0.00232988   0.00359125     0.003803    0.0033675   0.00239488   0.00243412  0.000598514  -0.00101259  -0.00206054  -0.00210058   0.00181929   0.00167334   0.00132945   0.00184317   0.00199211   0.00219981   0.00475996   0.00550058   0.00574503   0.00402024   0.00140577   0.00224952   0.00439853   0.00920694  -0.00734551   -0.0284847  -0.00742057   -0.0355285    0.0548201   -0.0186658    0.0570155   0.00106211   -0.0719505  1.06761e-08   -0.0715501   0.00316389
    0.312542     0.225086     0.154046     0.236046     0.285762     0.247389     0.252909     0.217126     -1.99863      5.35299     -2.05806     0.144103     0.296232     0.256375     0.263766     0.242905     0.264928     0.291307     0.298352     0.296206     0.281791     0.295606     0.311506      0.28053     0.271245     0.298495     0.310016     0.308968     0.284694     0.280191     0.299055     0.309525     0.266035     0.233502     0.291857     0.277713     0.243632     0.271006     0.260912     0.241217     0.250869     0.278535     0.269693     0.254973     0.281979     0.280534     0.272561     0.265093     0.269239     0.272142     0.283518     0.282222     0.218693     0.276637     0.224618 -7.95213e-05     0.268915   0.00152758     0.149324     0.210541   -0.0582074     0.042601    0.0703737    0.0908029     0.102813     0.109844     0.110119     0.097531     0.032953   -0.0684645   -0.0570689   -0.0481449   -0.0491513   -0.0488885   -0.0486692    -0.047363   -0.0441515   -0.0408264   -0.0368706   -0.0331223   -0.0286139   -0.0223855   -0.0168017   -0.0127262  -0.00724748  -0.00381704  -0.00142067  3.62447e-05  0.000802898  0.000894834  0.000303799 -0.000667766  -0.00230866  -0.00419392  -0.00599057  -0.00704114  -0.00736923    -0.005493  -0.00596175  -0.00673704  -0.00645761  -0.00677704  -0.00653444  -0.00509019  -0.00439099  -0.00482155  -0.00695092  -0.00952361  -0.00939486  -0.00983473  -0.00744372   -0.0217278   -0.0400611   -0.0337117   -0.0566753    0.0184191   -0.0209427    0.0189698   -0.0249091   -0.0732106  6.17333e-09   -0.0406586 -0.000134196
    0.295497     0.228085     0.189052      0.23668      0.26395     0.243754     0.231532     0.256536     0.161025     -2.05806      5.97411     -2.11893     0.168417      0.27928     0.246276      0.22609     0.251681     0.278903      0.28707      0.29011     0.277949     0.287051     0.302168     0.278791      0.26755     0.291943     0.300471     0.299968     0.280724     0.275467     0.291803     0.298929     0.264076     0.235036     0.284252     0.271313     0.243609     0.264057     0.256224     0.242167      0.24918      0.27159      0.26387       0.2535     0.275272     0.273403     0.265594     0.257768     0.264599     0.259619     0.272231     0.266173     0.200853     0.263852     0.217354  1.39772e-05     0.253002   0.00201394     0.161923     0.192657   -0.0556621    0.0368353    0.0582106    0.0738497    0.0844358    0.0942432     0.101013     0.096651    0.0730698    0.0298742   -0.0590491   -0.0367238   -0.0344315   -0.0355335   -0.0367031   -0.0367647    -0.035381    -0.033909   -0.0316757   -0.0292934   -0.0260588   -0.0210588   -0.0164974   -0.0136483  -0.00876939  -0.00579271  -0.00369204  -0.00243588  -0.00201997  -0.00198363  -0.00258726  -0.00342949  -0.00572697  -0.00743932  -0.00899903  -0.00988119   -0.0102713  -0.00945686  -0.00999812   -0.0108785   -0.0107291   -0.0112275   -0.0109872   -0.0101942  -0.00957582   -0.0102699   -0.0123562   -0.0146358   -0.0148672   -0.0165148   -0.0155653   -0.0270108   -0.0419953   -0.0441598   -0.0623495  -0.00134227   -0.0198862  -0.00141309   -0.0351051   -0.0661792  4.30876e-09   -0.0222642   -0.0015276
    0.299059     0.221515     0.153196     0.230058     0.272302     0.245021     0.233644     0.239613      0.26531     0.144103     -2.11893      5.77495     -1.86677     0.297579     0.273281     0.201266     0.232108     0.269874     0.284177     0.286262     0.273935      0.28653     0.301353     0.272142     0.262511     0.287975      0.29844     0.297363     0.274811     0.270413     0.288158     0.297581     0.257006     0.226317     0.281157     0.267609     0.235844     0.261113     0.251668      0.23373     0.242709      0.26848     0.259999     0.246563     0.271769     0.270179     0.262413      0.25509     0.259686     0.261015     0.272002     0.269361     0.207469      0.26452     0.215078 -0.000236222     0.256648   0.00151379     0.147124     0.199635   -0.0562908    0.0248494     0.044075    0.0569097    0.0654827    0.0747344    0.0846211    0.0901411    0.0822937    0.0675834    0.0326538   -0.0587574   -0.0434889   -0.0417984   -0.0438852   -0.0432156   -0.0407994   -0.0383359   -0.0352551   -0.0321434   -0.0283101   -0.0228168   -0.0178541   -0.0144824  -0.00937366  -0.00623352  -0.00398323  -0.00263398  -0.00203946  -0.00195187  -0.00253455  -0.00340871   -0.0052464  -0.00703502  -0.00849163  -0.00936387  -0.00963066   -0.0079433  -0.00837496   -0.0091299  -0.00888068  -0.00923503  -0.00897662  -0.00770118  -0.00702393  -0.00750595  -0.00955886    -0.011977   -0.0119589   -0.0127702   -0.0109454   -0.0237138   -0.0405088   -0.0382095   -0.0594014    0.0114654   -0.0204019    0.0121793   -0.0281449   -0.0697758  8.70244e-09   -0.0347575 -0.000422318
     0.30741     0.233541     0.171429     0.241144     0.277806     0.255215     0.247395     0.254824     0.234771     0.296232     0.168417     -1.86677      4.31747     -1.60389     0.339289     0.250464     0.231046     0.266661     0.287774     0.295283     0.284977     0.297601     0.313303     0.285364     0.274181     0.300012     0.309679     0.308765     0.286809     0.281891     0.299801     0.308558     0.269015     0.237916     0.292341     0.278568     0.247412     0.271487     0.262431     0.245503     0.253954     0.279154     0.270732     0.258186     0.282717     0.280995     0.272964     0.265177     0.270943     0.269342     0.281607     0.277458     0.211822      0.27386     0.224461  0.000134025     0.263946   0.00173691     0.157161     0.202544   -0.0584852    0.0140649     0.026807    0.0342695    0.0400255    0.0467201    0.0555461     0.064521    0.0667758    0.0651495    0.0564298    0.0234598   -0.0343185   -0.0274854   -0.0392764    -0.039775   -0.0377785   -0.0355045   -0.0325129   -0.0293402    -0.025393   -0.0199456   -0.0149862   -0.0115026  -0.00641149  -0.00320412 -0.000957497  0.000414527   0.00105941   0.00111495  0.000510495 -0.000440439     -0.00238  -0.00419245  -0.00595182  -0.00693805  -0.00729676  -0.00597756  -0.00650966  -0.00734286  -0.00713593  -0.00756681  -0.00729659  -0.00614918  -0.00549276  -0.00607117  -0.00822036   -0.0106684   -0.0106719   -0.0116402  -0.00991094   -0.0233436   -0.0403559   -0.0372893   -0.0581276    0.0100951   -0.0209031    0.0101478   -0.0294865   -0.0709365  9.76201e-09   -0.0307344  -0.00115394
    0.295429     0.225712     0.165051      0.23233     0.266412        0.246      0.23955     0.250768     0.235778     0.256375      0.27928     0.297579     -1.60389      3.95457     -1.37635      0.37465      0.27506     0.246954     0.264553     0.278546     0.272473     0.286374      0.30242     0.275545     0.264916     0.289234     0.298448     0.297299     0.276114     0.271466     0.288611     0.297136     0.259067     0.229225     0.281566     0.268305     0.238354     0.261494      0.25275     0.236584     0.244655     0.268837     0.260732     0.248753     0.272253     0.270586     0.262882     0.255366     0.261025     0.259148     0.271101     0.266993     0.203633     0.263821     0.216659   0.00031169     0.253854   0.00163929     0.150367      0.19387   -0.0568318    0.0043409    0.0118723    0.0151899    0.0184675    0.0220214    0.0279359      0.03642    0.0446402    0.0506802    0.0532441    0.0499683    0.0338272   0.00109678   -0.0326351   -0.0363387   -0.0344292   -0.0327083   -0.0297964   -0.0265048   -0.0224841   -0.0172122    -0.012409  -0.00885812   -0.0040365 -0.000946762   0.00119308   0.00251623   0.00319906   0.00323911   0.00266128   0.00170344 -6.44882e-05  -0.00180273  -0.00362981  -0.00462845  -0.00499358  -0.00377478  -0.00431572  -0.00511769  -0.00492623   -0.0053476  -0.00507664  -0.00395696  -0.00334002  -0.00389468  -0.00597383  -0.00833177   -0.0082856  -0.00908561  -0.00731216   -0.0207592   -0.0373796   -0.0328755   -0.0530497    0.0119192   -0.0202139    0.0117505   -0.0269022   -0.0685555  1.08422e-08   -0.0292398  -0.00133255
    0.295551     0.264306      0.29395     0.268683     0.249274     0.262156     0.263939     0.278347     0.220741     0.263766     0.246276     0.273281     0.339289     -1.37635      3.09415     -1.70944     0.117695     0.282171     0.265973     0.286681     0.291741     0.299967     0.320782     0.313998     0.296909     0.317339     0.319715     0.320293     0.310186      0.30242      0.31523     0.316132     0.297103      0.27184     0.306037     0.294376     0.277754     0.284377     0.281094     0.278381     0.279481     0.292518     0.286908     0.285635     0.297555     0.294884     0.286778     0.277089     0.291215     0.265869     0.284725     0.268261     0.189328     0.274645      0.23678   0.00173816     0.252445   0.00341213     0.207517     0.175747   -0.0584738    0.0109676    0.0100303   0.00854509    0.0112382    0.0154301    0.0208457    0.0264531    0.0305325    0.0318498    0.0299802    0.0243559    0.0120836   -0.0136645   0.00128238   -0.0127324   -0.0067576  -0.00733432  -0.00866579  -0.00823599  -0.00646997   -0.0036167 -0.000660553   0.00128995   0.00492901   0.00741739    0.0089671   0.00999772    0.0102748    0.0100958   0.00943057   0.00840678   0.00523119   0.00367655  0.000840871 -0.000480563  -0.00143023   -0.0034941  -0.00455902  -0.00586864  -0.00604844  -0.00701357  -0.00679078  -0.00732175  -0.00693358  -0.00826237   -0.0105847    -0.012575   -0.0132896   -0.0167199   -0.0176283   -0.0285149   -0.0402219   -0.0466448   -0.0574607   -0.0269311   -0.0194441   -0.0305714   -0.0487964   -0.0596326  2.02216e-09    0.0141875  -0.00565975
    0.263305     0.243174     0.290659     0.246809     0.217528      0.23651     0.240005     0.253882     0.195295     0.242905      0.22609     0.201266     0.250464      0.37465     -1.70944      6.41764     -2.34329   -0.0437589     0.246589     0.239274     0.242169     0.257981      0.28512     0.287012     0.272365     0.289875      0.29029      0.29034        0.283     0.275423     0.285857      0.28511     0.271655     0.250295     0.277445     0.267218     0.254963     0.257845     0.255782     0.256007     0.255888     0.265379     0.260634     0.261485     0.270051     0.267287     0.259849     0.250757     0.265015     0.238162     0.255743     0.238009     0.164737     0.245157     0.212632   0.00131254     0.223857   0.00342619     0.199127     0.153488   -0.0516715    0.0152512    0.0142817    0.0134766    0.0167635    0.0223255    0.0293529    0.0366302    0.0412946    0.0450784    0.0473392    0.0464561    0.0404173     0.025028   0.00848304   -0.0315849   -0.0181289  -0.00339012  -0.00467901  -0.00625409  -0.00595523  -0.00472779   -0.0030436  -0.00232054  0.000265301   0.00190885   0.00298426   0.00369306    0.0035615   0.00337158   0.00273795   0.00194175  -0.00151336  -0.00287266   -0.0050211  -0.00601041  -0.00684143  -0.00913128   -0.0100773   -0.0113174   -0.0115338   -0.0125092   -0.0122996   -0.0131295   -0.0127833    -0.014148   -0.0162435    -0.017903   -0.0188177   -0.0228483   -0.0246695   -0.0321906   -0.0406886   -0.0541694   -0.0613144   -0.0389921   -0.0172648   -0.0422435    -0.052732   -0.0506692 -7.69711e-10    0.0226704  -0.00554153
    0.279332     0.246566     0.270582     0.250714     0.234814     0.245569     0.247091     0.261854     0.216999     0.264928     0.251681     0.232108     0.231046      0.27506     0.117695     -2.34329      7.03551     -2.37164    0.0288788     0.267442     0.233508     0.248698      0.28493     0.288292     0.278853     0.300646     0.303351      0.30214     0.289888     0.282567     0.295032     0.296465     0.275496     0.251522     0.286942     0.275356     0.257815     0.266671     0.262439     0.258137     0.260745     0.274596     0.268417     0.265643     0.278813     0.276001     0.268039      0.25906     0.271494     0.250887     0.266714     0.251071     0.178302     0.255341     0.217417  0.000551244     0.237318   0.00301894     0.194432     0.168282   -0.0544311    0.0127201    0.0132791    0.0133097    0.0167767    0.0222012    0.0296344    0.0386864    0.0469177     0.055903    0.0653978    0.0730622    0.0780442    0.0760394    0.0631736    0.0390744   -0.0634965   -0.0251925   -0.0128259    -0.015509   -0.0151058   -0.0134602   -0.0112122   -0.0101158  -0.00724777  -0.00565525  -0.00450492  -0.00379704  -0.00405625  -0.00418722  -0.00485585  -0.00557683  -0.00907116   -0.0105698   -0.0119602   -0.0126442   -0.0131847   -0.0143325   -0.0150711   -0.0161808   -0.0162768   -0.0171516   -0.0168646   -0.0171907    -0.016708   -0.0179287   -0.0200648   -0.0219052    -0.022694   -0.0264387   -0.0278978   -0.0354973   -0.0454015   -0.0606636   -0.0708446   -0.0339576   -0.0189401   -0.0357086   -0.0525656   -0.0565933  1.69474e-09     0.011691  -0.00450075
    0.302282     0.252739     0.243786     0.257488     0.259805      0.25934     0.258061     0.273611     0.245098     0.291307     0.278903     0.269874     0.266661     0.246954     0.282171   -0.0437589     -2.37164      6.38978     -2.30632    0.0716917     0.264425     0.250971      0.28136     0.284958     0.285192     0.314746     0.322304     0.320077      0.30116     0.294212     0.309417     0.313842     0.282188      0.25446     0.301578     0.288084     0.263124     0.280325     0.273063     0.262526     0.268863     0.288777      0.28062     0.272899      0.29239     0.289536     0.280865      0.27199     0.282042     0.269578     0.283338     0.270604     0.197996     0.271311     0.226334 -0.000184594     0.257173    0.0024832     0.188344     0.188763   -0.0586011   0.00637564   0.00770978   0.00768477    0.0106166     0.014574    0.0207736    0.0298847    0.0411539    0.0538299    0.0684769    0.0826471    0.0967549     0.106769     0.110086     0.104038    0.0623379   -0.0578688   -0.0227656   -0.0267637   -0.0268555   -0.0241512   -0.0207418   -0.0185649   -0.0150132   -0.0132352   -0.0118912   -0.0111108   -0.0114004   -0.0114629   -0.0121718   -0.0128474   -0.0162537   -0.0179302   -0.0184602   -0.0187871   -0.0189459   -0.0185692   -0.0190583   -0.0199898   -0.0199279   -0.0206694   -0.0202676   -0.0198723   -0.0192203   -0.0202355   -0.0224461   -0.0245466   -0.0250749   -0.0282037   -0.0289134   -0.0374677   -0.0497596   -0.0645249   -0.0790128   -0.0231011   -0.0211465   -0.0232518    -0.049393   -0.0649276  6.07258e-09   -0.0035729  -0.00333352
    0.308413     0.252603     0.228812     0.257351     0.267443     0.262165     0.259658     0.275184     0.253337     0.298352      0.28707     0.284177     0.287774     0.264553     0.265973     0.246589    0.0288788     -2.30632      6.24751      -2.3155    0.0126023     0.250111     0.263667     0.260436     0.271997     0.311159     0.325477     0.324668     0.303078     0.296327     0.312416      0.31793     0.281172      0.25206     0.304491     0.290217     0.261953     0.283117     0.274394     0.260965     0.269158     0.291732     0.282636     0.272628     0.294913     0.292034     0.283108     0.274392     0.283235     0.274656     0.287212     0.275807     0.204162     0.275025     0.227648 -0.000434681     0.262769   0.00219262     0.183119     0.195094   -0.0597447   0.00115841   0.00169682  0.000712443   0.00281382    0.0051488   0.00946946     0.016951    0.0285447     0.041076    0.0558524    0.0708958    0.0871944     0.101713     0.115197     0.122185     0.118415    0.0769495   -0.0262589   -0.0296933    -0.033345   -0.0282183    -0.024569   -0.0214284   -0.0177879   -0.0160573   -0.0148082   -0.0140871    -0.014392   -0.0144639   -0.0151947   -0.0158438   -0.0191517    -0.020874   -0.0209077   -0.0210151    -0.020953   -0.0198124   -0.0201664   -0.0209805   -0.0208459   -0.0215205    -0.021045    -0.020281   -0.0195577   -0.0204591    -0.022675   -0.0248526   -0.0252002   -0.0279276    -0.028218   -0.0372433   -0.0505171    -0.064201   -0.0803767   -0.0163976   -0.0218387   -0.0159371   -0.0460091   -0.0677176  7.88052e-09   -0.0102764  -0.00284231
    0.308304     0.267763     0.278425     0.271686     0.261239     0.268649      0.26912     0.284945     0.242434     0.296206      0.29011     0.286262     0.295283     0.278546     0.286681     0.239274     0.267442    0.0716917      -2.3155      6.44351      -2.4428    -0.180429     0.210083     0.237932     0.252093     0.300773     0.324766     0.331794     0.317546     0.309907     0.323801     0.325865     0.297044     0.269604     0.314082     0.300665     0.278045     0.292113     0.285821     0.278032     0.283018      0.30088     0.293046     0.287575     0.304859     0.301718     0.292774     0.283197      0.29548     0.277049     0.292876     0.277017     0.199046     0.280345     0.237137  0.000445513     0.262598   0.00294686     0.205389     0.187899   -0.0602341   0.00403675   0.00156261  -0.00109399  0.000876396   0.00351499   0.00750273    0.0131492     0.021527    0.0297354    0.0395105    0.0495975    0.0606602    0.0707071    0.0809332    0.0866903    0.0873697    0.0782876     0.033909   -0.0138047   -0.0257044   -0.0124731   -0.0117549   -0.0104054  -0.00814276  -0.00713035  -0.00668237  -0.00634137  -0.00672682  -0.00704269  -0.00784961   -0.0086243   -0.0123024   -0.0139631   -0.0148873   -0.0153899   -0.0157431   -0.0161793   -0.0168459   -0.0179069   -0.0179416   -0.0188298   -0.0184099   -0.0183361   -0.0177388   -0.0189404   -0.0212612   -0.0233135   -0.0239164   -0.0274719   -0.0285529   -0.0374453   -0.0492267   -0.0638974   -0.0765186   -0.0282675   -0.0212026   -0.0296941   -0.0519837   -0.0639995  4.86484e-09   0.00628847  -0.00444869
     0.29484     0.262163     0.286971     0.265563     0.246886     0.259354     0.261068     0.276303     0.226909     0.281791     0.277949     0.273935     0.284977     0.272473     0.291741     0.242169     0.233508     0.264425    0.0126023      -2.4428      7.88502     -2.55001    -0.308879     0.149004     0.201507     0.256169     0.294845     0.314203     0.307626     0.302103     0.315195     0.315628      0.28911     0.263273     0.304397     0.291501     0.271211     0.283247     0.277563     0.271594     0.275997     0.291907     0.284355     0.280243     0.295669     0.292334     0.283542     0.274054      0.28696     0.266454     0.282014     0.264497     0.187718      0.26889     0.228641  0.000397785     0.250723   0.00303745     0.205926     0.176976   -0.0576835   0.00525846   0.00174103  -0.00139906  0.000521378   0.00335259   0.00729652    0.0122731    0.0191795    0.0255928    0.0333483    0.0415483    0.0508264    0.0596852    0.0704073    0.0792476    0.0840155    0.0843518    0.0710135    0.0438509  -0.00521196   0.00579193  0.000321965   -0.0106868  -0.00864048  -0.00847131  -0.00875572  -0.00882222  -0.00940237  -0.00991689   -0.0108108   -0.0115086   -0.0154198   -0.0169551   -0.0174189   -0.0177023   -0.0179878   -0.0186396   -0.0192749   -0.0203094   -0.0203843   -0.0213217   -0.0208686   -0.0209647   -0.0203887   -0.0216514   -0.0238956   -0.0257673   -0.0264464   -0.0303746   -0.0319877     -0.03933   -0.0494453   -0.0676776   -0.0780483    -0.034837   -0.0203136   -0.0363684   -0.0541429   -0.0596525  2.89951e-09    0.0130891  -0.00479405
    0.308714     0.257796     0.244464     0.261923      0.26493     0.264054     0.262528     0.277877     0.247978     0.295606     0.287051      0.28653     0.297601     0.286374     0.299967     0.257981     0.248698     0.250971     0.250111    -0.180429     -2.55001       8.5042     -2.58301    -0.349268    0.0970119     0.207888     0.269315     0.303256     0.298944     0.300782     0.319636      0.32417     0.281427      0.25164     0.308913     0.293266      0.26287     0.287587     0.277099     0.262194     0.272942     0.296993     0.286159     0.274796     0.299049      0.29533     0.285589      0.27668      0.28573     0.278006     0.288579     0.274075      0.20151     0.273315     0.225519  -0.00113283     0.262467   0.00208295     0.190228      0.19321   -0.0599875  -0.00171493  -0.00388178  -0.00683595   -0.0055967  -0.00441918  -0.00183144   0.00316513    0.0128762    0.0222035    0.0332797    0.0451481    0.0589568    0.0733911    0.0933678     0.114993      0.13287     0.146644      0.15164     0.142645     0.118172     0.024135   0.00816631   -0.0368299   -0.0289582   -0.0285476   -0.0287281    -0.028872   -0.0296283   -0.0301888   -0.0312661   -0.0317054   -0.0357414   -0.0373286   -0.0350491   -0.0340536   -0.0333202   -0.0311826   -0.0312034   -0.0317877   -0.0316113   -0.0323534   -0.0316077    -0.030565   -0.0297023   -0.0306386   -0.0328386   -0.0348458   -0.0351175   -0.0384063   -0.0394684   -0.0457016   -0.0572502   -0.0805554   -0.0950403    -0.024284   -0.0225967   -0.0228181   -0.0502813   -0.0667856   7.2665e-09  -0.00477462  -0.00322161
     0.32571     0.272923     0.259249     0.277206     0.279949     0.279297     0.277743     0.293888     0.261275     0.311506     0.302168     0.301353     0.313303      0.30242     0.320782      0.28512      0.28493      0.28136     0.263667     0.210083    -0.308879     -2.58301      8.43142     -2.58372    -0.484573    0.0606522     0.219184     0.281484     0.296879     0.310983     0.336969     0.343929     0.300644     0.268755      0.32688     0.310379     0.279197     0.303891     0.293471     0.278623     0.289081     0.313674     0.302767      0.29154     0.316147      0.31241     0.302326     0.292866     0.302767     0.293166     0.305327     0.290364     0.213142     0.290274     0.240747 -0.000692444     0.277507   0.00229684     0.200967     0.203253   -0.0634879  -0.00358235   -0.0067718   -0.0107019  -0.00990447  -0.00946901  -0.00781702  -0.00384291   0.00565242     0.014041    0.0237901    0.0342624    0.0463908    0.0593958    0.0779443    0.0992908     0.118225     0.133956     0.143329     0.140794     0.124073    0.0633246    0.0278418   -0.0447733   -0.0257622   -0.0225192   -0.0223473   -0.0229086   -0.0233622   -0.0243961   -0.0258066   -0.0265373   -0.0303994   -0.0320361    -0.030331   -0.0296161   -0.0291126   -0.0273714   -0.0275913   -0.0283016   -0.0281679   -0.0289682   -0.0282328   -0.0272288   -0.0263763   -0.0273756   -0.0297209   -0.0318687   -0.0321163   -0.0353347   -0.0361376    -0.044037   -0.0568341   -0.0768117   -0.0922339   -0.0215306   -0.0234987   -0.0207795   -0.0500346   -0.0703485  7.81001e-09  -0.00486917  -0.00340824
    0.295621     0.274468     0.323701     0.277377     0.244211     0.265659     0.269492     0.284973     0.220055      0.28053     0.278791     0.272142     0.285364     0.275545     0.313998     0.287012     0.288292     0.284958     0.260436     0.237932     0.149004    -0.349268     -2.58372      9.45765     -2.50046    -0.581622    0.0535109     0.207288     0.259928     0.287453     0.318212      0.32443     0.310804     0.285279     0.313174     0.301097     0.287759     0.290079     0.288284     0.289099     0.288276     0.298372     0.293479     0.294931     0.303781     0.300873     0.292703      0.28246     0.298688     0.267391     0.288131     0.268824     0.186039     0.277614     0.242108   0.00213364     0.252278   0.00385442     0.222016     0.171633    -0.058546   0.00558766 -0.000781308  -0.00587809  -0.00458145   -0.0023333  0.000368553   0.00292273   0.00699484   0.00908343    0.0114582    0.0140952    0.0170057    0.0199444    0.0243963    0.0299828    0.0352573    0.0388476    0.0392225    0.0301606   0.00895976   -0.0250178   -0.0699939  -0.00459144   0.00170978    0.0141403    0.0183236    0.0167015    0.0168446    0.0149584    0.0132194    0.0116744   0.00859463   0.00717371    0.0039135    0.0023016  0.000864991  -0.00248835  -0.00392934  -0.00545886  -0.00580312  -0.00693009  -0.00671944  -0.00766994  -0.00734192   -0.0088625   -0.0112438   -0.0131437   -0.0140408   -0.0180857   -0.0195885   -0.0299744   -0.0405322    -0.048933   -0.0574197   -0.0360769   -0.0190701   -0.0407297   -0.0537159    -0.057165  1.48565e-09    0.0246126  -0.00562363
    0.285497     0.257815     0.289777     0.260918     0.238009     0.253094     0.255471     0.270237      0.21676     0.271245      0.26755     0.262511     0.274181     0.264916     0.296909     0.272365     0.278853     0.285192     0.271997     0.252093     0.201507    0.0970119    -0.484573     -2.50046       10.159     -2.49452    -0.442663     0.106576       0.2021     0.243284     0.289294     0.307331     0.287789     0.262801     0.299779     0.285716     0.266535     0.276889     0.271825     0.267203     0.271011      0.28552     0.278387     0.275294     0.289214     0.285862     0.277277     0.267859     0.281152     0.259004     0.274838     0.256758     0.180797     0.262185     0.224426  0.000773311     0.243035   0.00304597     0.203233     0.168969   -0.0566822   0.00271623  -0.00263458  -0.00727627  -0.00624162  -0.00465596   -0.0024756  0.000171019   0.00531615   0.00875126     0.012705    0.0170815    0.0221161    0.0275653    0.0357347    0.0461421    0.0564716    0.0657338    0.0730498    0.0765751    0.0724882    0.0613025    0.0326375    0.0523933   -0.0370575    -0.019126  0.000280742  -0.00229392  -0.00341135  -0.00532974  -0.00740743   -0.0087902   -0.0117318   -0.0130047   -0.0135542   -0.0136924   -0.0140328   -0.0150779   -0.0159247   -0.0170223   -0.0171906   -0.0181808   -0.0176887   -0.0178429   -0.0173062   -0.0185806   -0.0207887   -0.0225715   -0.0231964   -0.0269942   -0.0285739   -0.0362484   -0.0460401   -0.0621512   -0.0716032   -0.0333229   -0.0196978   -0.0354418   -0.0517156   -0.0574201  2.76285e-09    0.0164047  -0.00484068
