   123   123     1
     5.78463     0.258486      0.19065      0.25933     0.264838     0.265213     0.258505     0.283492     0.226333      0.29342     0.287454     0.284832     0.303233     0.286325     0.316149     0.259384     0.276353     0.303563     0.313039     0.320622     0.303806     0.308517     0.323392     0.297122     0.279083     0.310759     0.328075     0.327029     0.303288     0.290511      0.31901     0.317227     0.262879     0.223424     0.293046     0.292766     0.258586     0.277577     0.273739     0.259849     0.260737     0.320031     0.294738     0.286821      0.29419     0.284499     0.267715     0.283583     0.422973      0.28469     0.409786     0.261633     0.129771     0.254613     0.227986   0.00136736     0.259118    0.0421018    -0.856416     -6.23622     0.720757  -0.00646067  -0.00842322   -0.0112474   -0.0117291   -0.0136834   -0.0156742   -0.0170179   -0.0150693   -0.0148663   -0.0153106   -0.0159996   -0.0171952    -0.018243   -0.0199585   -0.0215625   -0.0222716   -0.0227413   -0.0228975   -0.0232892   -0.0234672   -0.0226312   -0.0219824   -0.0229662   -0.0218257   -0.0215455   -0.0210931   -0.0209854   -0.0215369    -0.021452   -0.0215836   -0.0214117   -0.0228939   -0.0230992   -0.0217431   -0.0210675   -0.0206121   -0.0200993   -0.0198998   -0.0198386   -0.0196278   -0.0193425   -0.0188693   -0.0186685    -0.018317   -0.0186825   -0.0195212   -0.0213856   -0.0255691   -0.0351035   -0.0498958   -0.0464296   -0.0384176    -0.184171    -0.183831    -0.148094  -0.00541979    -0.135611    -0.536803        1.543 -2.71966e-07  -0.00775609   -0.0341062
    0.258486     0.287736    0.0572105     0.269346     0.129808     0.221961     0.245726     0.257256     0.138246     0.210361     0.224028     0.220886     0.239286     0.235918     0.299671     0.249696     0.257265     0.271069     0.276175     0.291998     0.278072      0.27472     0.291834     0.281473     0.263505     0.284362     0.291999     0.294423     0.284205     0.273683     0.296171     0.299847      0.27065     0.237524     0.292576     0.285029     0.254567     0.269713     0.272588     0.269156     0.258495     0.293457     0.262575     0.262459     0.263178     0.244601     0.219489     0.211697     0.249633     0.110519    0.0990247    0.0244839  -0.00357925     0.266186     0.236223   0.00383588     0.225652   0.00859252     0.246793     0.136559   -0.0196418    0.0130141   0.00558897   0.00479104   0.00440259   0.00500867    0.0057897   0.00623544   0.00600935   0.00571608   0.00541554   0.00502043   0.00455178   0.00393967    0.0033494    0.0028867   0.00256076   0.00223014   0.00203358   0.00211663   0.00247239   0.00302589   0.00354146   0.00398317   0.00451374   0.00490126   0.00504485   0.00513303   0.00518544   0.00505618   0.00489397   0.00460892   0.00409543   0.00378008   0.00282068   0.00196608   0.00120427  5.21879e-05 -0.000336641  -0.00038924 -0.000309106 -0.000142753 -0.000248416  -0.00117412  -0.00173223  -0.00256875  -0.00327243  -0.00362776  -0.00391186  -0.00457819   -0.0041421  0.000431783   0.00442938  -0.00104502   -0.0749582   -0.0616365   -0.0010695   -0.0730942   -0.0617189   -0.0329748  1.60902e-08    0.0377953  -0.00630923
     0.19065    0.0572105      5.12001  -0.00448419     0.341993     0.254753     0.263893     0.277218     0.152304      0.22243     0.223303     0.203812     0.211194      0.20814     0.290046     0.246769     0.249242     0.253499     0.253452     0.272445      0.25962     0.250371       0.2673     0.266305     0.248765     0.262271     0.262737     0.265607     0.262818     0.253687     0.271207     0.276519     0.262621     0.235525     0.281719      0.27133     0.244158     0.257337     0.263969     0.266886      0.25111      0.27083     0.234924     0.236345     0.230744     0.205299     0.174537     0.150908     0.118929   -0.0135274    -0.130252    -0.156659    -0.106131     0.224319     0.261186   0.00767974     0.187679    0.0122329     0.272598    0.0994472   -0.0106263   -0.0855914   -0.0762377   -0.0096532  -0.00332528 -0.000518017   0.00194351   0.00374221   0.00487748   0.00553504   0.00630077   0.00724111   0.00819004   0.00881875   0.00939674   0.00990782     0.010128    0.0100563   0.00989326     0.010025    0.0103105    0.0104585    0.0105597    0.0109177    0.0109337    0.0110555    0.0108898    0.0107839    0.0107691    0.0105073    0.0103372   0.00999032   0.00963716   0.00944223   0.00812958   0.00699506   0.00594728   0.00425875   0.00371855   0.00370447   0.00376949   0.00384605   0.00345069   0.00184128  0.000778918 -0.000361434 -0.000970162 -0.000206546   0.00201901   0.00700415    0.0178897    0.0279292    0.0310833   -0.0297713   -0.0346646   -0.0681566   0.00360162   -0.0904789   -0.0419337   -0.0163973 -6.19568e-08    0.0770686   -0.0108049
     0.25933     0.269346  -0.00448419     0.455808   -0.0543045     0.261527     0.258891     0.270827     0.145022     0.220259     0.233268     0.227887     0.245632     0.242262     0.312142     0.261019     0.268037      0.28076     0.285126     0.302183     0.287781     0.283236     0.301093     0.291873     0.273158     0.293715      0.30045     0.303025     0.293584     0.282805     0.305453     0.309523     0.281573     0.247986     0.304099     0.295764     0.264474     0.280009     0.283644     0.281135     0.269145     0.303145     0.269893     0.269947     0.269554     0.248911     0.221665     0.210794     0.238445    0.0941475    0.0636521  -0.00608827   -0.0216426     0.273009      0.24844   0.00457607     0.229125   0.00953251     0.261154     0.136131   -0.0193705   0.00474185   0.00688131   -0.0166917   0.00322381   0.00413934   0.00514258   0.00582424   0.00587288   0.00577839   0.00569237   0.00554552   0.00532528   0.00491812   0.00451857   0.00421777   0.00398568   0.00369899   0.00351381   0.00362501   0.00400204     0.004526   0.00500816   0.00547557   0.00595086   0.00631975   0.00642162   0.00648464   0.00653396   0.00637596   0.00620441   0.00589287   0.00538794   0.00507922   0.00401268   0.00307144   0.00222728  0.000930423  0.000495909  0.000449564  0.000532745  0.000691911     0.000539 -0.000540526  -0.00121053  -0.00213715  -0.00285996  -0.00303336  -0.00287671  -0.00254793 -0.000221661   0.00547006    0.0094531  -0.00354747   -0.0775655    -0.067646 -0.000496588   -0.0814097   -0.0641151   -0.0320728  1.01373e-09    0.0466155   -0.0078365
    0.264838     0.129808     0.341993   -0.0543045      1.24747   -0.0693741     0.240205      0.21233     0.240703     0.279644      0.25584     0.256499     0.270365     0.245368      0.22899     0.182286     0.201927     0.232776     0.243178     0.239705     0.224495     0.234329     0.242818     0.211736     0.198794     0.228524     0.248977     0.248273     0.224297     0.214486     0.239806     0.239499     0.189275     0.155995     0.209828     0.211098     0.184521     0.197799     0.192553     0.177571     0.180122     0.231432     0.223036     0.222052     0.236376     0.238549      0.23339     0.257806     0.412573     0.305807     0.503756     0.367307     0.194927     0.212165     0.188378  -0.00262575     0.229524  0.000623902     0.137856     0.149822   -0.0199069    0.0195224    0.0280992    0.0262206   -0.0359613   -0.0219026   -0.0252521   -0.0270737   -0.0233919      -0.0219   -0.0211372   -0.0206417   -0.0206679   -0.0203849   -0.0205276   -0.0204324   -0.0195235    -0.018452   -0.0172446   -0.0162845   -0.0151968   -0.0135317   -0.0120843   -0.0114824   -0.0100865  -0.00929534  -0.00863139  -0.00824329  -0.00815219  -0.00800358  -0.00804167   -0.0080728  -0.00866234  -0.00906707   -0.0089856  -0.00893208  -0.00878134  -0.00832002  -0.00830026  -0.00844086  -0.00840248  -0.00822725  -0.00783743  -0.00718823  -0.00661031  -0.00654103  -0.00724215  -0.00962075   -0.0148682   -0.0265839    -0.047781   -0.0547476   -0.0495466     0.131461     0.170375     0.151887  -0.00225216     0.169298      0.12248   -0.0370386 -8.33735e-09   -0.0609493   0.00720778
    0.265213     0.221961     0.254753     0.261527   -0.0693741      0.62811    0.0294604     0.310673      0.17357      0.23355     0.237502      0.23815     0.256592     0.245715     0.282028     0.232217     0.244475     0.264729     0.271622     0.280586     0.265686     0.266933     0.281239     0.263056      0.24646     0.271027     0.283446     0.284747     0.269281     0.258755     0.282785     0.285109     0.247699     0.213777     0.269697     0.265161      0.23537     0.250208      0.25024     0.242638     0.236388     0.277993     0.254377     0.254014     0.259592     0.247968     0.229402     0.232779     0.312904     0.182029     0.244509     0.146473     0.066563     0.250892     0.227876   0.00172261     0.232372   0.00603977     0.215006     0.144044   -0.0197465   0.00731789   0.00843617   0.00796549   0.00687009   -0.0120422  -0.00591284  -0.00659502  -0.00540524  -0.00496727  -0.00477401  -0.00472276  -0.00492827  -0.00512903  -0.00548967  -0.00569632  -0.00553156  -0.00532584   -0.0049931  -0.00457601   -0.0039404  -0.00296843  -0.00210568  -0.00160697 -0.000755368 -0.000219308  0.000111146  0.000304783  0.000364214   0.00033075  0.000209701  1.32348e-05 -0.000544042 -0.000894439  -0.00148852  -0.00202716  -0.00247043   -0.0030604  -0.00331049  -0.00339506  -0.00332841   -0.0031607  -0.00309303  -0.00348435  -0.00365211  -0.00418475  -0.00490877  -0.00598594  -0.00804932   -0.0126673   -0.0199566   -0.0192753   -0.0146864    0.0465765    0.0205969    0.0182812  -0.00124274    0.0168386   0.00873369   -0.0345191 -3.39802e-10   0.00339193  -0.00162541
    0.258505     0.245726     0.263893     0.258891     0.240205    0.0294604      0.59334   -0.0299195     0.303649     0.267563     0.228614     0.222523     0.243957     0.239295     0.291717     0.242226     0.251838     0.268194     0.273767     0.286439     0.271994     0.270445      0.28623     0.272631     0.255301      0.27758     0.287117      0.28903     0.276696     0.266217     0.289215     0.292336     0.260006     0.226759     0.281888     0.275599     0.245562     0.260485     0.262248     0.257149     0.248319     0.285625     0.257849     0.257654     0.260323     0.244607     0.222182     0.218797     0.272788     0.137625     0.155068    0.0719168    0.0237634      0.25751     0.233979   0.00304808     0.227237   0.00759982      0.23362     0.138219   -0.0192799   0.00481852   0.00412946   0.00315916   0.00364329   0.00364572  -0.00718284 -0.000507383  0.000721107  0.000642672  0.000606621  0.000515643  0.000276842 -5.84746e-05 -0.000461922 -0.000743065 -0.000809841   -0.0008783  -0.00082744 -0.000585975 -0.000102093  0.000628023     0.001287    0.0017552   0.00241219   0.00285781   0.00307439   0.00320322   0.00325733    0.0031661   0.00302168   0.00277412   0.00224892   0.00192314   0.00111416  0.000392254 -0.000234617  -0.00115066   -0.0014845  -0.00154962  -0.00147606  -0.00131607  -0.00135177  -0.00206542  -0.00246826  -0.00317903  -0.00389268  -0.00452511  -0.00550391   -0.0077135   -0.0103411  -0.00727793  -0.00305439    0.0208957   -0.0276576   -0.0239152 -0.000899372   -0.0312356   -0.0271222   -0.0328836   1.2161e-09    0.0238627  -0.00448195
    0.283492     0.257256     0.277218     0.270827      0.21233     0.310673   -0.0299195     0.928321    -0.934602    0.0628082     0.245315     0.241685     0.257115     0.254114     0.308381     0.256671     0.268964     0.288896     0.295766     0.307933     0.292013     0.291429     0.307783     0.291025     0.272576     0.297709     0.309307     0.311103     0.296354     0.284984     0.310322     0.313238     0.275852     0.239563     0.299687     0.293712     0.261297     0.277463     0.278554     0.271863     0.263608     0.306074     0.277761     0.277242     0.281334     0.266078     0.243518     0.242962     0.313507     0.169359     0.208194     0.111004    0.0447346     0.274151     0.250494    0.0027078     0.248054   0.00753085     0.245739     0.153278   -0.0210085   0.00825929   0.00886347   0.00914325    0.0102811    0.0108486     0.010634  -0.00674577  -0.00173178 -0.000995733  -0.00109103   -0.0012684  -0.00162107  -0.00203074   -0.0025354  -0.00290973  -0.00301287  -0.00309775  -0.00303175  -0.00279507  -0.00229691  -0.00146292 -0.000712113 -0.000276284  0.000506522   0.00100163   0.00128123   0.00144091   0.00147841   0.00140872   0.00125765   0.00102635   0.00041099  5.46541e-05 -0.000660454  -0.00132239  -0.00189106  -0.00270595  -0.00301674  -0.00309014   -0.0030087  -0.00283512  -0.00281326  -0.00344267  -0.00376523  -0.00445264  -0.00523684  -0.00611744  -0.00768166   -0.0112051   -0.0161977    -0.013662  -0.00882528    0.0222606   -0.0172074    -0.015445  -0.00129196   -0.0213142   -0.0213632   -0.0365124  3.68119e-10     0.017192  -0.00363951
    0.226333     0.138246     0.152304     0.145022     0.240703      0.17357     0.303649    -0.934602      9.06728     -2.55228    -0.271775     0.164236     0.192604     0.174231     0.186025     0.155841     0.174656     0.201347     0.211277     0.211948     0.199189     0.205184     0.213295     0.189828     0.178059     0.201962     0.217433     0.217208     0.198751     0.190312     0.211279     0.211072     0.170848      0.14269     0.188878      0.18899     0.165907     0.177644     0.174083     0.162749     0.163762     0.205795     0.195112     0.193364     0.203191     0.201886     0.194782     0.211478     0.328715     0.235057     0.373558     0.263977     0.137658     0.178618     0.166736  -0.00131143     0.192914   0.00164193     0.137472     0.130142   -0.0163665    0.0149809     0.020689    0.0252048    0.0286158    0.0308626    0.0317322    0.0307256   -0.0149957   -0.0124191   -0.0118026   -0.0116572   -0.0122978   -0.0127111   -0.0133271   -0.0138143    -0.013823   -0.0137074   -0.0133948   -0.0131698    -0.012775   -0.0118099   -0.0109571   -0.0108682  -0.00987431  -0.00938945  -0.00892476  -0.00867847  -0.00871987  -0.00861615   -0.0086876  -0.00868187  -0.00932653  -0.00962211  -0.00938622  -0.00928544  -0.00915081  -0.00883497  -0.00880838  -0.00888895  -0.00882806  -0.00869273  -0.00836799  -0.00803695   -0.0076631  -0.00771831  -0.00834097    -0.010072   -0.0139478   -0.0226498   -0.0379783   -0.0409807   -0.0362127    0.0367095    0.0714788    0.0607304  -0.00246272    0.0688388    0.0419218   -0.0315428  1.93669e-11   -0.0359254   0.00411227
     0.29342     0.210361      0.22243     0.220259     0.279644      0.23355     0.267563    0.0628082     -2.55228      7.96524     -2.70806    -0.320267     0.228283     0.237988     0.248946     0.209133     0.234833     0.269273     0.283448     0.289994     0.273957     0.278699     0.291192     0.265132     0.248344     0.277358     0.294436     0.294829     0.273965     0.262787     0.289557     0.290286     0.242772     0.206016     0.266667     0.264686     0.233578     0.249329     0.246658     0.234567     0.232764     0.283645       0.2644      0.26234     0.271982     0.265316     0.251232     0.265312     0.390196     0.260012     0.390684     0.262545     0.132176     0.245853     0.230836 -0.000123747     0.251312   0.00408789     0.206043     0.166441   -0.0211478    0.0183098    0.0241993    0.0292612    0.0333818    0.0366493    0.0380129    0.0358677    0.0134472   -0.0116682   -0.0113104  -0.00929639  -0.00989023   -0.0106023   -0.0114536   -0.0121551   -0.0124489    -0.012652   -0.0126092   -0.0125398   -0.0122173   -0.0112545   -0.0103895   -0.0103223  -0.00925169  -0.00872621  -0.00825118  -0.00800472   -0.0080658  -0.00799851  -0.00812435  -0.00818009  -0.00899704  -0.00936406  -0.00932026  -0.00941348  -0.00945772  -0.00943121  -0.00949974  -0.00958608  -0.00949773  -0.00933201  -0.00902116  -0.00897214   -0.0087579  -0.00904413  -0.00986872   -0.0116387   -0.0155081    -0.024219   -0.0391057   -0.0402418   -0.0343233    0.0196699    0.0414593    0.0328696  -0.00276961    0.0367028    0.0156494   -0.0399031 -9.58651e-10   -0.0234701   0.00215571
    0.287454     0.224028     0.223303     0.233268      0.25584     0.237502     0.228614     0.245315    -0.271775     -2.70806      8.58094     -2.69651    -0.238757     0.270858     0.260404     0.196286     0.223874     0.261953     0.280005     0.291183       0.2766     0.280014     0.293421     0.270122     0.252727     0.279966     0.294976     0.295622     0.276772       0.2657       0.2917     0.292948     0.248876     0.212771     0.272578      0.26953     0.238444     0.254162     0.252552       0.2421     0.238679     0.286643     0.264909     0.262998     0.270781     0.261624     0.245275     0.255066     0.363123     0.231052     0.333198     0.215035     0.104982     0.248407      0.23328  0.000695147     0.246633   0.00502464     0.216261     0.161806   -0.0207241    0.0160684    0.0208212    0.0251059     0.028928    0.0327064    0.0352221    0.0340123    0.0246069    0.0108926  -0.00946909  -0.00702812  -0.00628977   -0.0069795  -0.00797893  -0.00871438  -0.00916379  -0.00956256  -0.00973121  -0.00979016   -0.0095862  -0.00881889  -0.00811871  -0.00809356  -0.00717743  -0.00672938  -0.00633882  -0.00614073  -0.00620825  -0.00617932  -0.00632103  -0.00640919  -0.00720075  -0.00755199  -0.00764548  -0.00785403  -0.00801186  -0.00818833   -0.0083088  -0.00838443  -0.00829192  -0.00813575  -0.00788692  -0.00803796  -0.00797045  -0.00836342  -0.00918128   -0.0106629   -0.0138439   -0.0210132   -0.0329614   -0.0326069   -0.0269412   0.00399818     0.011952   0.00701504  -0.00253029   0.00721789  -0.00618197   -0.0386342 -2.81974e-10   -0.0107308  0.000383928
    0.284832     0.220886     0.203812     0.227887     0.256499      0.23815     0.222523     0.241685     0.164236    -0.320267     -2.69651      8.34015      -2.5937     0.038689     0.317036     0.188243     0.202335     0.244576     0.269253     0.283656     0.271188     0.275894     0.289379     0.265804     0.248596     0.275604     0.290569     0.290917     0.271782     0.260826       0.2866     0.287709     0.243527     0.207859     0.266982     0.264258     0.233647     0.249144     0.247295     0.236621     0.233653     0.281609     0.260733     0.258758     0.266809     0.258356     0.242779      0.25344     0.363829     0.234307     0.341387     0.222622     0.109622     0.244484     0.227843  0.000454112     0.243732   0.00469471     0.210132      0.16047   -0.0206536    0.0129264    0.0171252    0.0206951    0.0241881    0.0280852    0.0316049    0.0325475    0.0279377    0.0219638    0.0108348  -0.00820895   -0.0061712  -0.00649381  -0.00822142  -0.00905013  -0.00951454  -0.00989799     -0.01005   -0.0100937  -0.00988391  -0.00912529  -0.00843267  -0.00842335  -0.00751947  -0.00708417  -0.00669541  -0.00649911  -0.00657204  -0.00653816  -0.00667534  -0.00675547  -0.00754412  -0.00789436   -0.0079506  -0.00812746  -0.00825545  -0.00838375  -0.00848866  -0.00856631  -0.00847402  -0.00831862  -0.00805483  -0.00815306   -0.0080519  -0.00841359  -0.00922122   -0.0107454    -0.014036   -0.0214412   -0.0338722   -0.0338455   -0.0282107   0.00650366    0.0143898    0.0104673  -0.00265583    0.0114519  -0.00378383   -0.0385607  2.38031e-09    -0.013333   0.00064497
    0.303233     0.239286     0.211194     0.245632     0.270365     0.256592     0.243957     0.257115     0.192604     0.228283    -0.238757      -2.5937      6.40683     -2.37326     0.254423     0.297674     0.232801     0.249464     0.276661     0.297702     0.287655     0.293995     0.309432     0.285078     0.266715     0.295303     0.310844     0.311074     0.290792     0.279033     0.306435     0.307759     0.261145     0.223146     0.286153     0.283073     0.250382     0.266907      0.26511     0.253993     0.250476       0.3012     0.278579     0.276635     0.285015      0.27566     0.258686     0.269394     0.384626     0.245783     0.356096     0.230989     0.113213      0.26309     0.243275  0.000587383     0.259852   0.00513633     0.225012     0.170087   -0.0221309   0.00963967    0.0128891    0.0153357    0.0182569    0.0216627    0.0253025     0.027664    0.0259252     0.023907    0.0199598   0.00931675  -0.00350879  -0.00361231  -0.00785742  -0.00899849  -0.00951294  -0.00993599   -0.0100582   -0.0100407   -0.0097592  -0.00893997  -0.00819229  -0.00812784  -0.00719198  -0.00673164  -0.00633591  -0.00613431  -0.00620222  -0.00617717   -0.0063213  -0.00642265  -0.00723985  -0.00761744  -0.00774327  -0.00797684  -0.00815256  -0.00834633  -0.00847457  -0.00856085  -0.00846442   -0.0082953  -0.00803475  -0.00816427  -0.00808396  -0.00848865  -0.00934106   -0.0109316   -0.0143317   -0.0219735   -0.0347508   -0.0347212   -0.0288097    0.0127164    0.0153928    0.0122911  -0.00273552    0.0131956  -0.00278203   -0.0409955  5.10685e-09   -0.0126588  0.000427557
    0.286325     0.235918      0.20814     0.242262     0.245368     0.245715     0.239295     0.254114     0.174231     0.237988     0.270858     0.038689     -2.37326      5.57962     -1.94563     0.375026     0.329728     0.256239     0.252251     0.275875     0.271754     0.279435     0.296156     0.275434     0.258021     0.284616     0.298357     0.298675     0.280338     0.269041     0.294783     0.296436     0.253962     0.217942     0.277692     0.274054     0.242766     0.258524     0.257486     0.247887      0.24337     0.290052     0.267005     0.265497     0.272516     0.262147      0.24454     0.252138     0.352055     0.217616     0.306509     0.193159    0.0924006     0.255475     0.234487    0.0010494     0.246411   0.00547523     0.220391     0.159098   -0.0210412   0.00596237   0.00769387   0.00870164    0.0106441    0.0129062    0.0156017    0.0179664    0.0181568    0.0182115    0.0176148    0.0149512   0.00902132   0.00256421  -0.00497275  -0.00653969  -0.00682776  -0.00740563  -0.00760046  -0.00755042  -0.00724466  -0.00650244  -0.00581868  -0.00567428  -0.00485881  -0.00443916  -0.00411115  -0.00394105   -0.0039863  -0.00399041  -0.00413093  -0.00426306  -0.00499535  -0.00535591  -0.00563076  -0.00596678  -0.00623678  -0.00658167  -0.00675038  -0.00683342  -0.00674429  -0.00658263  -0.00638894  -0.00662948  -0.00664962  -0.00710423  -0.00790425  -0.00926182   -0.0120861   -0.0184271   -0.0288269    -0.028241   -0.0228496    0.0154945   0.00616168   0.00509119  -0.00231217    0.0044033  -0.00739556   -0.0383487  6.06853e-09  -0.00507539 -0.000537158
    0.316149     0.299671     0.290046     0.312142      0.22899     0.282028     0.291717     0.308381     0.186025     0.248946     0.260404     0.317036     0.254423     -1.94563      3.79279        -2.19    -0.113519     0.286351     0.304621     0.311003      0.30546     0.315538     0.341972     0.328989     0.309686     0.337539     0.349224     0.350706     0.334553     0.321488     0.349377     0.352797     0.312465     0.272066     0.339198     0.331992     0.295599     0.313728     0.315418     0.308621      0.29874     0.345123     0.312177     0.311491     0.315178      0.29684     0.270476     0.267983     0.339873     0.177507     0.208203     0.103211    0.0379379     0.306486     0.283331   0.00346232     0.276188    0.0089001     0.282307     0.171413   -0.0231725    0.0060591   0.00592001   0.00560885   0.00684928   0.00857459     0.010593    0.0122683    0.0124909    0.0122999    0.0114369   0.00963991   0.00610835 -0.000386969   0.00123643  -0.00162237 -0.000183595  1.46831e-05 -0.000549359 -0.000735015 -0.000535832 -5.29453e-05  0.000443705  0.000725934   0.00130508   0.00164382   0.00180412    0.0018886   0.00187089   0.00175665   0.00156186   0.00129331  0.000580288  0.000183117 -0.000650892   -0.0014369  -0.00211767  -0.00312026  -0.00348666  -0.00357138  -0.00347275   -0.0033061  -0.00328075  -0.00408804   -0.0045122  -0.00532286  -0.00622001  -0.00706864  -0.00855046   -0.0118797   -0.0163429   -0.0124505  -0.00704227   0.00290871   -0.0411968   -0.0387122  -0.00147243   -0.0476447   -0.0427228   -0.0404991  3.53272e-09    0.0254468  -0.00445316
    0.259384     0.249696     0.246769     0.261019     0.182286     0.232217     0.242226     0.256671     0.155841     0.209133     0.196286     0.188243     0.297674     0.375026        -2.19      8.37848     -2.71407    -0.378602     0.225677     0.257095      0.22909      0.23818     0.268187     0.266075     0.254369     0.278989     0.289142     0.290635     0.277603     0.266516      0.28902     0.291713     0.259268     0.226137     0.281334     0.275159     0.245165     0.260143     0.261802     0.256635     0.248148     0.285705     0.257767      0.25706     0.259495     0.243607     0.221209     0.218016     0.272904     0.138704     0.155887    0.0716879    0.0235652     0.251271      0.23528   0.00312137     0.226316   0.00762225     0.237226     0.141108   -0.0187926   0.00616353    0.0061394   0.00608493   0.00724154   0.00904196    0.0112053    0.0131835    0.0137344    0.0143215    0.0145713    0.0140706    0.0124942   0.00865194   0.00612031  -0.00346455  -0.00273004   0.00107434   0.00127942  0.000680573  0.000574673  0.000687196  0.000905584    0.0010343   0.00132615   0.00145953   0.00147765   0.00147348   0.00140345   0.00127995    0.0011076  0.000885411  0.000271035 -4.80354e-05 -0.000721657  -0.00137668  -0.00195499  -0.00282517   -0.0031336  -0.00320144  -0.00311515  -0.00298795  -0.00297376  -0.00369118  -0.00407675  -0.00477301  -0.00551311  -0.00613435  -0.00719234  -0.00956344   -0.0124979  -0.00859349  -0.00408597   -0.0139111   -0.0483908   -0.0463382  -0.00123757   -0.0552933   -0.0478381   -0.0330564  1.76775e-09    0.0249482  -0.00405575
    0.276353     0.257265     0.249242     0.268037     0.201927     0.244475     0.251838     0.268964     0.174656     0.234833     0.223874     0.202335     0.232801     0.329728    -0.113519     -2.71407      8.83227     -2.79016    -0.248543     0.274639     0.247163     0.233844     0.262315     0.265313     0.258946      0.28884     0.302722     0.305096     0.290469     0.278628     0.302427     0.304608      0.26842     0.233311     0.291826     0.286061     0.254602     0.270428     0.271527     0.265185     0.257355     0.298576     0.270418     0.269246     0.272624     0.257182     0.234863     0.233924     0.301012     0.161594     0.194367     0.100031    0.0389196     0.261022     0.243903   0.00278549     0.239412      0.00745     0.244102     0.151575   -0.0200385   0.00632478   0.00659282   0.00671503   0.00806819    0.0100744    0.0125877    0.0151409    0.0163768    0.0180161    0.0196926    0.0207966    0.0211817    0.0197495    0.0170394    0.0113207  -0.00784369  -0.00266811  0.000375663 -0.000576764  -0.00091483 -0.000882874 -0.000670388  -0.00058158 -0.000291748 -0.000204802 -0.000212733 -0.000244178 -0.000370448 -0.000497195  -0.00067365 -0.000877327  -0.00157754  -0.00190974  -0.00245686  -0.00303389  -0.00355102  -0.00432723  -0.00460823  -0.00467943  -0.00458447  -0.00444263  -0.00438538  -0.00501351  -0.00532994  -0.00600479  -0.00678015   -0.0075906  -0.00908663   -0.0124338   -0.0170633   -0.0134711  -0.00847239   -0.0194471   -0.0488292   -0.0460141   -0.0017198   -0.0541325    -0.049723   -0.0357828  2.78456e-09    0.0201962  -0.00367106
    0.303563     0.271069     0.253499      0.28076     0.232776     0.264729     0.268194     0.288896     0.201347     0.269273     0.261953     0.244576     0.249464     0.256239     0.286351    -0.378602     -2.79016      7.96853     -2.80256    -0.163648     0.273868     0.261416     0.266307     0.264768     0.264043      0.30225     0.322975     0.327861     0.311556     0.298926     0.325096     0.326697     0.284698     0.246287     0.310161     0.304862     0.270934      0.28813     0.288445     0.280342     0.273304     0.320232     0.291527      0.28981     0.294663     0.279776      0.25736     0.259667     0.345089     0.196469      0.25256     0.142714    0.0619102     0.278867     0.259076   0.00232059      0.26115   0.00727638     0.255928     0.167788   -0.0221008   0.00567014   0.00610964   0.00620976   0.00767329   0.00963367    0.0122037    0.0150633     0.017017    0.0195935    0.0225576    0.0252279    0.0276679    0.0288274     0.028567    0.0264277    0.0153277  -0.00688909  -0.00181096   -0.0026251  -0.00330675   -0.0031621   -0.0028981  -0.00278089   -0.0024281  -0.00234487  -0.00235085  -0.00239694  -0.00258039   -0.0027087  -0.00289025  -0.00307487  -0.00388737  -0.00424335  -0.00464022  -0.00512278  -0.00556499  -0.00621943  -0.00646889  -0.00654546  -0.00644041  -0.00626986  -0.00615944  -0.00666443  -0.00688615  -0.00753871  -0.00836934  -0.00946694    -0.011606   -0.0163904    -0.023507   -0.0205142   -0.0148054   -0.0205512   -0.0443617    -0.040739  -0.00233855    -0.047361   -0.0479486    -0.040013  4.85527e-09    0.0131112  -0.00311121
    0.313039     0.276175     0.253452     0.285126     0.243178     0.271622     0.273767     0.295766     0.211277     0.283448     0.280005     0.269253     0.276661     0.252251     0.304621     0.225677    -0.248543     -2.80256      7.64051     -2.82109    -0.244909     0.216011     0.262767     0.248754      0.24828     0.292399     0.321483     0.332171     0.317972     0.306164     0.333561     0.334984     0.290767     0.251036     0.316676     0.311433     0.276615     0.294291     0.294333     0.285634     0.278856     0.327803      0.29893     0.297058      0.30244     0.287766     0.265311     0.268758     0.360623     0.208735     0.273093     0.157828    0.0700629     0.285229      0.26443   0.00215753     0.268801   0.00721323     0.259944     0.173378   -0.0228261   0.00460999    0.0048551   0.00469577   0.00603481   0.00767633   0.00989646    0.0124971    0.0146634     0.017399    0.0206523    0.0238301    0.0271231    0.0296505    0.0315487    0.0319463    0.0289141    0.0170251  -0.00277813  -0.00319497  -0.00424074  -0.00344104  -0.00333185   -0.0032682  -0.00296275  -0.00292206  -0.00297738   -0.0030648  -0.00328703  -0.00344118  -0.00363106  -0.00381498  -0.00466325  -0.00502336  -0.00536127  -0.00580509  -0.00622225  -0.00683423  -0.00707615  -0.00715421  -0.00704861  -0.00686067  -0.00674323  -0.00719399  -0.00738213  -0.00803087  -0.00887082    -0.010079    -0.012445   -0.0177341   -0.0256867   -0.0229776   -0.0170095   -0.0198243   -0.0417897   -0.0379846  -0.00253873   -0.0440206   -0.0464629    -0.041473  6.05964e-09    0.0105452  -0.00287676
    0.320622     0.291998     0.272445     0.302183     0.239705     0.280586     0.286439     0.307933     0.211948     0.289994     0.291183     0.283656     0.297702     0.275875     0.311003     0.257095     0.274639    -0.163648     -2.82109      7.89813     -2.84502    -0.533614     0.108134     0.217277     0.227123     0.273324     0.311572     0.333393     0.326978     0.318238     0.347763     0.350196     0.306294     0.265137     0.332413     0.325975     0.289765     0.308001     0.308704     0.300699     0.292574     0.341543     0.310313     0.308736     0.313372     0.296795     0.272195     0.273225     0.358574     0.199623     0.250444     0.137014    0.0573988     0.297731     0.277374   0.00276708     0.276577   0.00806272     0.275437      0.17669   -0.0232983   0.00440565   0.00413507   0.00361108   0.00475629   0.00617293   0.00806396    0.0102209    0.0121062    0.0143765    0.0171041    0.0198332    0.0227563    0.0251846    0.0274715    0.0285432    0.0281019     0.024448    0.0130844   0.00098053  -0.00125469  0.000556872 -0.000137539  -0.00115877 -0.000998688  -0.00110107  -0.00132085   -0.0015132  -0.00177258  -0.00201134  -0.00223785  -0.00247008  -0.00330597  -0.00367014  -0.00413849  -0.00468324  -0.00520112  -0.00597112  -0.00626867  -0.00634857  -0.00624678  -0.00604949   -0.0059896  -0.00656115   -0.0068457  -0.00758617  -0.00843849   -0.0095431   -0.0116018   -0.0161963   -0.0227311   -0.0193217   -0.0133153   -0.0224263   -0.0508785   -0.0473233  -0.00228646   -0.0552961    -0.053621   -0.0419584  5.50888e-09    0.0176616  -0.00358031
    0.303806     0.278072      0.25962     0.287781     0.224495     0.265686     0.271994     0.292013     0.199189     0.273957       0.2766     0.271188     0.287655     0.271754      0.30546      0.22909     0.247163     0.273868    -0.244909     -2.84502      9.56083     -2.78316    -0.712877   0.00360705     0.149668     0.213821     0.260713     0.294276     0.299368     0.297589     0.328925      0.33301     0.291936     0.252785     0.316393     0.309807     0.275275     0.292523     0.293232     0.285781     0.277994     0.324306     0.294439     0.292866     0.297053     0.281092     0.257538      0.25818     0.337869     0.187063     0.232634      0.12566    0.0519804     0.281494     0.263355   0.00270464      0.26172   0.00773092     0.262781      0.16771   -0.0219941   0.00394907   0.00353762   0.00293158   0.00395026   0.00520178   0.00687341    0.0087711    0.0104877    0.0125179    0.0149803    0.0175084    0.0203167    0.0228447    0.0257427    0.0279412    0.0289331    0.0286468    0.0246503    0.0183169   0.00681852   0.00562643   0.00335314  -0.00103534 -0.000693039 -0.000916786  -0.00127253  -0.00156815  -0.00188461  -0.00218884  -0.00244366  -0.00268065  -0.00347613  -0.00380911  -0.00421734  -0.00470352  -0.00518047  -0.00590067  -0.00618316  -0.00625369  -0.00615943  -0.00596284  -0.00592327  -0.00646071  -0.00673669  -0.00745373  -0.00824876  -0.00928614   -0.0111935    -0.015449   -0.0213597   -0.0179137   -0.0121467   -0.0293659   -0.0553743   -0.0516787  -0.00222962   -0.0598802   -0.0570371   -0.0397467  5.15381e-09    0.0181489  -0.00350532
    0.308517      0.27472     0.250371     0.283236     0.234329     0.266933     0.270445     0.291429     0.205184     0.278699     0.280014     0.275894     0.293995     0.279435     0.315538      0.23818     0.233844     0.261416     0.216011    -0.533614     -2.78316      10.3106      -2.7771    -0.744983   -0.0830494     0.120307     0.210525     0.261174     0.278402     0.286108     0.323886     0.331543     0.289897     0.250608     0.315014     0.308633     0.273722     0.290977     0.291026     0.282671     0.275871     0.324017     0.295136     0.293135     0.298094     0.283231     0.260707      0.26359     0.352308     0.202412     0.261586     0.148714    0.0651184     0.279546     0.261088   0.00225661     0.264077   0.00724718     0.259126     0.171491   -0.0223472   0.00322299   0.00291644   0.00229206   0.00331733   0.00445152   0.00603411   0.00794327   0.00988954    0.0121384    0.0148617    0.0177203    0.0209923    0.0241675    0.0282836    0.0322414    0.0350104    0.0367556    0.0362379    0.0332834    0.0263473    0.0101922   0.00562716  -0.00361496   -0.0025429  -0.00258196  -0.00290199  -0.00329158  -0.00369444  -0.00405815  -0.00435918   -0.0045927  -0.00541957  -0.00574701  -0.00600134   -0.0063582  -0.00672563  -0.00728707  -0.00752312  -0.00758632  -0.00749034  -0.00727495  -0.00720571  -0.00761871   -0.0078087  -0.00847947  -0.00927047    -0.010463   -0.0127318   -0.0178017   -0.0251216   -0.0221251   -0.0160637   -0.0357825   -0.0555221   -0.0509021  -0.00266014   -0.0580409   -0.0582158   -0.0408997  6.37536e-09    0.0128183  -0.00296618
    0.323392     0.291834       0.2673     0.301093     0.242818     0.281239      0.28623     0.307783     0.213295     0.291192     0.293421     0.289379     0.309432     0.296156     0.341972     0.268187     0.262315     0.266307     0.262767     0.108134    -0.712877      -2.7771      10.4187     -2.65166    -0.866384    -0.174987     0.118061     0.227896     0.263451     0.282556     0.330844     0.346464     0.307017     0.266823     0.334859     0.327467     0.290303     0.308185     0.308466     0.300089     0.292263     0.342093     0.311211     0.309508     0.314478     0.298318     0.274045     0.275955      0.36511     0.206156     0.262319     0.146219    0.0626183     0.296838     0.277066   0.00262445     0.277878   0.00790608     0.275106     0.179057   -0.0234344   0.00302505   0.00245802   0.00159658   0.00253998   0.00354777   0.00496415   0.00666959   0.00853575    0.0105592    0.0129774    0.0155292    0.0184642    0.0213751    0.0253267    0.0294023    0.0324956    0.0346639     0.035136    0.0330779    0.0279508    0.0136913   0.00573262  -0.00361289  -0.00243048  -0.00158451  -0.00144919  -0.00199629  -0.00248333  -0.00295411  -0.00333806  -0.00364642  -0.00443134   -0.0047901  -0.00521499  -0.00566285   -0.0060949  -0.00674815  -0.00701966  -0.00708525  -0.00699378   -0.0067607  -0.00673041  -0.00721018  -0.00745181  -0.00818869  -0.00901286   -0.0102132   -0.0124322   -0.0173885   -0.0243861   -0.0212195   -0.0149936   -0.0309041   -0.0555512   -0.0516002  -0.00253887   -0.0594502   -0.0584326   -0.0425755  6.55578e-09    0.0158355  -0.00307452
    0.297122     0.281473     0.266305     0.291873     0.211736     0.263056     0.272631     0.291025     0.189828     0.265132     0.270122     0.265804     0.285078     0.275434     0.328989     0.266075     0.265313     0.264768     0.248754     0.217277   0.00360705    -0.744983     -2.65166      11.4244     -2.39132    -0.954559    -0.153356     0.142995      0.21777     0.243993     0.295749     0.319983     0.291665     0.256632     0.320515     0.312608     0.277465     0.293806     0.295023     0.288658     0.279398     0.323121     0.292363     0.291654     0.295117     0.278029     0.253356     0.251256     0.319708     0.167941     0.197593    0.0983548     0.036528     0.283852     0.265352   0.00327735     0.258161   0.00831617     0.265859     0.162521   -0.0215098    0.0031547   0.00217462   0.00111746   0.00182206   0.00266511   0.00378211   0.00498897   0.00625972   0.00749475   0.00893945    0.0104578    0.0121852    0.0138718    0.0162402    0.0187661    0.0207074    0.0219785    0.0221147    0.0201355    0.0156674   0.00653652  -0.00216907   0.00194353 -0.000688502   0.00129355   0.00265391   0.00190875   0.00126359  0.000738352  0.000310817 -7.96352e-05 -0.000657914  -0.00102023  -0.00179387  -0.00243601  -0.00300428  -0.00385276  -0.00417848  -0.00423948  -0.00416744  -0.00395326  -0.00401934  -0.00465493  -0.00502603  -0.00581208  -0.00657394  -0.00746567  -0.00893918   -0.0122221   -0.0162995   -0.0127469  -0.00736859   -0.0177334   -0.0524912   -0.0504042  -0.00165462   -0.0596149   -0.0534536   -0.0382109  4.52976e-09    0.0240564  -0.00345983
    0.279083     0.263505     0.248765     0.273158     0.198794      0.24646     0.255301     0.272576     0.178059     0.248344     0.252727     0.248596     0.266715     0.258021     0.309686     0.254369     0.258946     0.264043      0.24828     0.227123     0.149668   -0.0830494    -0.866384     -2.39132      12.0085     -2.44993    -0.828277   -0.0460105     0.165739       0.2069     0.257064     0.286665     0.266561     0.237382     0.299258     0.293114     0.260222     0.275373     0.276308     0.270178     0.261603     0.302764     0.273936     0.273095     0.276367     0.260464     0.237474     0.235789     0.300983     0.159018     0.187963    0.0941907    0.0353934     0.265561     0.247525   0.00299907      0.24186   0.00772759     0.248675     0.152806   -0.0202513   0.00273223   0.00177857  0.000734434   0.00135908   0.00208432   0.00305786   0.00412578   0.00532208   0.00644262   0.00773971   0.00911437    0.0106912    0.0122738    0.0145784    0.0172073    0.0194331    0.0211641    0.0221134    0.0217628    0.0195293    0.0147563   0.00790141    0.0110581 -0.000400114  0.000250583   0.00323208   0.00217261  0.000846797  0.000358745 -7.09652e-05 -0.000455337 -0.000952576  -0.00130855  -0.00208608  -0.00268913  -0.00319512  -0.00395237  -0.00422658   -0.0042656  -0.00419216  -0.00398086  -0.00404198  -0.00462428  -0.00495841  -0.00569024  -0.00640322  -0.00725278  -0.00866878   -0.0118361   -0.0157682   -0.0124194  -0.00732561   -0.0202537   -0.0533939   -0.0501386   -0.0016877   -0.0588153    -0.053291   -0.0360587   4.3635e-09    0.0222821  -0.00335315
