   123   123     1
      6.7349     0.250316     0.185084     0.250603     0.284805     0.268037     0.260213     0.281545     0.259144     0.309691     0.294955     0.295097     0.308134     0.293018     0.304346     0.264175     0.279573     0.304029     0.309984     0.313127      0.29836     0.308044     0.324958     0.299081     0.285298     0.313723     0.324892     0.323972        0.302     0.295446     0.315339     0.322356     0.282305     0.250427     0.305738     0.291647     0.261641     0.282414     0.274262     0.259994     0.267275     0.291253     0.283407     0.273429     0.297607     0.295906     0.287963     0.280531     0.287724     0.279767     0.293786     0.288154     0.227751     0.277283     0.236086  -0.00533259     0.284638   -0.0292332     -1.79033     -6.06896      1.72173   -0.0339991   -0.0436298   -0.0553972   -0.0593851   -0.0679254   -0.0765025   -0.0819456   -0.0721175    -0.069661   -0.0696427   -0.0703496    -0.073044   -0.0743218   -0.0780682   -0.0809092   -0.0799636   -0.0782484   -0.0755443   -0.0739648   -0.0717023   -0.0660269   -0.0612253   -0.0620323   -0.0559783   -0.0536333   -0.0512654   -0.0502884   -0.0516628   -0.0515097   -0.0524353   -0.0526214   -0.0582459   -0.0606326   -0.0593461   -0.0588799   -0.0584587   -0.0562212   -0.0562589    -0.057417   -0.0569847   -0.0574902   -0.0569751   -0.0559486   -0.0541447   -0.0547139   -0.0571642   -0.0606096    -0.063801   -0.0722384   -0.0764851   -0.0844933    -0.102583   -0.0920651   -0.0942833   -0.0362582   -0.0187994   -0.0599549    -0.533144      2.19513 -1.21787e-07    -0.025745   -0.0207578
    0.250316     0.265962     0.116992     0.238071      0.16821     0.211812     0.223325     0.237409     0.152579     0.216148     0.222325     0.217191     0.230338     0.224172     0.269227     0.240377     0.244687     0.252816     0.253577     0.268793     0.260443     0.257078     0.273916     0.272546     0.256105     0.272632     0.273898      0.27647     0.272453     0.264742     0.274725        0.273     0.263691     0.243073      0.26586     0.256975     0.248323     0.246645      0.24679     0.250738     0.247886     0.254085     0.251421     0.256127     0.260331     0.258395      0.25167     0.243328     0.258274     0.227579     0.245893      0.22563     0.158633     0.232902     0.214719   0.00289534     0.209105   0.00744842     0.193539     0.128533   -0.0576371    0.0560951     0.020405    0.0149803    0.0131964    0.0151008    0.0175326    0.0185633    0.0177823    0.0157866    0.0135665    0.0110705   0.00822402   0.00500502   0.00146173  -0.00149638  -0.00326364  -0.00473049   -0.0053741   -0.0050958  -0.00370925 -0.000903916   0.00170839   0.00297578    0.0063009   0.00851597   0.00972399    0.0105303    0.0104752    0.0101414    0.0094645   0.00848539   0.00427014   0.00287763 -0.000751911  -0.00226368  -0.00362355  -0.00782118  -0.00920443   -0.0108433   -0.0110393    -0.012035   -0.0117437   -0.0133599   -0.0128413   -0.0146556   -0.0171509   -0.0186219   -0.0187989   -0.0224645   -0.0229783    -0.037097    -0.049359   -0.0319704   -0.0376682   -0.0374488   -0.0129776   -0.0434258   -0.0520051   -0.0503815   1.5134e-08    0.0323357  -0.00635819
    0.185084     0.116992      3.21354     0.012611     0.213724     0.223743     0.247155     0.256216    0.0862214     0.172301     0.191193     0.167472     0.176325     0.177393     0.278004     0.261516     0.251757     0.237907      0.22947     0.263287     0.261833     0.239176     0.257941     0.289669     0.266938     0.270215     0.256879     0.263062      0.28225     0.271685     0.269409     0.253953     0.285353     0.278349     0.260625     0.256646     0.276904     0.243629     0.255005     0.286614     0.269829     0.251109     0.254369     0.281577     0.258185     0.254486     0.247746     0.236257     0.265552     0.193226     0.219263     0.173735    0.0836827     0.205227     0.208811   0.00590013     0.150079    0.0124394     0.301127    0.0610767   -0.0337312    -0.315547    -0.294895    0.0202702    0.0472469    0.0678992    0.0857141      0.09539    0.0878209    0.0826253    0.0796427    0.0777872    0.0765527    0.0722842    0.0675872     0.061783    0.0542924    0.0461583    0.0387185     0.033508    0.0293828    0.0265359    0.0239303    0.0203476    0.0200535    0.0199284    0.0191629     0.018773    0.0172589     0.016384    0.0156811    0.0150787   0.00782472   0.00774888   0.00328209   0.00164011  -0.00108806   -0.0135933   -0.0159697   -0.0185029   -0.0195392   -0.0214993    -0.021717    -0.028662   -0.0295191   -0.0339524   -0.0367133   -0.0354736   -0.0343482   -0.0398741   -0.0425542   -0.0453223   -0.0371704   -0.0743978   -0.0544658    -0.114891   0.00332708    -0.129791   -0.0736104  -0.00201879 -5.91323e-08     0.133119   -0.0184039
    0.250603     0.238071     0.012611     0.481304    0.0331353     0.248012     0.230927     0.245895     0.159394     0.223753     0.228646      0.22186     0.234636      0.22786     0.275672     0.246626     0.250509     0.257761     0.257902     0.273898     0.265525     0.261251     0.278408       0.2783     0.261323     0.277657     0.278361     0.281119     0.277979     0.270031     0.279714     0.277382     0.269605     0.249198     0.270734     0.261884     0.254325     0.251212      0.25187     0.257181     0.253608     0.258717     0.256319     0.262259     0.265092     0.263104      0.25632     0.247677     0.263691     0.229825      0.24923     0.227373     0.157642     0.237033     0.219855   0.00343732     0.210378   0.00806651     0.203423     0.127221   -0.0566424    0.0287353    0.0496491     -0.10513   0.00837564    0.0105913    0.0134809    0.0151564    0.0156085    0.0145871     0.013461    0.0121463    0.0103919   0.00801863   0.00523286   0.00289713   0.00146729  0.000144077 -0.000482128 -0.000117034   0.00132351   0.00406235   0.00658643   0.00805842    0.0112423    0.0134837    0.0146172    0.0154161    0.0154579     0.015075    0.0144022    0.0133421   0.00915982   0.00782644    0.0038173   0.00218643   0.00072573  -0.00397858  -0.00546841  -0.00716746  -0.00741556  -0.00847331  -0.00819966   -0.0100673   -0.0096402   -0.0115913   -0.0141424   -0.0154902   -0.0154491    -0.018898   -0.0190557   -0.0340646    -0.045952   -0.0260745   -0.0309844   -0.0363069   -0.0115005   -0.0431939   -0.0485723   -0.0478275  -1.6846e-09     0.037347  -0.00791063
    0.284805      0.16821     0.213724    0.0331353     0.719899    0.0633466     0.259918     0.236927     0.263528     0.292359     0.267905     0.272953     0.283456     0.266424     0.251763     0.212676      0.23049     0.258867      0.26685      0.26164     0.246073     0.261084     0.274598     0.240962     0.231595     0.260171     0.275455     0.274385     0.248383     0.243972      0.26522     0.276731     0.229554     0.197314     0.257032     0.244041     0.208978     0.236261     0.226306     0.205101      0.21454     0.242448     0.235185     0.220262     0.247549      0.24808       0.2425      0.23749     0.239609      0.24194     0.256029      0.26062     0.214881     0.255451      0.22185   0.00284101     0.254054   0.00478191     0.110246     0.186395   -0.0593187    0.0458737    0.0818661    0.0759804     -0.13666   -0.0835193   -0.0950317    -0.100197   -0.0848299   -0.0768977   -0.0712192   -0.0664987   -0.0635454   -0.0589459   -0.0550022   -0.0495176   -0.0414772   -0.0333657    -0.025348   -0.0177307  -0.00945071 -0.000727252   0.00715497    0.0154805    0.0215909    0.0263768     0.029226    0.0312694    0.0336615    0.0337282    0.0332651    0.0314935    0.0320677     0.029753    0.0251745    0.0233168    0.0232602    0.0266304     0.026082    0.0254159    0.0259363    0.0259118    0.0264752    0.0297315    0.0311551    0.0319481    0.0299393     0.026317    0.0259739    0.0265104    0.0316328  0.000787832   -0.0302669     0.075178    0.0488808    0.0755731    -0.016048    0.0735939    0.0168238   -0.0741952  2.06994e-09   -0.0648658  0.000615438
    0.268037     0.211812     0.223743     0.248012    0.0633466     0.537724    0.0367858     0.294369     0.199286     0.247196     0.243126     0.244453     0.257547     0.246684     0.265667     0.231927     0.242408     0.259613     0.263412     0.269498     0.257703     0.262472        0.278     0.262133     0.248658     0.270826     0.278371     0.279316     0.265394      0.25906     0.274211     0.278355     0.252021     0.225971     0.265541       0.2547     0.234191     0.245341     0.241014     0.233896     0.236429     0.252275     0.247574     0.243733     0.258087     0.257262     0.251004     0.244024      0.25357      0.23659     0.253531     0.244048     0.185328      0.24662     0.221675   0.00309773     0.231935   0.00657378      0.16154     0.156306   -0.0577527     0.020262    0.0282284    0.0277381    0.0228725   -0.0662762   -0.0339876   -0.0371144   -0.0307399   -0.0278563   -0.0259725   -0.0246549   -0.0244258   -0.0237614    -0.023615   -0.0225167   -0.0197016    -0.016756   -0.0134351  -0.00978038  -0.00522605  0.000293766   0.00531129   0.00985374    0.0144432    0.0178517    0.0197978    0.0211709    0.0222518    0.0220869    0.0215056    0.0201432    0.0180846    0.0162836     0.012122    0.0104334   0.00965212   0.00875839   0.00773026   0.00650856   0.00662404   0.00604723   0.00644906   0.00695475   0.00786079   0.00718154   0.00488002   0.00246063   0.00226699  0.000528506   0.00273041   -0.0192916   -0.0399573    0.0191236   0.00468453    0.0144317   -0.0135974    0.0098038   -0.0192191   -0.0602119  2.21407e-09    -0.010417   -0.0036797
    0.260213     0.223325     0.247155     0.230927     0.259918    0.0367858     0.627715   -0.0624492     0.328931     0.267775     0.228678       0.2285     0.245411     0.237749     0.267154      0.23553     0.243701     0.257298      0.25973     0.269205     0.258657     0.260212     0.276189     0.265962     0.251368     0.271342     0.276433      0.27799     0.267928     0.261067     0.274184     0.276013     0.256354     0.232476      0.26545     0.255378     0.239551     0.245636     0.243077     0.240358     0.240754     0.252739     0.248863     0.248456     0.258707     0.257465     0.251053     0.243538     0.255261     0.232578     0.250187     0.236448     0.174358     0.241296     0.219241   0.00312768     0.222716   0.00704537     0.175254     0.145299   -0.0569518     0.016458    0.0181419    0.0165444    0.0177326    0.0169315   -0.0518997   -0.0185748   -0.0123112   -0.0120233   -0.0115535   -0.0113264   -0.0119371   -0.0125218   -0.0135637   -0.0138582   -0.0127371   -0.0114635  -0.00966667  -0.00729917  -0.00396643  0.000502565   0.00457919   0.00790172    0.0119809     0.014933     0.016585    0.0177399    0.0184043     0.018171    0.0175586    0.0163372     0.013482    0.0118562   0.00787593   0.00625977     0.005264   0.00306979   0.00190402  0.000524392   0.00051433 -0.000227216  0.000125407 -0.000214308  0.000525851 -0.000599493  -0.00296951  -0.00499597  -0.00514276   -0.0075665  -0.00630599   -0.0253767   -0.0426598   0.00128678  -0.00944581  -0.00472272   -0.0128224   -0.0100636   -0.0304514   -0.0555452  1.68172e-09   0.00648597  -0.00498479
    0.281545     0.237409     0.256216     0.245895     0.236927     0.294369   -0.0624492     0.950882    -0.881202      0.16603     0.267844     0.245422     0.257147     0.252885     0.284333     0.251239     0.261296     0.277218     0.280198     0.289218     0.277427     0.279899     0.296771     0.284082     0.268786     0.290843     0.296961     0.298344     0.286356     0.279149     0.293766     0.296311     0.273219     0.247079     0.284403     0.273344     0.255022     0.263089     0.259777      0.25558     0.256741     0.270736     0.266259     0.264768     0.277069     0.275776     0.268879     0.260965     0.272844     0.250466     0.268832     0.255275     0.189922     0.259172     0.234758   0.00310364     0.241035    0.0073877      0.18506     0.159768   -0.0610017    0.0252466    0.0315509    0.0341199    0.0376871    0.0371084    0.0332311   -0.0541299   -0.0216062   -0.0175191   -0.0172184   -0.0171534   -0.0178856   -0.0184392   -0.0194893   -0.0197685   -0.0184845   -0.0170177   -0.0149368   -0.0123469  -0.00872976   -0.0037606  0.000764187   0.00422664   0.00878689    0.0119738     0.013833    0.0150928    0.0157403    0.0155309    0.0148689    0.0136195    0.0105277   0.00873905   0.00484531   0.00327567   0.00235978  0.000505696  -0.00063453  -0.00205774  -0.00202373  -0.00277579  -0.00237797    -0.002531  -0.00165805  -0.00275868  -0.00526903  -0.00754124  -0.00783076   -0.0105854   -0.0093262   -0.0293219   -0.0481677 -0.000505198   -0.0120247  -0.00436625   -0.0141164  -0.00972665   -0.0332499   -0.0609077  1.76334e-09   0.00275489  -0.00466364
    0.259144     0.152579    0.0862214     0.159394     0.263528     0.199286     0.328931    -0.881202      7.49858     -2.32933    0.0356319      0.26922     0.234934     0.218215     0.211459     0.183118     0.204095     0.233682     0.241887     0.234577     0.219389     0.234452     0.245375     0.211245     0.203769     0.230583     0.245452     0.243448     0.217292     0.213728     0.233752     0.245061     0.198255     0.168713     0.226462     0.214221     0.179977     0.208032     0.197691     0.175857     0.186332     0.213843     0.206387     0.190492     0.218134     0.218433     0.213227     0.209091     0.209161     0.216705     0.226975     0.233604     0.196708      0.22398     0.192609   0.00117885     0.228978   0.00370255    0.0945902     0.176904   -0.0513576    0.0401378    0.0726466    0.0932613     0.103866     0.105662     0.102348    0.0944212     -0.11459    -0.087241   -0.0791402   -0.0750248   -0.0739601     -0.07071   -0.0680552     -0.06418   -0.0578862   -0.0513642   -0.0445857   -0.0385069   -0.0319033   -0.0240388   -0.0170065   -0.0112179  -0.00523166  -0.00127016   0.00147362    0.0032078   0.00459959   0.00482009   0.00435292   0.00323776    0.0028673  0.000726402  -0.00112175  -0.00180916  -0.00122188   0.00331884   0.00330737   0.00288248   0.00347479   0.00353932   0.00410504   0.00738696   0.00893214   0.00981181    0.0081381   0.00474156   0.00376537   0.00278378   0.00597701   -0.0162454   -0.0424441    0.0403409    0.0202792    0.0536243   -0.0155647    0.0532024   0.00168598     -0.06877  9.10905e-09   -0.0651614    0.0032126
    0.309691     0.216148     0.172301     0.223753     0.292359     0.247196     0.267775      0.16603     -2.32933      6.36223     -2.41463    0.0117725      0.31344     0.259606     0.259879     0.232524     0.257023      0.28864      0.29771     0.297135     0.281132     0.292514     0.307367     0.277157     0.264877     0.293635     0.306729     0.305728     0.281762     0.276018     0.296668     0.305611     0.262073     0.229655     0.287267     0.273578     0.241211     0.264739      0.25586     0.238592      0.24671     0.272423     0.265003     0.253051     0.278251     0.277729     0.270835     0.264331     0.269654     0.265303     0.280263      0.27867     0.223608     0.272623     0.239707   0.00181934     0.269048   0.00587021     0.152612     0.197965   -0.0627955    0.0484821    0.0783461    0.0985231     0.110976     0.116542     0.114641     0.101447    0.0215127   -0.0903159   -0.0756282   -0.0618537   -0.0616871   -0.0604317   -0.0594157   -0.0572974   -0.0530984    -0.048747   -0.0437528   -0.0389944   -0.0333753   -0.0259519   -0.0192613   -0.0144938  -0.00818053  -0.00415578  -0.00137427  0.000348517   0.00130127   0.00140391  0.000753706 -0.000414961   -0.0025291  -0.00483059  -0.00711661  -0.00796877  -0.00779788  -0.00521197  -0.00560627  -0.00652507  -0.00607827  -0.00638143  -0.00579238   -0.0036124  -0.00207811  -0.00199843  -0.00428792  -0.00767017  -0.00868545   -0.0112336  -0.00904077   -0.0313906   -0.0571112    0.0160329  -0.00131375    0.0273749   -0.0174695    0.0248759    -0.020209   -0.0754735  6.56946e-09   -0.0432649  0.000722473
    0.294955     0.222325     0.191193     0.228646     0.267905     0.243126     0.228678     0.267844    0.0356319     -2.41463      6.99421     -2.44884    0.0567821     0.304164     0.251313     0.214092      0.24189     0.275048     0.286165     0.290585     0.276798     0.284882     0.299717     0.275378     0.262073     0.287844     0.298152      0.29774     0.278115     0.272028     0.290227     0.296709     0.260691     0.231137     0.280995     0.268342     0.241301      0.25932     0.252366     0.239848     0.245679     0.266994     0.260546     0.252277     0.272838      0.27191     0.265017     0.258119     0.265515     0.255498     0.270836     0.264996     0.207709     0.261509     0.232215   0.00185672     0.253988   0.00620303     0.163102     0.182454   -0.0604998    0.0420834    0.0653429    0.0814744    0.0930284     0.102101     0.106688    0.0991168    0.0710555    0.0193108   -0.0774998   -0.0530084    -0.047072   -0.0467018   -0.0470558   -0.0461297   -0.0436688    -0.041175   -0.0379525   -0.0346085   -0.0303869   -0.0243033   -0.0188005   -0.0153725  -0.00976764  -0.00629488   -0.0038712   -0.0023967  -0.00184886  -0.00181657  -0.00248051  -0.00349756   -0.0063173  -0.00839362   -0.0104867    -0.011258   -0.0113029   -0.0100674   -0.0105952   -0.0116473   -0.0113366   -0.0117979   -0.0112649  -0.00996268   -0.0086316  -0.00899475   -0.0113038   -0.0142161   -0.0151295   -0.0182335   -0.0169519   -0.0360777   -0.0579475 -0.000817662   -0.0142223   0.00858312    -0.016246   0.00536621   -0.0300829   -0.0689987  5.27778e-09    -0.025465 -0.000666358
    0.295097     0.217191     0.167472      0.22186     0.272953     0.244453       0.2285     0.245422      0.26922    0.0117725     -2.44884      6.77075     -2.23243     0.237761     0.304069     0.196758     0.221354     0.263214     0.280679     0.286053     0.273098      0.28335     0.297745     0.270559     0.257643     0.284127     0.295285     0.294323     0.272806     0.267063     0.286151     0.293659     0.254498     0.224281     0.277097     0.264159     0.234989     0.255545     0.247691     0.232971     0.240016     0.263126     0.256222     0.246178     0.268751     0.267973      0.26117     0.254637     0.260756     0.254141     0.268622     0.264875      0.21027     0.259813     0.229389   0.00165941     0.254799   0.00571286     0.153793     0.185448   -0.0601759    0.0291228    0.0498126     0.063011    0.0729993    0.0828219    0.0923126    0.0954358     0.084676    0.0658838    0.0227798   -0.0723605   -0.0541556    -0.050791    -0.053393   -0.0520976   -0.0489045    -0.045588   -0.0416345    -0.037645   -0.0328853   -0.0263956   -0.0205465   -0.0167821   -0.0109979  -0.00740763  -0.00486386  -0.00332023  -0.00266954  -0.00259034  -0.00323979  -0.00426272  -0.00677517   -0.0089079   -0.0107735   -0.0114367   -0.0112949   -0.0092996  -0.00970824    -0.010645   -0.0102686    -0.010645   -0.0100628  -0.00831925  -0.00689617  -0.00703402  -0.00927589   -0.0123395   -0.0132946   -0.0161399   -0.0145872   -0.0343539   -0.0574213   0.00426987    -0.010647    0.0158569    -0.016834    0.0132034   -0.0259971   -0.0704478  8.44568e-09     -0.03321  8.00594e-05
    0.308134     0.230338     0.176325     0.234636     0.283456     0.257547     0.245411     0.257147     0.234934      0.31344    0.0567821     -2.23243      5.15751      -1.9835     0.321718     0.279529     0.233453     0.262433     0.285897     0.296679     0.285659     0.297237     0.313037     0.285111     0.271481     0.298662     0.309915     0.308797      0.28657     0.280538     0.300276     0.307968     0.267625     0.236209       0.2909     0.277398     0.247326     0.268336     0.260261     0.245396     0.252513     0.276269     0.269118     0.259048      0.28217       0.2813     0.274166     0.267235     0.273996     0.266127     0.281541     0.276933     0.219011     0.272348     0.240812   0.00190176     0.266115   0.00608137     0.162253     0.192026    -0.063477    0.0164357    0.0316199    0.0397898    0.0471363     0.055048    0.0649769    0.0737904    0.0741592    0.0704181    0.0587417    0.0171777   -0.0455347    -0.037982   -0.0523381   -0.0523591    -0.049297    -0.045921   -0.0416527    -0.037228   -0.0320217   -0.0252273   -0.0191005   -0.0149978  -0.00904551  -0.00529813  -0.00267823   -0.0010708 -0.000342326 -0.000282434 -0.000961141  -0.00207538   -0.0046589  -0.00686872  -0.00899312  -0.00975129  -0.00965486  -0.00777029   -0.0082514  -0.00925021  -0.00887757  -0.00929545  -0.00867394  -0.00691377  -0.00545874  -0.00564849   -0.0080189   -0.0111785   -0.0120697   -0.0148884   -0.0131438   -0.0343163   -0.0584837   0.00640926   -0.0094971    0.0171795   -0.0175387    0.0142214   -0.0263492   -0.0735323   1.0412e-08   -0.0326914 -0.000353856
    0.293018     0.224172     0.177393      0.22786     0.266424     0.246684     0.237749     0.252885     0.218215     0.259606     0.304164     0.237761      -1.9835      4.73671     -1.72475      0.37092     0.305895     0.252579     0.259474     0.276649      0.27125     0.283638     0.300096     0.275574     0.261999     0.287538      0.29732     0.296235     0.275935     0.269884     0.288347     0.295017     0.258282      0.22872     0.279338     0.266616     0.239113     0.257755     0.250569     0.237551     0.243748     0.265407     0.258811     0.250177     0.271091     0.270184     0.263306     0.256502      0.26369     0.254233     0.269402     0.263644     0.206844      0.26044     0.230998    0.0020107     0.252777   0.00591001     0.159344     0.180208     -0.06059   0.00628742    0.0151581     0.018382    0.0228907    0.0277888    0.0352682    0.0444904    0.0514722    0.0556086    0.0561953    0.0491329    0.0264582  -0.00789098   -0.0416322   -0.0454588   -0.0423703   -0.0403169   -0.0366963   -0.0324777   -0.0274876   -0.0211762   -0.0154545   -0.0114942  -0.00600708  -0.00249717 -8.80802e-05   0.00141322    0.0021136   0.00213827   0.00148868  0.000390593  -0.00214145  -0.00420976  -0.00645185   -0.0072583   -0.0072684  -0.00590549  -0.00645203  -0.00745331   -0.0071392  -0.00758901  -0.00699577  -0.00551491  -0.00418823  -0.00448741  -0.00679122  -0.00970665   -0.0104346   -0.0130533   -0.0113747   -0.0317826   -0.0544466   0.00605645  -0.00893085    0.0144857   -0.0165462    0.0112795   -0.0254589   -0.0685834  1.03698e-08   -0.0265966 -0.000960159
    0.304346     0.269227     0.278004     0.275672     0.251763     0.265667     0.267154     0.284333     0.211459     0.259879     0.251313     0.304069     0.321718     -1.72475      3.64897     -2.03497    0.0134347     0.290748     0.276285     0.287089     0.289194     0.300584     0.324598     0.315068     0.298074     0.320682     0.325326     0.326201      0.31427     0.306103     0.321176     0.322917     0.300473     0.272996     0.311056      0.29916     0.281145     0.287831     0.284874     0.282264     0.282748      0.29634     0.291688     0.291562     0.303279     0.301568     0.293876     0.284951      0.29892     0.271972     0.292049     0.275116     0.202236     0.279987     0.254766   0.00318053     0.258931   0.00815093     0.211804     0.170702   -0.0648885    0.0139696    0.0145745    0.0131253    0.0165034    0.0213661      0.02753    0.0335591    0.0370523    0.0372326     0.033661    0.0257635   0.00988669    -0.021256   -0.0118061    -0.025414   -0.0152586   -0.0133514   -0.0141006   -0.0128712   -0.0102879  -0.00646377  -0.00275455 -0.000253646   0.00394553   0.00677259   0.00851709   0.00969621     0.010003    0.0097803   0.00903584   0.00783698   0.00382443   0.00192866  -0.00179628   -0.0032775  -0.00426451  -0.00671815  -0.00794134  -0.00954904  -0.00955953   -0.0104644   -0.0100392   -0.0106251  -0.00971631   -0.0111516   -0.0139136   -0.0161847   -0.0165733   -0.0202456   -0.0196253   -0.0387405   -0.0569919   -0.0154215   -0.0249551   -0.0181995    -0.014992   -0.0244382   -0.0443414   -0.0633811   4.2424e-09    0.0117277  -0.00498098
    0.264175     0.240377     0.261516     0.246626     0.212676     0.231927      0.23553     0.251239     0.183118     0.232524     0.214092     0.196758     0.279529      0.37092     -2.03497       7.3235     -2.58591    -0.186481     0.246552     0.242697     0.230808     0.246733      0.27682     0.277011     0.263979     0.283857     0.286639     0.287154     0.277975     0.270246     0.282485     0.282816      0.26619     0.243119     0.273595     0.263447     0.249791     0.253301     0.251508     0.251264     0.250771     0.260909     0.257157     0.258642     0.267062     0.265321     0.258437     0.250323     0.263625     0.237269     0.255083     0.238148     0.172531     0.243255     0.222535   0.00265947     0.223265   0.00725848     0.195543     0.146174   -0.0551882    0.0179637    0.0182183    0.0173822    0.0209565    0.0268115    0.0341775    0.0416666    0.0459173    0.0489344    0.0498322     0.046901     0.038138    0.0183477   0.00183388   -0.0463026   -0.0331609   -0.0110376  -0.00957512   -0.0104531  -0.00929386   -0.0071211  -0.00467878  -0.00325228 -0.000262828   0.00160666   0.00278432   0.00359076   0.00348864   0.00326677   0.00259007   0.00166964  -0.00241881  -0.00402236  -0.00695919  -0.00812426  -0.00904234   -0.0117327   -0.0128223    -0.014303   -0.0143659   -0.0152427   -0.0148951   -0.0158453   -0.0151064   -0.0165988   -0.0190484   -0.0208411   -0.0212382   -0.0250456    -0.025162    -0.039621   -0.0535038   -0.0263113   -0.0319137   -0.0281754   -0.0126637   -0.0340883   -0.0459701   -0.0520546  1.63202e-09    0.0188022  -0.00463245
    0.279573     0.244687     0.251757     0.250509      0.23049     0.242408     0.243701     0.261296     0.204095     0.257023      0.24189     0.221354     0.233453     0.305895    0.0134347     -2.58591      7.86672     -2.61983   -0.0910154     0.274463     0.235527     0.239554      0.27488     0.278341     0.270698     0.295297     0.300756     0.300211     0.286855     0.278938     0.292898     0.294584     0.271631     0.246423      0.28375     0.272438     0.254583      0.26258     0.259041     0.255407     0.257078     0.270637     0.265714     0.264481     0.276705     0.274879     0.267586     0.259498     0.271637     0.249144     0.266188     0.250977     0.185679      0.25337     0.230043    0.0022752      0.23661      0.00713      0.19406        0.159   -0.0584472    0.0151626    0.0167351    0.0164396    0.0202469    0.0261249    0.0342624    0.0440457    0.0523941    0.0611437     0.069807    0.0759031    0.0784118    0.0724756    0.0570484    0.0285614   -0.0795977   -0.0386451   -0.0195925   -0.0215032   -0.0200648   -0.0172323   -0.0138398   -0.0117727  -0.00832181  -0.00641976  -0.00512636  -0.00429397  -0.00453377  -0.00469156  -0.00540826   -0.0062492   -0.0104727    -0.012228   -0.0142705   -0.0150098    -0.015516   -0.0169821   -0.0178459   -0.0191986   -0.0191581   -0.0199753   -0.0194798   -0.0198175   -0.0188505   -0.0201249   -0.0226067   -0.0246799   -0.0252342   -0.0292441   -0.0293666   -0.0439818   -0.0595714   -0.0289731   -0.0358052   -0.0247515   -0.0143722   -0.0299105   -0.0473195   -0.0582641  3.89037e-09    0.0099753  -0.00373551
    0.304029     0.252816     0.237907     0.257761     0.258867     0.259613     0.257298     0.277218     0.233682      0.28864     0.275048     0.263214     0.262433     0.252579     0.290748    -0.186481     -2.61983        7.165     -2.57635   -0.0349308     0.272212     0.255644     0.275264     0.277056     0.278148     0.311676     0.322722     0.321488      0.30204     0.293917     0.310681     0.314341     0.281365     0.252671     0.300841      0.28769     0.263264     0.278237     0.272013     0.263122     0.268146     0.287019     0.280286     0.274908     0.292953     0.291029     0.283093     0.275003     0.285496     0.268477     0.284631     0.271881     0.206478       0.2708     0.243397   0.00188305     0.258302   0.00684199     0.193382     0.178945    -0.062879   0.00801959    0.0102247   0.00960639    0.0130552    0.0176857    0.0250788    0.0356812    0.0480283    0.0615962    0.0768405    0.0910424     0.104552     0.112733      0.11329     0.104568    0.0521427   -0.0753857   -0.0357942   -0.0373036    -0.036211   -0.0315311   -0.0263562    -0.022701   -0.0182096   -0.0159455   -0.0143459   -0.0133817   -0.0136697    -0.013744   -0.0145175   -0.0152968   -0.0195765   -0.0215407   -0.0223684   -0.0224937   -0.0223661   -0.0219847   -0.0225344   -0.0236846   -0.0234915   -0.0242223   -0.0234834   -0.0228432   -0.0215428   -0.0224749   -0.0250229   -0.0275252    -0.028199   -0.0322471   -0.0320679   -0.0479012   -0.0665563   -0.0276454   -0.0370112   -0.0158056   -0.0168437   -0.0201144   -0.0458712   -0.0661468  6.99491e-09  -0.00361445  -0.00261453
    0.309984     0.253577      0.22947     0.257902      0.26685     0.263412      0.25973     0.280198     0.241887      0.29771     0.286165     0.280679     0.285897     0.259474     0.276285     0.246552   -0.0910154     -2.57635      6.99381     -2.58021   -0.0981735     0.244815     0.265338     0.254578     0.263537     0.306655     0.325522      0.32663     0.305334     0.297355     0.315008     0.319177     0.281506     0.251619     0.304493     0.290604     0.263379      0.28162     0.274109     0.262871     0.269579     0.290676     0.283071     0.275826      0.29636     0.294339     0.286157     0.278156     0.287811     0.273405     0.288815     0.276998     0.212295     0.274609     0.245968   0.00175515     0.263977    0.0067855     0.190306     0.184168   -0.0645199   0.00232562   0.00359543   0.00187451   0.00455454   0.00760387    0.0132101    0.0223433      0.03537    0.0492856    0.0654196    0.0815332    0.0986355     0.113093     0.125191     0.130212     0.121055    0.0658535    -0.045985   -0.0449772   -0.0467091   -0.0378739   -0.0321489   -0.0271398   -0.0223803    -0.020065   -0.0185151   -0.0175786   -0.0178762   -0.0179584   -0.0187638   -0.0194953   -0.0237589   -0.0257626   -0.0258345   -0.0255795   -0.0250969   -0.0238057   -0.0241869   -0.0251969   -0.0249406   -0.0256327   -0.0247465   -0.0236222   -0.0221843   -0.0229516   -0.0254954   -0.0281192   -0.0287463    -0.032648   -0.0322481   -0.0484637   -0.0681831   -0.0259793   -0.0363425   -0.0108904   -0.0175746   -0.0147705   -0.0439654   -0.0693048  8.80493e-09  -0.00888499  -0.00223814
    0.313127     0.268793     0.263287     0.273898      0.26164     0.269498     0.269205     0.289218     0.234577     0.297135     0.290585     0.286053     0.296679     0.276649     0.287089     0.242697     0.274463   -0.0349308     -2.58021      7.16833     -2.65529    -0.317447     0.185658     0.232564     0.242698     0.292758     0.322398     0.332817     0.318378     0.310672     0.327051     0.329048     0.296301     0.266938     0.315005     0.301495     0.277754     0.291607     0.285697     0.278185      0.28273     0.300869     0.294059     0.289895     0.307001     0.304781     0.296391     0.287673     0.299734      0.27894     0.296301     0.280716     0.210362     0.281626     0.254521   0.00229766      0.26592   0.00755055     0.208543     0.180571   -0.0654046   0.00495644   0.00337761  0.000133234   0.00249179   0.00539927    0.0100707    0.0169222    0.0268949    0.0368729    0.0485853    0.0604535    0.0732969    0.0846246    0.0953292     0.100497    0.0994713     0.084774    0.0282314   -0.0310634   -0.0404826   -0.0223236   -0.0200556   -0.0179017    -0.014249   -0.0126346   -0.0118964   -0.0113084   -0.0116132   -0.0119446   -0.0128353   -0.0136779   -0.0183152   -0.0202712   -0.0211804   -0.0213561   -0.0213548    -0.021573   -0.0222589   -0.0234996   -0.0233681   -0.0242146   -0.0234114   -0.0230244   -0.0217604   -0.0229153   -0.0256157   -0.0280153   -0.0284742   -0.0325707   -0.0323327    -0.048727   -0.0671378   -0.0292176   -0.0379902   -0.0196389   -0.0167129   -0.0247679   -0.0480146   -0.0665096  6.39599e-09   0.00403871  -0.00353854
     0.29836     0.260443     0.261833     0.265525     0.246073     0.257703     0.258657     0.277427     0.219389     0.281132     0.276798     0.273098     0.285659      0.27125     0.289194     0.230808     0.235527     0.272212   -0.0981735     -2.65529      8.60727      -2.6878    -0.449452     0.113665      0.19007     0.245267     0.287247     0.310098     0.303657     0.299354     0.315789     0.316962     0.284842     0.256748     0.302975     0.289743     0.267168     0.280578     0.274743     0.267908     0.272619     0.289737     0.282905     0.279171     0.295389     0.292953     0.284665      0.27615     0.288111     0.267342     0.283605     0.267189     0.198928     0.268437     0.243274   0.00215403     0.252812   0.00741896      0.20418     0.170257   -0.0626239   0.00540248   0.00283347 -0.000816964   0.00130756   0.00405316   0.00820524    0.0139371    0.0223569    0.0304797    0.0401678    0.0502209    0.0614988    0.0720961    0.0843159    0.0937933    0.0983122    0.0973505    0.0788318     0.046547   -0.0114453  -0.00150179  -0.00704342   -0.0216603   -0.0170097   -0.0161084   -0.0160621   -0.0158036   -0.0161986   -0.0167241   -0.0177154   -0.0184406   -0.0232236   -0.0250084   -0.0250564   -0.0248383   -0.0246531   -0.0247819   -0.0253757   -0.0265112   -0.0264048   -0.0272699   -0.0263916   -0.0260467   -0.0248183   -0.0260149   -0.0286138   -0.0307698   -0.0310946   -0.0351716   -0.0351708   -0.0495837   -0.0661351   -0.0346727   -0.0417228   -0.0239227   -0.0158226    -0.028962   -0.0488809   -0.0627316  5.49975e-09   0.00861691  -0.00369884
    0.308044     0.257078     0.239176     0.261251     0.261084     0.262472     0.260212     0.279899     0.234452     0.292514     0.284882      0.28335     0.297237     0.283638     0.300584     0.246733     0.239554     0.255644     0.244815    -0.317447      -2.6878      9.18976     -2.70683    -0.476883    0.0568139     0.193134     0.259046     0.295439     0.293992     0.297421     0.320006     0.324074      0.27914     0.248296     0.306883     0.291349     0.261232     0.283903     0.274352     0.261086      0.27088      0.29392     0.284486     0.275518     0.298583     0.295673      0.28667     0.278521     0.287916     0.275091     0.288263     0.274086     0.209323     0.271019     0.243283   0.00139772     0.261579   0.00679671      0.19481     0.181091   -0.0644316  -0.00115476  -0.00290887  -0.00670638  -0.00502168  -0.00349528 -0.000229114   0.00565742    0.0163874    0.0266897    0.0388513    0.0517738    0.0667645    0.0823425     0.103251     0.125109     0.142442     0.155246     0.157347     0.145102     0.114555    0.0189392  0.000954577   -0.0513081   -0.0385215    -0.036685   -0.0363635   -0.0360801   -0.0365094   -0.0371262   -0.0383608   -0.0388323   -0.0437958   -0.0455601   -0.0424186   -0.0405761   -0.0390886   -0.0363281   -0.0363005   -0.0369601   -0.0366726   -0.0374388   -0.0360862   -0.0343921   -0.0327513   -0.0335133   -0.0360327   -0.0383996   -0.0386496   -0.0426628   -0.0425458   -0.0556612   -0.0736341   -0.0401684   -0.0482082   -0.0170095   -0.0178291   -0.0206678    -0.047342   -0.0678599  7.81046e-09  -0.00356736  -0.00252025
    0.324958     0.273916     0.257941     0.278408     0.274598        0.278     0.276189     0.296771     0.245375     0.307367     0.299717     0.297745     0.313037     0.300096     0.324598      0.27682      0.27488     0.275264     0.265338     0.185658    -0.449452     -2.70683      9.09419      -2.6728    -0.608277   0.00870044     0.202116     0.270806     0.289271     0.305851     0.336796     0.344177     0.300187     0.267476     0.325919      0.30949     0.279199     0.300926     0.291769     0.279257      0.28831      0.31133     0.302035     0.293811     0.316548     0.313647     0.304315      0.29558       0.3062     0.290481     0.305495     0.290066     0.220291      0.28826     0.259317   0.00184012      0.27633   0.00744955     0.208098     0.189542   -0.0683876  -0.00224998  -0.00512941  -0.00993185  -0.00857595  -0.00756725  -0.00505166 -0.000164268    0.0100888    0.0191943    0.0297851    0.0410731    0.0542041    0.0681695    0.0877851     0.109745     0.128504     0.143438      0.15052     0.143901     0.121596    0.0487866    0.0120267   -0.0611995   -0.0370781   -0.0303799   -0.0288857   -0.0290077   -0.0288688   -0.0300647   -0.0317358   -0.0325837    -0.037362   -0.0392249     -0.03701   -0.0356126   -0.0345145   -0.0324866   -0.0327415   -0.0335968   -0.0333574   -0.0341941   -0.0328779   -0.0313834   -0.0297616   -0.0306569   -0.0333594   -0.0358431   -0.0360617   -0.0401051   -0.0397517   -0.0549474   -0.0742053   -0.0361888   -0.0452393   -0.0162429   -0.0183208   -0.0205559   -0.0480745   -0.0711711  8.20899e-09  -0.00169314  -0.00287113
    0.299081     0.272546     0.289669       0.2783     0.240962     0.262133     0.265962     0.284082     0.211245     0.277157     0.275378     0.270559     0.285111     0.275574     0.315068     0.277011     0.278341     0.277056     0.254578     0.232564     0.113665    -0.476883      -2.6728      10.0717     -2.53121    -0.701375   0.00775801     0.193644      0.24686     0.276656     0.313385     0.324068     0.305232     0.277485     0.311722     0.298694      0.28201     0.287035     0.284603     0.283625     0.283628     0.295727     0.291219     0.292309      0.30248     0.300479     0.292639     0.283497     0.298308     0.269105     0.289177     0.270252     0.196195     0.276261     0.252577   0.00319209     0.253634   0.00835223     0.217986     0.165079   -0.0636991   0.00599288  0.000550123  -0.00494581  -0.00350777  -0.00149056   0.00109515   0.00395394   0.00914741    0.0125729    0.0165009    0.0206892    0.0254062    0.0303173    0.0374092    0.0456468    0.0526197    0.0571043     0.056769    0.0449212    0.0190606   -0.0251756   -0.0752101   -0.0184315    -0.013993   0.00409971    0.0118993    0.0105393    0.0114084   0.00931497    0.0072395   0.00549587    0.0018221  2.38859e-05  -0.00353059  -0.00505896  -0.00643159   -0.0097029   -0.0112111   -0.0129196   -0.0130403   -0.0140377   -0.0135511   -0.0144044   -0.0135493   -0.0151683   -0.0179401   -0.0199853   -0.0202636   -0.0241544    -0.023863   -0.0413874   -0.0578898   -0.0229696   -0.0304621    -0.025939   -0.0143069   -0.0325766   -0.0480581   -0.0602639   3.8269e-09    0.0193704     -0.00456
    0.285298     0.256105     0.266938     0.261323     0.231595     0.248658     0.251368     0.268786     0.203769     0.264877     0.262073     0.257643     0.271481     0.261999     0.298074     0.263979     0.270698     0.278148     0.263537     0.242698      0.19007    0.0568139    -0.608277     -2.53121      10.7173     -2.53684    -0.550346     0.075398      0.19163     0.232468     0.281867     0.303676     0.282645     0.256778     0.297069     0.282667     0.262158       0.2725     0.267733     0.263162     0.266628     0.281433     0.275345      0.27338        0.287     0.284551     0.276525     0.268021     0.280692     0.257469     0.274069     0.256354     0.188253     0.259631     0.236473   0.00249059     0.241681   0.00757172     0.202248     0.158963   -0.0610391   0.00368212   -0.0011737  -0.00640191  -0.00518655  -0.00361921  -0.00139758   0.00142229   0.00709557    0.0110938    0.0156774    0.0206347    0.0263722    0.0325814    0.0418951    0.0535293    0.0645677    0.0740459    0.0805536    0.0814182    0.0727491    0.0544296    0.0185577    0.0418747   -0.0487641   -0.0277966  -0.00226582  -0.00507058  -0.00616145  -0.00829998   -0.0108105   -0.0124904   -0.0157483   -0.0173602   -0.0182897    -0.018269   -0.0184591    -0.019538   -0.0205251   -0.0218104   -0.0218329   -0.0227569   -0.0218904   -0.0218575   -0.0207787   -0.0221048   -0.0246707   -0.0265988   -0.0267047   -0.0304225   -0.0302711   -0.0448938   -0.0603958    -0.030673   -0.0373523   -0.0244019   -0.0146522   -0.0298538    -0.046679   -0.0589119  4.27221e-09    0.0148698  -0.00406079
