   123   123     1
     6.07815     0.251218     0.185252     0.251669     0.272709     0.260939     0.254049     0.275471     0.236017     0.295405     0.286222     0.284011     0.299854     0.281696      0.30233     0.254321     0.271801     0.296364     0.304055     0.310446     0.295876     0.302132     0.316845     0.290741     0.273476     0.304009     0.320406     0.319156     0.296841     0.284291     0.311684      0.31174     0.262245     0.223715     0.289794     0.286881     0.255718     0.271983     0.269216     0.258139     0.257378     0.313592      0.29264     0.288517     0.294813     0.285271     0.270356     0.288514     0.420783     0.282687     0.412591     0.274815     0.142723     0.283644     0.225523   0.00473882     0.253896    0.0416001    -0.990075     -6.24387     0.446721   -0.0031388  -0.00404333  -0.00542345  -0.00567272    -0.006687  -0.00772815  -0.00839716  -0.00728411    -0.007032  -0.00707342  -0.00724214  -0.00765206  -0.00799361  -0.00857694  -0.00906182  -0.00915252  -0.00916694   -0.0090611  -0.00901556  -0.00884248  -0.00826128  -0.00776501  -0.00785815  -0.00723268  -0.00696551  -0.00671424  -0.00661006  -0.00673852  -0.00670909  -0.00677032  -0.00674991  -0.00731524  -0.00747917  -0.00720362  -0.00709541  -0.00700098  -0.00689724   -0.0069091  -0.00689456  -0.00679688  -0.00664285  -0.00634281   -0.0061704  -0.00594962  -0.00601836  -0.00640067  -0.00733765  -0.00947186   -0.0143009   -0.0225301   -0.0233549   -0.0214269   -0.0790084    -0.146661    -0.118435   -0.0029921   -0.0899484    -0.498605      1.00093 -1.18832e-07   -0.0136011   -0.0294216
    0.251218     0.279308     0.126168     0.259839     0.151353     0.230804     0.245443     0.258067     0.149031     0.221163     0.231969     0.226303     0.243987      0.23713     0.294553     0.250085     0.258297     0.270421     0.274167     0.290405     0.278273     0.273749     0.289923     0.281433     0.263323     0.283293     0.289923     0.291985     0.283432     0.272341     0.292931     0.295409     0.270061     0.238046     0.289292     0.280785     0.254745      0.26619     0.269523      0.26972     0.258542     0.290817     0.262713     0.263915     0.261109     0.240459     0.215066     0.206512     0.234968     0.101817    0.0812473      0.01067   -0.0122206     0.244737     0.252387   0.00509981     0.226274   0.00887901     0.243499     0.138175   -0.0121036   0.00750973   0.00282187   0.00209765    0.0019688   0.00230553   0.00275618   0.00302161   0.00298087    0.0028456   0.00269834   0.00252085   0.00231493   0.00204594   0.00180354   0.00164743   0.00156249   0.00146301   0.00142474   0.00153945   0.00180409   0.00216024   0.00249589   0.00280685   0.00312102   0.00336552   0.00345212   0.00351081   0.00355977   0.00349017   0.00341487   0.00325295   0.00302985   0.00284528   0.00228481   0.00178802   0.00131989  0.000654399  0.000437065  0.000399559   0.00045346  0.000572398  0.000544259  0.000120901 -0.000113992 -0.000548984 -0.000903949  -0.00110373  -0.00120916  -0.00131052 -0.000497764   0.00189612   0.00412026   0.00568638   -0.0491209   -0.0571702 -0.000930057   -0.0696962   -0.0634636   -0.0215604 -7.22846e-08    0.0350921  -0.00464022
    0.185252     0.126168      4.82403    0.0822622     0.271717     0.273784      0.29269     0.302351     0.128312     0.217774     0.233313     0.211129     0.224666     0.223091     0.328965     0.284846     0.284144     0.282227     0.279526      0.30784     0.296408     0.278107      0.29686     0.307063     0.285921     0.296129      0.29125     0.295609     0.300623     0.289688     0.304396     0.308262     0.306342     0.279226     0.321661     0.306971     0.283704     0.292051     0.302479     0.315597     0.292967     0.302453     0.259845     0.263662     0.247546     0.209408     0.167122     0.124272    0.0272731    -0.113455    -0.337215    -0.337697     -0.21947     0.208001     0.312082    0.0116077      0.20106    0.0156832     0.314451    0.0930689  -0.00693031   -0.0505151   -0.0395816  -0.00253854  0.000421032   0.00264275   0.00486259    0.0065202   0.00687306   0.00713543   0.00751012   0.00799069   0.00853033   0.00881431   0.00914258    0.0094259   0.00944692   0.00928084   0.00906399   0.00910052   0.00925422   0.00925942    0.0092626   0.00951977   0.00944696   0.00950414   0.00935105   0.00926596   0.00928247   0.00909446   0.00899043   0.00870123   0.00857641    0.0084567   0.00746715   0.00656863   0.00559253   0.00415721   0.00389279   0.00385106   0.00388887   0.00395588    0.0035288   0.00236519   0.00164504  0.000689447  0.000353205   0.00101429   0.00318779   0.00845031    0.0205017    0.0298967    0.0339667   -0.0443679   -0.0649881    -0.102823   0.00188152    -0.139481   -0.0873279  -0.00972557  -1.3734e-06     0.107799   -0.0121289
    0.251669     0.259839    0.0822622     0.420415    0.0253963     0.261188      0.25656     0.270096     0.157121     0.231807     0.241842     0.234282     0.251481     0.243924     0.305721     0.260222     0.268102     0.279431     0.282527       0.2998     0.287274     0.281594     0.298263     0.290768     0.271965      0.29177     0.297685      0.29984     0.291946     0.280558      0.30123     0.303809     0.279491      0.24708     0.299098     0.289986     0.263485     0.275019     0.278975     0.280155     0.267873     0.299231     0.269217      0.27054     0.266563     0.243976     0.216569     0.205041     0.224079    0.0869514    0.0491462   -0.0176493   -0.0295729      0.24689     0.264219   0.00564621     0.230038   0.00953387     0.255043     0.137462   -0.0119487   0.00282723   0.00381496  -0.00930165   0.00081897      0.00124   0.00178572    0.0021924   0.00240816   0.00243794   0.00244323   0.00242361   0.00236205   0.00221565   0.00207792   0.00201053   0.00198841   0.00192841   0.00191347    0.0020527   0.00233658   0.00269237   0.00302296   0.00334291   0.00364096   0.00387948   0.00395138   0.00400066   0.00404685   0.00396651   0.00388762   0.00371105   0.00348909   0.00330933   0.00271231   0.00217994   0.00166218  0.000922707  0.000708896  0.000671353  0.000725574  0.000839464  0.000775645  0.000286313  1.28373e-05 -0.000475077  -0.00083375 -0.000966383 -0.000884966 -0.000541324   0.00123263   0.00428072   0.00673996   0.00323199   -0.0452722   -0.0568676 -0.000657311   -0.0714805   -0.0615808   -0.0209973 -2.80926e-07    0.0419236  -0.00578644
    0.272709     0.151353     0.271717    0.0253963      0.93105    0.0214133     0.230272     0.211888     0.230589     0.266825     0.248057     0.249887     0.260918     0.239585     0.230457     0.192251     0.210602      0.23612     0.243899     0.242245     0.229432     0.240179     0.250414     0.220941     0.208235     0.236715     0.254715     0.252924     0.229681     0.219601     0.243983     0.244311     0.196585     0.163747     0.218939     0.218572     0.192745     0.206165     0.201647     0.188252     0.190764     0.242757     0.233047     0.230876     0.241959     0.241745     0.236694     0.263938     0.415676     0.306731     0.493948     0.361371     0.198445     0.221381     0.182686  -0.00344322     0.227281 -4.02953e-05     0.152153     0.161339   -0.0129236    0.0105428    0.0144479    0.0140368   -0.0160587   -0.0103819   -0.0120536    -0.012982   -0.0112169   -0.0105113   -0.0101538  -0.00995261   -0.0100386   -0.0100116   -0.0102186   -0.0103174   -0.0100194  -0.00965793  -0.00922114  -0.00889582  -0.00848778  -0.00774285  -0.00709595   -0.0069314  -0.00625201  -0.00590511  -0.00559795  -0.00543391  -0.00544968  -0.00538366  -0.00541583  -0.00539235  -0.00578164  -0.00595025   -0.0057671  -0.00564305  -0.00546585  -0.00517763  -0.00517109   -0.0051856  -0.00512896  -0.00502106  -0.00470113  -0.00432377  -0.00398146  -0.00384298  -0.00413654   -0.0051947  -0.00772549    -0.013547   -0.0245292   -0.0287217   -0.0280896   0.00970416    0.0848102    0.0775539  -0.00199823    0.0909466    0.0594699   -0.0259947  2.62668e-07   -0.0436777   0.00241755
    0.260939     0.230804     0.273784     0.261188    0.0214133     0.499456      0.09484     0.290627     0.170323     0.233277     0.238848     0.237593     0.254638     0.243434      0.28174     0.238499      0.25002     0.266299     0.271052     0.281969     0.269271      0.26921     0.283824     0.268767     0.251942      0.27488     0.285023     0.285876     0.272671     0.261653     0.283756     0.285593     0.253041     0.220222      0.27368      0.26749     0.241024     0.253283     0.254344     0.250503     0.243224      0.28194     0.258741     0.258897     0.260113     0.245103     0.225231     0.227046     0.292216     0.163801     0.203771     0.113691    0.0493036     0.239933     0.238046   0.00257388     0.230877   0.00634783     0.221931     0.147058    -0.012332   0.00368741   0.00377006   0.00338694    0.0030979  -0.00493792  -0.00219762  -0.00243818  -0.00187528   -0.0016828  -0.00159942  -0.00158279  -0.00169029  -0.00181855  -0.00201366   -0.0021247  -0.00207016  -0.00201431  -0.00189736  -0.00171225  -0.00139939 -0.000918421 -0.000484982 -0.000225396  0.000203201  0.000477949  0.000630505   0.00071899  0.000742553  0.000712433  0.000649189  0.000541575  0.000259091  8.02237e-05  -0.00025056 -0.000560382 -0.000842745   -0.0012327  -0.00137125  -0.00140231  -0.00134637   -0.0012342  -0.00116584  -0.00136132  -0.00142442  -0.00169932  -0.00203825  -0.00249364  -0.00332247   -0.0051259  -0.00777898  -0.00720532  -0.00535673    0.0032112   -0.0026069   -0.0127221  -0.00113682   -0.0179054   -0.0218689    -0.022871 -7.60924e-08    0.0125689  -0.00280859
    0.254049     0.245443      0.29269      0.25656     0.230272      0.09484     0.514811    0.0417051     0.281809     0.256799     0.231187     0.227115     0.247628     0.240083     0.288818     0.245217     0.255028     0.268928     0.272878     0.286453     0.273962     0.271418     0.286783     0.275266     0.257781     0.279083     0.287269     0.288716     0.278022     0.266971      0.28819     0.290339     0.261786      0.22951     0.281696     0.274278       0.2481     0.259895     0.262212     0.260616     0.251221     0.286266     0.260364     0.261045     0.259986     0.241838     0.218907     0.214878      0.25919     0.128431     0.134071    0.0551829    0.0143825     0.240465     0.246617   0.00390801     0.227876   0.00769426     0.233983     0.141337   -0.0120276   0.00269316    0.0021244   0.00152593   0.00180524   0.00189069  -0.00328703 -0.000144377  0.000433635  0.000414603  0.000411295  0.000383207  0.000275706  0.000114749 -7.20597e-05 -0.000182413   -0.0001853 -0.000201508 -0.000160492  -1.0074e-05  0.000276953  0.000690287   0.00106894   0.00134962    0.0017145   0.00196971   0.00208499   0.00215551   0.00218931    0.0021377    0.0020685   0.00193181    0.0016805   0.00150172   0.00105619  0.000650838  0.000266486 -0.000273556 -0.000442137  -0.00047685 -0.000421814 -0.000311077  -0.00030135 -0.000623976 -0.000778153  -0.00114276  -0.00148596  -0.00179511  -0.00221795  -0.00306508  -0.00376003  -0.00211861 -2.62904e-05   0.00274559   -0.0227019   -0.0331097 -0.000928392    -0.042404   -0.0402014   -0.0218198 -1.60728e-07    0.0252255  -0.00399527
    0.275471     0.258067     0.302351     0.270096     0.211888     0.290627    0.0417051     0.779997    -0.765309     0.120187      0.24804     0.238684     0.257133     0.253199     0.304572     0.259238     0.271013     0.287258     0.291923     0.305303     0.291721     0.289943     0.306039     0.292201     0.273757     0.297305     0.306946     0.308277     0.295761     0.283934     0.307047     0.309185     0.276825     0.241985     0.298477      0.29105      0.26286     0.275714     0.277642     0.274948      0.26584      0.30503     0.278418      0.27885     0.278674     0.260559     0.237303     0.235538     0.292176     0.153105     0.173936    0.0843758    0.0304638      0.25772     0.260031   0.00365611     0.245406   0.00777792     0.246614     0.154515   -0.0129653   0.00446873   0.00453438   0.00459086    0.0052392   0.00564052   0.00565886  -0.00274015 -0.000106882  0.000120202  3.24409e-05 -6.03854e-05   -0.0002287 -0.000442958 -0.000687511   -0.0008518 -0.000891477  -0.00093743  -0.00091157 -0.000777221 -0.000494208 -4.83459e-05  0.000361028   0.00062981   0.00104166   0.00131701   0.00145472   0.00153629   0.00156342   0.00151812   0.00144707    0.0013152    0.0010298  0.000836547  0.000420337  3.30478e-05 -0.000335826 -0.000847673  -0.00100327  -0.00104101 -0.000979182 -0.000863843 -0.000828895   -0.0011212  -0.00124268  -0.00159469  -0.00195775  -0.00235249  -0.00298918  -0.00432672  -0.00593229  -0.00458287  -0.00241223  -0.00106152   -0.0223651    -0.032271  -0.00114245   -0.0408334   -0.0404824   -0.0238622 -1.64903e-07    0.0216857  -0.00375242
    0.236017     0.149031     0.128312     0.157121     0.230589     0.170323     0.281809    -0.765309      8.37523     -2.44809    -0.169618     0.175927     0.185892     0.177114     0.190924     0.164635     0.182969     0.206458      0.21411     0.214418     0.203079      0.21069     0.219799     0.196009     0.184591      0.20862     0.223443     0.222379     0.203528     0.194743      0.21555     0.215864     0.176043     0.147575     0.195141     0.194166     0.171721     0.183263     0.179865     0.169198      0.17059     0.214421      0.20455     0.202581     0.211038     0.209248     0.203353     0.224494     0.347658     0.251758      0.39858     0.287312     0.156404     0.194874     0.160394  -0.00209663     0.196301    0.0012638     0.144495     0.141321   -0.0108237   0.00931375    0.0127619    0.0157493    0.0177688    0.0194091    0.0202533     0.019883  -0.00680611  -0.00553683  -0.00547825  -0.00557789  -0.00599785  -0.00631924   -0.0067386  -0.00708152  -0.00717783  -0.00721476  -0.00714254  -0.00709989  -0.00695001  -0.00647871  -0.00605414  -0.00603024  -0.00550991  -0.00525708  -0.00502075  -0.00489842  -0.00493494  -0.00488464  -0.00491365  -0.00489484  -0.00523745  -0.00539304  -0.00522673  -0.00513442   -0.0050309  -0.00483837  -0.00479344  -0.00481795  -0.00475693  -0.00468002  -0.00443104  -0.00417203  -0.00389771  -0.00382076  -0.00406716   -0.0049252  -0.00698931   -0.0117168   -0.0204689   -0.0233355    -0.022499    -0.015684    0.0263965    0.0260829  -0.00197312    0.0336846    0.0128808   -0.0223342  1.02256e-07   -0.0314515   0.00180204
    0.295405     0.221163     0.217774     0.231807     0.266825     0.233277     0.256799     0.120187     -2.44809       7.3619     -2.56611    -0.196763     0.241147     0.231213     0.254041      0.22099      0.24498     0.274069     0.284543     0.291197     0.276978     0.281946     0.295235     0.270838     0.254315     0.282448     0.297888      0.29766     0.277983     0.266412     0.291985      0.29307     0.248891     0.212612       0.2725     0.268723     0.239826     0.254023     0.252114      0.24266     0.240179     0.290259     0.271846     0.270361     0.276868     0.268178     0.254235     0.270132     0.389478     0.258766     0.382018     0.258725     0.134627     0.255936     0.229029  -9.6553e-05     0.251881   0.00432435     0.214147     0.173593   -0.0135135    0.0107021    0.0139978     0.017037    0.0193773    0.0215829    0.0228247    0.0217915   0.00978235  -0.00436025  -0.00428428  -0.00342604  -0.00386895  -0.00434216  -0.00485093  -0.00526846   -0.0054981  -0.00569411  -0.00576141  -0.00577933  -0.00564161   -0.0051734  -0.00473926   -0.0046731    -0.004129  -0.00384241  -0.00361162  -0.00348975  -0.00351767  -0.00349613  -0.00354646  -0.00358251   -0.0039664  -0.00417057  -0.00418791  -0.00426227  -0.00433681  -0.00439049  -0.00438779  -0.00442882  -0.00435131  -0.00425598  -0.00405235  -0.00397229  -0.00379428  -0.00387644  -0.00420611  -0.00503484  -0.00692126    -0.011188   -0.0187102   -0.0203188   -0.0187253   -0.0213047  0.000450782  -0.00210425  -0.00208167 -0.000310035   -0.0150456   -0.0270154 -9.45737e-08   -0.0157431  4.70861e-06
    0.286222     0.231969     0.233313     0.241842     0.248057     0.238848     0.231187      0.24804    -0.169618     -2.56611      7.94886     -2.56538    -0.104769     0.270869     0.255258     0.207395     0.235148     0.267858     0.281627     0.292595     0.279491     0.282368     0.296152     0.274918     0.257663     0.283842     0.297193      0.29744     0.280251     0.268789     0.293357     0.294763      0.25469     0.219248     0.277427     0.272546     0.244168     0.257798     0.257063     0.249763     0.245349     0.291578     0.270852     0.269875     0.274227     0.262736     0.246098     0.256466     0.355475     0.223788     0.314307     0.202484     0.101248     0.253847     0.235103   0.00111818     0.246873   0.00550272     0.223195     0.166604   -0.0130943   0.00918843    0.0117562    0.0141708    0.0162819    0.0186589    0.0205029    0.0201521    0.0151872   0.00789575  -0.00350329  -0.00202909  -0.00183088  -0.00229278  -0.00282555  -0.00323087  -0.00351467   -0.0037894  -0.00394725   -0.0040086  -0.00390974  -0.00353168   -0.0031722  -0.00310014  -0.00263607   -0.0023799   -0.0021922  -0.00209193  -0.00211171  -0.00211177  -0.00216774  -0.00223252  -0.00258156  -0.00278441  -0.00291133  -0.00307583  -0.00324734  -0.00344056  -0.00346375  -0.00350911  -0.00343368  -0.00334173  -0.00319696   -0.0032364  -0.00314127  -0.00330692  -0.00363557  -0.00432075  -0.00581417  -0.00915595   -0.0148002   -0.0154191   -0.0136173   -0.0210682   -0.0160363    -0.019259  -0.00184447   -0.0212041   -0.0301689   -0.0257544 -2.16886e-07  -0.00397232  -0.00108527
    0.284011     0.226303     0.211129     0.234282     0.249887     0.237593     0.227115     0.238684     0.175927    -0.196763     -2.56538      7.63301     -2.37236     0.151166     0.297906     0.187155     0.211056     0.251013     0.271192     0.284301     0.272925     0.277318     0.290902     0.268747     0.251777     0.277849     0.291411     0.291318     0.273536      0.26229     0.286759     0.288068     0.247353     0.212349     0.269978     0.265596     0.237604     0.251157     0.250004     0.242066      0.23845     0.285148     0.265678     0.264523     0.269563      0.25933     0.244013     0.256196     0.360625     0.232004     0.332595     0.218835     0.111349     0.250069     0.227507  0.000664779     0.243537   0.00496036     0.214871     0.165773   -0.0130595    0.0073702   0.00961829    0.0115783     0.013437    0.0157393    0.0179914    0.0188595    0.0164692    0.0134279   0.00767054  -0.00315789  -0.00204422  -0.00233327  -0.00316632  -0.00361542  -0.00389687  -0.00415474  -0.00430044  -0.00435585  -0.00425778  -0.00388346  -0.00352844  -0.00347282  -0.00301199  -0.00276374  -0.00257409  -0.00247379  -0.00249809  -0.00249291  -0.00254704   -0.0026032  -0.00295542  -0.00315524  -0.00324659  -0.00337955   -0.0035149    -0.003654  -0.00367236  -0.00371567   -0.0036419  -0.00354845  -0.00338599  -0.00338121  -0.00325598  -0.00338967  -0.00371161  -0.00443424  -0.00603611  -0.00963579   -0.0158357   -0.0168217   -0.0151449   -0.0190029   -0.0116623   -0.0138523   -0.0019295   -0.0143413   -0.0255848   -0.0258023 -1.89953e-07  -0.00815959 -0.000727465
    0.299854     0.243987     0.224666     0.251481     0.260918     0.254638     0.247628     0.257133     0.185892     0.241147    -0.104769     -2.37236      5.58739     -2.04676     0.326173     0.271849     0.226807     0.253342     0.279243     0.298475     0.288946     0.294392     0.309725     0.287207     0.269023     0.296234     0.309992     0.309811     0.291349     0.279364     0.305144     0.306649     0.264352     0.227344      0.28823     0.283327     0.253691     0.267958     0.267016     0.259087     0.254743     0.303479     0.282258      0.28122     0.286113     0.274602     0.257699     0.269356     0.375633      0.23856     0.338095      0.21991     0.110819     0.265457     0.243766  0.000950528     0.257945   0.00543883     0.229475     0.174195   -0.0138746   0.00539788   0.00695968   0.00816467   0.00961514    0.0114729    0.0135565    0.0150314    0.0142773    0.0133738    0.0115172   0.00622033 -0.000588512 -0.000719787  -0.00284414  -0.00343181  -0.00373976  -0.00400008  -0.00412859  -0.00415453  -0.00402171  -0.00362351  -0.00324727  -0.00316495  -0.00269561  -0.00243918  -0.00225092  -0.00215099   -0.0021728  -0.00217429  -0.00223456  -0.00230333  -0.00266934  -0.00287923  -0.00301458  -0.00318382  -0.00334753   -0.0035276  -0.00357264  -0.00361666  -0.00354213  -0.00343606  -0.00327516  -0.00329583  -0.00318755   -0.0033496  -0.00369626  -0.00443268  -0.00603938  -0.00964279    -0.015798   -0.0166727   -0.0148813   -0.0158482   -0.0104798   -0.0138608  -0.00195821   -0.0148635   -0.0262152   -0.0271739 -1.80298e-07  -0.00609425  -0.00102067
    0.281696      0.23713     0.223091     0.243924     0.239585     0.243434     0.240083     0.253199     0.177114     0.231213     0.270869     0.151166     -2.04676      4.67209     -1.54813     0.434601     0.311148     0.246348     0.253024      0.27753     0.272915     0.279011     0.295015     0.275725     0.258394     0.283581     0.295683     0.295563     0.278936     0.267464     0.291545     0.293138     0.254722      0.21983     0.277103     0.271937     0.243929     0.257263     0.256919     0.250362     0.245274     0.289948     0.268675     0.268003     0.271722     0.259482      0.24214     0.250699     0.342656     0.211407     0.291498     0.184209    0.0905512     0.252225     0.235742   0.00142231     0.243841   0.00560321     0.221713     0.162375   -0.0131346   0.00327121   0.00398389   0.00437992   0.00530468   0.00646601    0.0079046   0.00923367    0.0095255   0.00973705   0.00960902   0.00858245   0.00595529   0.00284802  -0.00166457  -0.00242849  -0.00267788  -0.00299562  -0.00312328  -0.00311861  -0.00296421  -0.00259228  -0.00224014  -0.00212537  -0.00170943   -0.0014746    -0.001316  -0.00123062  -0.00124366  -0.00125659  -0.00131776  -0.00139878   -0.0017306  -0.00192777  -0.00212136  -0.00233162  -0.00252967  -0.00276626  -0.00284087  -0.00288156   -0.0028149  -0.00270801    -0.002579   -0.0026505  -0.00259214  -0.00278453  -0.00311965   -0.0037572  -0.00510199  -0.00810102   -0.0131045   -0.0135516   -0.0117931  -0.00998752   -0.0109116   -0.0154778  -0.00171241   -0.0177066   -0.0267214    -0.025366 -1.66353e-07 -0.000584433  -0.00146317
     0.30233     0.294553     0.328965     0.305721     0.230457      0.28174     0.288818     0.304572     0.190924     0.254041     0.255258     0.297906     0.326173     -1.54813      3.03645     -1.85831    0.0229423     0.301481     0.296605     0.310095     0.307738      0.31423     0.338105     0.327166     0.307241     0.332604     0.341902     0.343048     0.329892     0.316608      0.34179     0.344405     0.310397     0.272046     0.334011     0.325185     0.294061     0.308032     0.310689     0.308643     0.297646     0.339468     0.308994      0.30976     0.308687     0.287381      0.26041      0.25613     0.310592     0.155633     0.165443    0.0707961    0.0202396     0.285371     0.291756   0.00465615     0.270723   0.00929264      0.27926      0.16941   -0.0140923   0.00308875   0.00263933   0.00216893   0.00275381   0.00359888   0.00462617   0.00549626   0.00576112   0.00575012    0.0053843   0.00458856   0.00300818 -1.07474e-05   0.00181888  0.000608931   0.00127451   0.00121684   0.00090714  0.000837785  0.000974339   0.00123777   0.00151279   0.00172625   0.00202541   0.00223249   0.00230674   0.00235206   0.00236428   0.00229268   0.00220677   0.00203801   0.00174464   0.00152233  0.000998138  0.000512874  3.49753e-05 -0.000601491 -0.000774649 -0.000830411 -0.000763527 -0.000642887 -0.000643442  -0.00103062  -0.00118713  -0.00162144  -0.00201316   -0.0023878  -0.00294116  -0.00405822  -0.00509406  -0.00318266  -0.00066921   -0.0065352   -0.0357685   -0.0471464  -0.00116824   -0.0585829   -0.0547833   -0.0258959 -4.17064e-07    0.0289235  -0.00412655
    0.254321     0.250085     0.284846     0.260222     0.192251     0.238499     0.245217     0.259238     0.164635      0.22099     0.207395     0.187155     0.271849     0.434601     -1.85831      7.61935     -2.59683    -0.228386      0.25237     0.253899     0.234023     0.245147     0.274369     0.272741     0.259366     0.282133     0.290279     0.291247     0.280183     0.268633     0.289536     0.291661     0.263559     0.231268     0.283433     0.275796     0.249557     0.261281      0.26372     0.262354     0.252765      0.28754     0.261359     0.262023     0.260724     0.242198     0.218914     0.214388     0.257186     0.125995     0.128785    0.0504665    0.0115246     0.240864     0.247517   0.00419838     0.228096   0.00821951     0.239521     0.142912    -0.011717   0.00336994   0.00313276   0.00292039   0.00354746   0.00453266   0.00575265   0.00689487   0.00734292   0.00780791   0.00812291   0.00807046   0.00749259   0.00581062   0.00458552 -0.000779615  7.75146e-05   0.00192149   0.00184892   0.00154805   0.00151024   0.00156919   0.00168542   0.00180353   0.00194748   0.00204099   0.00204001   0.00203796   0.00202154   0.00194523   0.00186595   0.00171517   0.00146433   0.00127766  0.000827807  0.000403964 -2.32742e-05 -0.000580108 -0.000727171 -0.000778539 -0.000723907 -0.000622552 -0.000639824 -0.000990383  -0.00112796  -0.00151485  -0.00184128   -0.0021355   -0.0025552  -0.00338158  -0.00398657   -0.0021226  8.31209e-05   -0.0128869   -0.0408498   -0.0496909  -0.00100416    -0.060541   -0.0551897   -0.0216476 -4.86122e-07    0.0265654   -0.0035299
    0.271801     0.258297     0.284144     0.268102     0.210602      0.25002     0.255028     0.271013     0.182969      0.24498     0.235148     0.211056     0.226807     0.311148    0.0229423     -2.59683      8.15626     -2.64956   -0.0997955      0.29369     0.244479     0.237519      0.26965     0.273887     0.265475     0.293093     0.304459     0.305908     0.293034     0.280685     0.302908     0.304741     0.273008     0.238734     0.294357     0.286993     0.259244     0.271866     0.273791     0.271225     0.262265     0.300821     0.274519     0.274815     0.274507     0.256509     0.233483     0.231644     0.287192     0.150332      0.16994     0.081631    0.0291342     0.254374     0.254773   0.00381529      0.24125    0.0081126     0.246928        0.154   -0.0125378   0.00353411   0.00348394   0.00340645   0.00414125   0.00524863   0.00665986   0.00810553   0.00890027   0.00992322    0.0110123    0.0118459    0.0123576    0.0119964    0.0107782    0.0079269  -0.00298231  0.000245887   0.00161988   0.00109295  0.000928094  0.000927041   0.00102469   0.00111468   0.00124675   0.00130885   0.00128829   0.00126867   0.00122537   0.00114562   0.00105927  0.000915122   0.00062152   0.00043097  3.20378e-05 -0.000357935 -0.000749439  -0.00125174   -0.0013998  -0.00144833  -0.00139212   -0.0012788  -0.00126516  -0.00156546  -0.00166345  -0.00202795  -0.00237202  -0.00275778   -0.0034092  -0.00477102  -0.00638662  -0.00487511  -0.00264478   -0.0168171    -0.044769   -0.0513872  -0.00130239     -0.06121   -0.0582786   -0.0235156   -4.758e-07    0.0219925  -0.00332107
    0.296364     0.270421     0.282227     0.279431      0.23612     0.266299     0.268928     0.287258     0.206458     0.274069     0.267858     0.251013     0.253342     0.246348     0.301481    -0.228386     -2.64956      7.24813     -2.61466   -0.0123455     0.292794     0.257754     0.268112     0.271591     0.269768     0.305127     0.322426     0.325713     0.310989     0.297844     0.322086     0.323552     0.286681     0.249543      0.31001     0.302984     0.273087     0.286981     0.288203     0.283968     0.275843     0.319693     0.293193     0.293032     0.294123     0.276848     0.254148     0.256025     0.329306     0.184297     0.227359     0.125132    0.0536927     0.273369     0.265715   0.00325589     0.260029   0.00789397     0.256926     0.169264   -0.0137328   0.00320812   0.00325429   0.00318866   0.00395709   0.00502255   0.00642561   0.00797869   0.00909558    0.0105462    0.0122442    0.0138361    0.0153681    0.0163123    0.0165144    0.0156876    0.0101994  -0.00215718  0.000823457  0.000266336 -9.21843e-05 -8.41908e-05  2.41199e-05  0.000116075  0.000271622   0.00032361  0.000298352  0.000267617  0.000197676  0.000116098  2.06554e-05 -0.000112599 -0.000464458 -0.000659487 -0.000991028  -0.00133325  -0.00166981  -0.00209867  -0.00225203  -0.00229397  -0.00223542  -0.00210461  -0.00204416  -0.00227287  -0.00232173  -0.00265252  -0.00302516  -0.00353934  -0.00450803   -0.0066056  -0.00961769  -0.00862687  -0.00637977   -0.0193789   -0.0453704   -0.0497343  -0.00167527   -0.0578847   -0.0587483   -0.0261256 -3.91642e-07    0.0155851  -0.00305183
    0.304055     0.274167     0.279526     0.282527     0.243899     0.271052     0.272878     0.291923      0.21411     0.284543     0.281627     0.271192     0.279243     0.253024     0.296605      0.25237   -0.0997955     -2.61466      6.88315     -2.62973   -0.0968472     0.249555     0.265505      0.25307     0.253665     0.295785     0.320998     0.329185     0.315944     0.303297     0.328368     0.329625     0.290909     0.252742     0.314617     0.307655     0.277094     0.291398     0.292388     0.287599     0.279776     0.325351     0.298871     0.298586     0.300171       0.2832      0.26067     0.263824      0.34304     0.195576      0.24671     0.139966    0.0621247     0.279167     0.268894   0.00304641     0.265845   0.00776941     0.259475     0.174007   -0.0141275   0.00262733   0.00256744   0.00236613    0.0030541   0.00393806   0.00512926   0.00650525   0.00768516   0.00914513    0.0109013    0.0126516    0.0145029    0.0160208    0.0173042    0.0178005    0.0167115    0.0110967  0.000342911  9.83877e-05 -0.000487101 -0.000201235 -0.000173564 -9.72123e-05  2.69598e-05  5.06694e-05 -2.28718e-06 -5.73956e-05 -0.000147165 -0.000241908 -0.000348597 -0.000479559 -0.000856795  -0.00104617  -0.00134929  -0.00166993  -0.00197859  -0.00237876  -0.00254495  -0.00258011  -0.00252427  -0.00238357  -0.00230425  -0.00250156  -0.00253778  -0.00285432  -0.00324035  -0.00380083   -0.0048783  -0.00723125     -0.01073  -0.00992776  -0.00769432   -0.0196137   -0.0443264   -0.0481354  -0.00179643   -0.0556077   -0.0579085   -0.0269691 -3.16038e-07    0.0132798  -0.00291644
    0.310446     0.290405      0.30784       0.2998     0.242245     0.281969     0.286453     0.305303     0.214418     0.291197     0.292595     0.284301     0.298475      0.27753     0.310095     0.253899      0.29369   -0.0123455     -2.62973      7.18722     -2.72919    -0.390365     0.161613     0.231935     0.234792     0.279708     0.314844     0.333748     0.327565     0.317074     0.343576     0.345375     0.307541     0.268035     0.331096     0.322869     0.291326     0.305824     0.307644     0.304076     0.294614     0.339563     0.310607     0.310804      0.31116     0.291735     0.266561     0.266292     0.335777      0.18144     0.214285     0.110641    0.0438682     0.288591     0.285198   0.00392349     0.274002   0.00876479     0.275748      0.17644   -0.0143988   0.00251482   0.00213309   0.00169108   0.00228662   0.00306491   0.00409497   0.00523649   0.00624276   0.00739994   0.00880065     0.010222     0.011762    0.0130887    0.0144199    0.0151574    0.0151709    0.0137723   0.00836383   0.00219445   0.00104162   0.00200306   0.00164317   0.00125967    0.0012704   0.00120886   0.00106446  0.000947566  0.000836619  0.000694867  0.000560848  0.000398694  2.30882e-05 -0.000162708  -0.00054983 -0.000938759  -0.00131342   -0.0018196  -0.00202666  -0.00206088  -0.00201111  -0.00186198  -0.00181585  -0.00208939   -0.0021876  -0.00256754  -0.00297489  -0.00347219   -0.0043486  -0.00622608  -0.00871323  -0.00729112  -0.00486752   -0.0194477   -0.0490494   -0.0554576  -0.00163316   -0.0653569   -0.0641276   -0.0271514  -3.4953e-07    0.0210484  -0.00341922
    0.295876     0.278273     0.296408     0.287274     0.229432     0.269271     0.273962     0.291721     0.203079     0.276978     0.279491     0.272925     0.288946     0.272915     0.307738     0.234023     0.244479     0.292794   -0.0968472     -2.72919      8.96824     -2.75589    -0.592767    0.0585165     0.169055     0.224306     0.268162       0.2997     0.304452     0.300073     0.328045     0.331041     0.295392     0.257472     0.317327     0.308971     0.278741     0.292504     0.294346     0.291146     0.281948      0.32459     0.296732     0.296977     0.297124     0.278297     0.253976     0.253204     0.317757     0.170204     0.198525     0.100479    0.0388146     0.275602     0.272706   0.00389706     0.261199   0.00855004     0.264987     0.168301   -0.0136865   0.00232712   0.00190277   0.00143714   0.00198628    0.0027065   0.00365669   0.00470403   0.00563565   0.00669089   0.00798271   0.00932307    0.0108239    0.0122045    0.0138537    0.0151992    0.0159139    0.0160299    0.0143711    0.0113508    0.0051273   0.00473968   0.00358464   0.00148051   0.00152107   0.00136431    0.0011363  0.000955176  0.000808011   0.00062833  0.000469899  0.000303073 -6.43628e-05 -0.000227402  -0.00058922 -0.000951827  -0.00129911  -0.00178468  -0.00199596  -0.00202134  -0.00197994  -0.00183225  -0.00179065  -0.00205114  -0.00215555  -0.00252382  -0.00291868  -0.00338724  -0.00419921  -0.00593563  -0.00817218  -0.00667477  -0.00433202   -0.0219155   -0.0530318    -0.058594  -0.00158778   -0.0686489   -0.0664632   -0.0258527 -3.06444e-07    0.0212739  -0.00327415
    0.302132     0.273749     0.278107     0.281594     0.240179      0.26921     0.271418     0.289943      0.21069     0.281946     0.282368     0.277318     0.294392     0.279011      0.31423     0.245147     0.237519     0.257754     0.249555    -0.390365     -2.75589      9.81825     -2.77167    -0.650211   -0.0325115     0.143174     0.221351     0.268415     0.284821     0.289541     0.323571     0.329572     0.292304     0.253952     0.314834     0.306741     0.275947     0.289995     0.291029     0.286433     0.278554     0.323744     0.297303     0.297103      0.29856     0.281474     0.258836     0.261577     0.339052     0.192285     0.240789     0.135233    0.0594463     0.277906     0.266887   0.00320342     0.263712   0.00795089     0.260034     0.173404   -0.0139883   0.00195164   0.00166653   0.00125277   0.00181054   0.00247462    0.0033883   0.00447779   0.00557435    0.0068151   0.00833456    0.0099384    0.0117818    0.0135928    0.0160042    0.0184213    0.0201999    0.0214392    0.0215641    0.0203187    0.0168916   0.00742906   0.00501338  7.59502e-05  0.000483156    0.0003658  0.000132681 -0.000103905 -0.000303386 -0.000514823 -0.000705688 -0.000864911  -0.00126419  -0.00141411  -0.00168191  -0.00196071  -0.00221671  -0.00259424  -0.00279195  -0.00280425  -0.00276449  -0.00260921  -0.00252405  -0.00269482  -0.00274713  -0.00305918   -0.0034605  -0.00402613  -0.00509508  -0.00743677   -0.0108655  -0.00989606  -0.00765369   -0.0263273   -0.0563128   -0.0585272  -0.00189843   -0.0667486   -0.0677133   -0.0268512 -1.77093e-07    0.0142017  -0.00276014
    0.316845     0.289923      0.29686     0.298263     0.250414     0.283824     0.286783     0.306039     0.219799     0.295235     0.296152     0.290902     0.309725     0.295015     0.338105     0.274369      0.26965     0.268112     0.265505     0.161613    -0.592767     -2.77167      9.98313     -2.66739    -0.791824    -0.118239     0.144021     0.239056     0.271551      0.28775      0.33207     0.345029     0.309333     0.269832     0.333926     0.324749      0.29204     0.306508     0.307751      0.30327     0.294492     0.341366     0.313202     0.313294     0.314582     0.296165      0.27187     0.273808     0.352005     0.196901     0.243045     0.133925    0.0575607     0.292382     0.283494   0.00358302     0.277537   0.00850447     0.275072     0.181301   -0.0146845    0.0017831   0.00134394  0.000779448   0.00128997   0.00187393   0.00268656   0.00366533   0.00473724   0.00586081   0.00721752   0.00865398    0.0103081    0.0119615    0.0142509    0.0166946    0.0186257    0.0200725    0.0206722    0.0199106    0.0174814   0.00985079   0.00523987 -8.66056e-05  0.000487098  0.000766325  0.000718779  0.000396085  0.000144851  -0.00012518 -0.000366737 -0.000559907 -0.000956417  -0.00110907  -0.00143902  -0.00174767  -0.00201702  -0.00243547  -0.00265193  -0.00265811  -0.00262065  -0.00245583  -0.00237454   -0.0025668  -0.00264342  -0.00298051  -0.00340887   -0.0039849  -0.00504362  -0.00735738   -0.0106777  -0.00957035  -0.00722193     -0.02484   -0.0547108   -0.0589323  -0.00187944    -0.067873   -0.0682653   -0.0280299 -1.17405e-07    0.0166514  -0.00275351
    0.290741     0.281433     0.307063     0.290768     0.220941     0.268767     0.275266     0.292201     0.196009     0.270838     0.274918     0.268747     0.287207     0.275725     0.327166     0.272741     0.273887     0.271591      0.25307     0.231935    0.0585165    -0.650211     -2.66739      11.0674     -2.43504    -0.885679   -0.0957652     0.167492     0.229245     0.251827     0.300745     0.322031      0.29697     0.262151      0.32192     0.312096     0.281339     0.294169     0.296424     0.294244     0.283798     0.324259     0.295575     0.296556     0.295948     0.275979     0.250482     0.247037     0.301697     0.153465     0.167332    0.0754122    0.0240155      0.27364     0.277427   0.00448989     0.259104   0.00895131      0.26772     0.164068    -0.013473   0.00180415   0.00106308  0.000318261   0.00070429   0.00119568   0.00184278   0.00253635   0.00326701   0.00391221   0.00467101   0.00547242   0.00638246   0.00727437   0.00854931   0.00996304    0.0111006    0.0119054     0.012165     0.011324   0.00912817   0.00453764 -0.000333058    0.0026215   0.00120338   0.00212656   0.00269358   0.00227342   0.00195212   0.00164909   0.00138286   0.00114928  0.000843836  0.000697558  0.000213812  -0.00018528 -0.000528672  -0.00106705  -0.00129824  -0.00130283  -0.00127287  -0.00112124  -0.00110283  -0.00139675  -0.00155929  -0.00195087  -0.00235963  -0.00277085  -0.00339368  -0.00469944   -0.0061006  -0.00430322  -0.00197835   -0.0164273   -0.0459608   -0.0555482   -0.0013078    -0.066652    -0.062341   -0.0250765 -1.26403e-07    0.0261816  -0.00298332
    0.273476     0.263323     0.285921     0.271965     0.208235     0.251942     0.257781     0.273757     0.184591     0.254315     0.257663     0.251777     0.269023     0.258394     0.307241     0.259366     0.265475     0.269768     0.253665     0.234792     0.169055   -0.0325115    -0.791824     -2.43504      11.6879     -2.49144    -0.748199    0.0089496     0.184951     0.214648     0.262544     0.290229      0.27266     0.243183     0.301029     0.292766     0.263839     0.275721     0.277611     0.275332     0.265663     0.303867     0.277074     0.277881     0.277457     0.258964     0.235287      0.23251     0.285343     0.146515     0.161771    0.0746052    0.0248335     0.257252     0.258744   0.00414694     0.243023   0.00834914     0.250399     0.154542    -0.012701   0.00158637  0.000892791  0.000179936  0.000529006   0.00096076   0.00153665   0.00216759   0.00286887   0.00347705   0.00418783   0.00494341    0.0058076   0.00667431    0.0079454   0.00943397    0.0107279    0.0117744    0.0124534    0.0125064    0.0115648   0.00935871   0.00574063   0.00759076  0.000955502   0.00132853   0.00283953   0.00227536   0.00165849   0.00137794    0.0011137  0.000888347  0.000619906  0.000480197  8.20576e-06 -0.000358333 -0.000654509  -0.00113868  -0.00133711  -0.00132978  -0.00129657  -0.00115339  -0.00112728  -0.00139005  -0.00153829  -0.00189445  -0.00228059  -0.00267904  -0.00329238   -0.0045869  -0.00603178  -0.00439326     -0.00222   -0.0159384   -0.0469364   -0.0545974  -0.00130595   -0.0648814   -0.0612419   -0.0237038 -3.09954e-08    0.0238168   -0.0028432
