    47    47     1
       6.698     0.503058     0.372833     0.390814     0.407591     0.422953     0.461649     0.454098     0.443466     0.442899     0.448762     0.454969     0.467985     0.451593     0.429054     0.437052     0.447796     0.451641     0.452105     0.450822     0.449391     0.349165      2.34199      2.63939      1.65383     0.963222     0.491834     0.117934   -0.0404428    -0.526263    -0.540128    -0.521557    -0.521348    -0.529352    -0.593092    -0.565657    -0.521335    -0.516126    -0.520869     -0.53865    -0.566153    -0.581478    -0.594558    -0.518535 -9.06891e-09   -0.0313297     0.277679
    0.503058     0.786516     0.779559     0.779982     0.779137     0.777167     0.770517     0.781223     0.762593     0.761195      0.76686     0.767408     0.767492     0.780095     0.752066     0.758657     0.769618     0.773204     0.773896       0.7728     0.771051    0.0807428    -0.146427   -0.0705344   -0.0381096   -0.0106103    0.0124217     0.034071    0.0452396   -0.0119496    0.0288991    0.0450354    0.0554585    0.0628199    0.0375051   0.00253979    0.0587017    0.0561681    0.0462375    0.0431281    0.0355944  -0.00555951    -0.150401    -0.126388  1.13663e-09   0.00967739   -0.0294251
    0.372833     0.779559     0.803414     0.786022     0.787532     0.784981     0.775574     0.787121     0.768379     0.766888      0.77252     0.772772     0.771945     0.786109     0.757759     0.764226      0.77528     0.778924     0.779667     0.778604     0.776821     0.075292    -0.102547   -0.0480495    -0.120663   -0.0721787   -0.0296563   0.00768413    0.0169486  -0.00450056    0.0395672    0.0566987    0.0686307    0.0769407    0.0512657    0.0133627    0.0704938    0.0681995    0.0581587    0.0555428    0.0489611   0.00744391     -0.14098    -0.118127  7.95766e-10    0.0121749   -0.0357662
    0.390814     0.779982     0.786022     0.807735     0.780839     0.783562      0.77449     0.785784     0.767113     0.765673     0.771305     0.771573     0.770785     0.784807     0.756458     0.762937     0.774003     0.777656     0.778402     0.777337     0.775551      0.07661    -0.095771   -0.0780136   -0.0141437   -0.0657798   -0.0363204  -0.00567503  -0.00352389  -0.00842133    0.0362349    0.0534077    0.0652446    0.0734892    0.0475145   0.00998711    0.0671362    0.0648958     0.054904    0.0522271    0.0455024   0.00404727    -0.143788      -0.1206   7.1671e-10    0.0119878   -0.0347141
    0.407591     0.779137     0.787532     0.780839     0.814861     0.773278     0.773446     0.784423     0.765849     0.764627     0.770258     0.770651     0.770383      0.78346     0.755331     0.761875     0.772857     0.776461     0.777174     0.776091     0.774331     0.077692   -0.0947091   -0.0971396   -0.0211523     0.034254   -0.0308128   -0.0200273   -0.0287505  -0.00967904    0.0349283    0.0508758     0.061264    0.0689477    0.0437739   0.00816162    0.0646221    0.0620824    0.0521701    0.0493755    0.0421488  0.000597312    -0.145873    -0.122397  6.58394e-10    0.0104641   -0.0336767
    0.422953     0.777167     0.784981     0.783562     0.773278     0.829253     0.763631     0.781922     0.764505     0.764022     0.769315     0.770354     0.773332     0.781016     0.754302     0.761202     0.771566     0.774804      0.77529     0.774105     0.772536    0.0772183   -0.0966175    -0.109715   -0.0373401    0.0254754    0.0726429   -0.0472021   -0.0706998    0.0048515     0.041837    0.0507687    0.0532542    0.0582289    0.0407854    0.0150964    0.0669152    0.0620594    0.0523361    0.0491212    0.0395189  -0.00295522    -0.143698    -0.120235   4.8516e-10   0.00147213   -0.0322724
    0.461649     0.770517     0.775574      0.77449     0.773446     0.763631     0.863035     0.772573     0.763318     0.765622     0.768523     0.772978     0.793594     0.772978     0.753831     0.762639     0.769616     0.770822      0.77007     0.768337     0.767825    0.0680463    -0.103407    -0.128371   -0.0886559   -0.0643432   -0.0466003   -0.0208468   -0.0782561      0.10987    0.0839125    0.0613301    0.0264934     0.018458    0.0453207    0.0693575    0.0959112    0.0782322    0.0691721    0.0637842    0.0421071  -0.00537251    -0.117889   -0.0961885 -5.08662e-10    -0.046226   -0.0280685
    0.454098     0.781223     0.787121     0.785784     0.784423     0.781922     0.772573     0.788538     0.763529     0.764545     0.770529       0.7709     0.770062     0.784603     0.756046     0.762526     0.773669     0.777359     0.778125     0.777073     0.775278    0.0772418   -0.0861919    -0.144929   -0.0818404   -0.0378504  -0.00595498    0.0196038    0.0268973    0.0227868    0.0331995    0.0505755     0.064932    0.0737989    0.0474201   0.00791746    0.0654858    0.0633796    0.0532806    0.0505559    0.0441185   0.00287598    -0.145361    -0.122009  4.64857e-10    0.0126823   -0.0320427
    0.443466     0.762593     0.768379     0.767113     0.765849     0.764505     0.763318     0.763529      1.04856     0.742206     0.757741     0.756466     0.760828     0.765693     0.740418     0.747305     0.757146     0.760115     0.760435      0.75916     0.757675     0.073398   -0.0913505    -0.135845   -0.0783037   -0.0383512  -0.00991323    0.0137961     0.020699     0.646181    -0.414683   -0.0843993    0.0221892    0.0586961    0.0516217     0.020975    0.0693983    0.0641245    0.0548532    0.0507501    0.0390626   -0.0026458    -0.137636    -0.114889  1.23155e-09  -0.00288379   -0.0239422
    0.442899     0.761195     0.766888     0.765673     0.764627     0.764022     0.765622     0.764545     0.742206      1.11684     0.708209     0.753361      0.76091     0.764361     0.738828     0.745906     0.755778     0.758748     0.759061     0.757803     0.756421    0.0706639   -0.0927417    -0.137353   -0.0812426   -0.0427012   -0.0143173    0.0162878    0.0438448     0.148118     0.487638    -0.350891    -0.121701    0.0185577     0.071691    0.0244173    0.0715999    0.0653981    0.0558564    0.0516502    0.0396731  -0.00249079    -0.136603    -0.113905  1.07684e-09   -0.0058551   -0.0251737
    0.448762      0.76686      0.77252     0.771305     0.770258     0.769315     0.768523     0.770529     0.757741     0.708209      1.07512     0.696155     0.760586     0.770038     0.743135     0.750107     0.760532     0.763829     0.764336     0.763185     0.761742    0.0732242   -0.0938371    -0.142537   -0.0847895   -0.0451576   -0.0157285    0.0159822    0.0445488    0.0058647     0.165674     0.343261    -0.191431   -0.0583392    0.0369767    0.0168352    0.0667575    0.0614893    0.0518873    0.0482057    0.0381438  -0.00386212    -0.142238    -0.118964  7.92049e-10  -0.00134027   -0.0276501
    0.454969     0.767408     0.772772     0.771573     0.770651     0.770354     0.772978       0.7709     0.756466     0.753361     0.696155      1.06457     0.712375     0.770438     0.744461     0.751775     0.761643      0.76466     0.765017     0.763824      0.76255    0.0736339   -0.0960959     -0.14422    -0.090227   -0.0548132   -0.0294771   0.00149819       0.0371   0.00417726    0.0516019     0.167756     0.288938    -0.121165   -0.0461251    0.0285337    0.0686492    0.0601768    0.0515238    0.0482868    0.0373784   -0.0052886    -0.140523    -0.117279  6.72464e-10  -0.00765703   -0.0281067
    0.467985     0.767492     0.771945     0.770785     0.770383     0.773332     0.793594     0.770062     0.760828      0.76091     0.760586     0.712375     0.959426     0.767225     0.748966     0.758668     0.765735     0.767089      0.76648     0.764851     0.764246    0.0676231     -0.10015    -0.140331    -0.102917   -0.0848862   -0.0758519   -0.0458192    0.0241016    0.0736574    0.0695723    0.0801578    0.0935686    0.0895592   -0.0786528    0.0981747    0.0914794    0.0720572    0.0650719    0.0613123    0.0423921  -0.00393769    -0.120482   -0.0986972  3.11018e-10   -0.0397244   -0.0269158
    0.451593     0.780095     0.786109     0.784807      0.78346     0.781016     0.772978     0.784603     0.765693     0.764361     0.770038     0.770438     0.767225     0.793699     0.747443     0.760026     0.772307     0.776272     0.777119     0.776067     0.774282    0.0770223   -0.0863503    -0.142013   -0.0785885    -0.033316  0.000891097    0.0302886    0.0423458  -0.00585328    0.0376125    0.0519255    0.0552629    0.0462504  -0.00305638    0.0568891    0.0716808    0.0698816    0.0568155    0.0522076    0.0442289   0.00261041    -0.144137    -0.120897  5.57786e-10    0.0113138   -0.0314753
    0.429054     0.752066     0.757759     0.756458     0.755331     0.754302     0.753831     0.756046     0.740418     0.738828     0.743135     0.744461     0.748966     0.747443      1.30297      0.72592     0.744447      0.74672     0.748238     0.748044     0.747175     0.061178   -0.0761679    -0.130784   -0.0752569   -0.0371158  -0.00839999    0.0243413     0.059915    0.0309379    0.0562731    0.0598241    0.0584277    0.0757549     0.135258     0.614319    -0.818958   -0.0211379     0.087197    0.0867747    0.0708954      0.02273    -0.120157   -0.0997272  1.91015e-10  -0.00215984   -0.0223854
    0.437052     0.758657     0.764226     0.762937     0.761875     0.761202     0.762639     0.762526     0.747305     0.745906     0.750107     0.751775     0.758668     0.760026      0.72592      1.22049     0.704278     0.750514      0.75248     0.753362     0.753549    0.0609382   -0.0813768    -0.134748    -0.080486   -0.0440487   -0.0171703    0.0151273    0.0532727    0.0329876    0.0552795    0.0553115    0.0474197    0.0586874     0.122245    0.0811571     0.483733    -0.564168   -0.0529913    0.0698826    0.0823835    0.0303021    -0.122753    -0.102206 -4.51098e-10  -0.00565474   -0.0264599
    0.447796     0.769618      0.77528     0.774003     0.772857     0.771566     0.769616     0.773669     0.757146     0.755778     0.760532     0.761643     0.765735     0.772307     0.744447     0.704278       1.0572      0.71266     0.761751     0.763067     0.763553    0.0663096   -0.0875436    -0.141371   -0.0835546   -0.0439787   -0.0146806    0.0162219    0.0440432    0.0136117    0.0436618    0.0504599    0.0493909    0.0561859     0.074922    0.0112347     0.138381     0.371161    -0.276428    -0.059657    0.0405079    0.0287116    -0.132757    -0.111521 -3.88384e-10  0.000396952   -0.0295214
    0.451641     0.773204     0.778924     0.777656     0.776461     0.774804     0.770822     0.777359     0.760115     0.758748     0.763829      0.76466     0.767089     0.776272      0.74672     0.750514      0.71266      0.99931     0.716831      0.76472     0.766494    0.0685753   -0.0901918    -0.144061   -0.0843217   -0.0429765   -0.0122937    0.0176949     0.039244   0.00283982    0.0373216    0.0482258    0.0519274    0.0580588    0.0541911   0.00753411    0.0627124     0.144933       0.2935    -0.176739   -0.0417255    0.0125607    -0.136537    -0.115273 -1.93936e-10   0.00403602   -0.0306078
    0.452105     0.773896     0.779667     0.778402     0.777174      0.77529      0.77007     0.778125     0.760435     0.759061     0.764336     0.765017      0.76648     0.777119     0.748238      0.75248     0.761751     0.716831     0.982935     0.720095     0.765932    0.0707888   -0.0905478    -0.144387   -0.0836114   -0.0412274  -0.00969842     0.019728     0.037517  -0.00231524    0.0347708     0.047905    0.0543845    0.0606543    0.0460627   0.00847244    0.0558727     0.059713     0.122445     0.268416    -0.162004   -0.0371146    -0.138291    -0.118007  4.75627e-11   0.00625785   -0.0309529
    0.450822       0.7728     0.778604     0.777337     0.776091     0.774105     0.768337     0.777073      0.75916     0.757803     0.763185     0.763824     0.764851     0.776067     0.748044     0.753362     0.763067      0.76472     0.720095     0.975605     0.732351    0.0791552   -0.0895676    -0.143284     -0.08221   -0.0394324  -0.00756755    0.0215141    0.0375176  -0.00344953    0.0348535    0.0489915    0.0568349    0.0633709    0.0439551   0.00993331    0.0608185    0.0479596    0.0417009     0.102421     0.269721    -0.199582    -0.147087    -0.133846 -6.26888e-12   0.00724453   -0.0308094
    0.449391     0.771051     0.776821     0.775551     0.774331     0.772536     0.767825     0.775278     0.757675     0.756421     0.761742      0.76255     0.764246     0.774282     0.747175     0.753549     0.763553     0.766494     0.765932     0.732351     0.938479    0.0920228   -0.0878584    -0.141112   -0.0812163    -0.039496  -0.00852842    0.0206328     0.039081   0.00218817    0.0388373    0.0521054    0.0588922    0.0650678     0.045416    0.0147771    0.0672972     0.059069    0.0422435    0.0409587    0.0815665     0.231146    -0.185631     -0.31455 -5.99002e-09   0.00534519   -0.0302846
    0.349165    0.0807428     0.075292      0.07661     0.077692    0.0772183    0.0680463    0.0772418     0.073398    0.0706639    0.0732242    0.0736339    0.0676231    0.0770223     0.061178    0.0609382    0.0663096    0.0685753    0.0707888    0.0791552    0.0920228      14.1684    -0.271937    -0.265755    -0.239457    -0.235268    -0.250707     -0.30381    -0.456268    -0.461323    -0.437659    -0.403762     -0.37324    -0.364786    -0.427145    -0.449441     -0.41443    -0.413715    -0.443364    -0.458593    -0.309479     0.511715      3.40882      3.04519  7.22563e-09    0.0162876     0.308523
     2.34199    -0.146427    -0.102547    -0.095771   -0.0947091   -0.0966175    -0.103407   -0.0861919   -0.0913505   -0.0927417   -0.0938371   -0.0960959     -0.10015   -0.0863503   -0.0761679   -0.0813768   -0.0875436   -0.0901918   -0.0905478   -0.0895676   -0.0878584    -0.271937       3.3918      1.06795      0.76703     0.618289     0.574808     0.598673     0.766158      0.54385     0.558213     0.538066     0.534315     0.540749     0.610991     0.567778     0.542794     0.534651     0.531652     0.543167     0.568958     0.573725     0.528896     0.463579   1.7768e-08    0.0193363     0.100658
     2.63939   -0.0705344   -0.0480495   -0.0780136   -0.0971396    -0.109715    -0.128371    -0.144929    -0.135845    -0.137353    -0.142537     -0.14422    -0.140331    -0.142013    -0.130784    -0.134748    -0.141371    -0.144061    -0.144387    -0.143284    -0.141112    -0.265755      1.06795      12.5773     -1.97569     -1.15615    -0.649126    -0.255291   -0.0698995     0.432347     0.433247     0.408498     0.391683     0.397357     0.487013     0.465875     0.435044     0.421428     0.420921      0.43421     0.453531     0.452552     0.429792     0.376856  -1.2497e-08  -0.00526205     0.145911
     1.65383   -0.0381096    -0.120663   -0.0141437   -0.0211523   -0.0373401   -0.0886559   -0.0818404   -0.0783037   -0.0812426   -0.0847895    -0.090227    -0.102917   -0.0785885   -0.0752569    -0.080486   -0.0835546   -0.0843217   -0.0836114     -0.08221   -0.0812163    -0.239457      0.76703     -1.97569      14.0183     -1.36164    -0.860322    -0.449327    -0.379056     0.348412     0.397485     0.399971     0.417063      0.43601      0.48306      0.42024     0.414463      0.41242     0.410758     0.425524      0.45437     0.455461     0.400783      0.35056 -7.36719e-09    0.0383738    0.0844403
    0.963222   -0.0106103   -0.0721787   -0.0657798     0.034254    0.0254754   -0.0643432   -0.0378504   -0.0383512   -0.0427012   -0.0451576   -0.0548132   -0.0848862    -0.033316   -0.0371158   -0.0440487   -0.0439787   -0.0429765   -0.0412274   -0.0394324    -0.039496    -0.235268     0.618289     -1.15615     -1.36164      14.4296     -1.21395    -0.835292    -0.967071     0.279223     0.389084     0.420181     0.472301     0.506222     0.514888     0.407125     0.425225     0.434724      0.43174     0.448553     0.488898     0.493205      0.40458     0.352892 -4.79452e-09    0.0841192    0.0424502
    0.491834    0.0124217   -0.0296563   -0.0363204   -0.0308128    0.0726429   -0.0466003  -0.00595498  -0.00991323   -0.0143173   -0.0157285   -0.0294771   -0.0758519  0.000891097  -0.00839999   -0.0171703   -0.0146806   -0.0122937  -0.00969842  -0.00756755  -0.00852842    -0.250707     0.574808    -0.649126    -0.860322     -1.21395      14.4196     -1.47028     -1.99733      0.22548     0.416216     0.472893     0.555111     0.602748     0.579041     0.431027     0.469276     0.489353     0.485118     0.503505     0.554667     0.562831     0.441505     0.384361 -3.50075e-09     0.126541    0.0115921
    0.117934     0.034071   0.00768413  -0.00567503   -0.0200273   -0.0472021   -0.0208468    0.0196038    0.0137961    0.0162878    0.0159822   0.00149819   -0.0458192    0.0302886    0.0243413    0.0151273    0.0162219    0.0176949     0.019728    0.0215141    0.0206328     -0.30381     0.598673    -0.255291    -0.449327    -0.835292     -1.47028       13.413      -4.0116     0.269468     0.563051     0.608183     0.675514     0.720555      0.70355     0.567336     0.599992     0.619451     0.614727     0.631198     0.680799     0.689568     0.557942      0.48699 -3.50054e-09     0.125971   -0.0165318
  -0.0404428    0.0452396    0.0169486  -0.00352389   -0.0287505   -0.0706998   -0.0782561    0.0268973     0.020699    0.0438448    0.0445488       0.0371    0.0241016    0.0423458     0.059915    0.0532727    0.0440432     0.039244     0.037517    0.0375176     0.039081    -0.456268     0.766158   -0.0698995    -0.379056    -0.967071     -1.99733      -4.0116      8.83827     0.633857      1.01538     0.957115     0.909558     0.916189      1.00123     0.987414     0.955027     0.947364     0.942848     0.950259     0.973161     0.975845     0.881494     0.774434 -6.13544e-09    0.0291561   -0.0335937
   -0.526263   -0.0119496  -0.00450056  -0.00842133  -0.00967904    0.0048515      0.10987    0.0227868     0.646181     0.148118    0.0058647   0.00417726    0.0736574  -0.00585328    0.0309379    0.0329876    0.0136117   0.00283982  -0.00231524  -0.00344953   0.00218817    -0.461323      0.54385     0.432347     0.348412     0.279223      0.22548     0.269468     0.633857       4.3426      -1.7838     0.449509     0.778656     0.775596     0.997943       1.0349     0.913567     0.850219      0.84771      0.85599     0.841825     0.816607     0.824255     0.729103 -6.62579e-10    -0.148075  0.000975223
   -0.540128    0.0288991    0.0395672    0.0362349    0.0349283     0.041837    0.0839125    0.0331995    -0.414683     0.487638     0.165674    0.0516019    0.0695723    0.0376125    0.0562731    0.0552795    0.0436618    0.0373216    0.0347708    0.0348535    0.0388373    -0.437659     0.558213     0.433247     0.397485     0.389084     0.416216     0.563051      1.01538      -1.7838      7.52088     -2.60279    -0.229201     0.673565      1.20956     0.943226     0.869837     0.830119     0.822989      0.83494     0.844138     0.825127      0.77651     0.684953  2.02883e-09   -0.0660198   -0.0358068
   -0.521557    0.0450354    0.0566987    0.0534077    0.0508758    0.0507687    0.0613301    0.0505755   -0.0843993    -0.350891     0.343261     0.167756    0.0801578    0.0519255    0.0598241    0.0553115    0.0504599    0.0482258     0.047905    0.0489915    0.0521054    -0.403762     0.538066     0.408498     0.399971     0.420181     0.472893     0.608183     0.957115     0.449509     -2.60279      9.57437     -2.82729    -0.351606      1.07501     0.807741     0.789618     0.781898     0.771999     0.782934     0.804245     0.790031     0.710942     0.625861  1.73677e-09   -0.0178906   -0.0402326
   -0.521348    0.0554585    0.0686307    0.0652446     0.061264    0.0532542    0.0264934     0.064932    0.0221892    -0.121701    -0.191431     0.288938    0.0935686    0.0552629    0.0584277    0.0474197    0.0493909    0.0519274    0.0543845    0.0568349    0.0588922     -0.37324     0.534315     0.391683     0.417063     0.472301     0.555111     0.675514     0.909558     0.778656    -0.229201     -2.82729      10.4831      -2.4429   -0.0241381     0.619544     0.692138     0.733724      0.72696     0.740037      0.78026     0.773534      0.65208     0.572029  9.98716e-10    0.0477328    -0.043154
   -0.529352    0.0628199    0.0769407    0.0734892    0.0689477    0.0582289     0.018458    0.0737989    0.0586961    0.0185577   -0.0583392    -0.121165    0.0895592    0.0462504    0.0757549    0.0586874    0.0561859    0.0580588    0.0606543    0.0633709    0.0650678    -0.364786     0.540749     0.397357      0.43601     0.506222     0.602748     0.720555     0.916189     0.775596     0.673565    -0.351606      -2.4429      10.7076     -3.47639     0.473395     0.615972     0.686528     0.704825     0.730062     0.782325     0.779843     0.641379     0.561891  1.70766e-09    0.0716332   -0.0477324
   -0.593092    0.0375051    0.0512657    0.0475145    0.0437739    0.0407854    0.0453207    0.0474201    0.0516217     0.071691    0.0369767   -0.0461251   -0.0786528  -0.00305638     0.135258     0.122245     0.074922    0.0541911    0.0460627    0.0439551     0.045416    -0.427145     0.610991     0.487013      0.48306     0.514888     0.579041      0.70355      1.00123     0.997943      1.20956      1.07501   -0.0241381     -3.47639       4.9582     0.687207     0.694788     0.662171     0.758344     0.827906      0.86723     0.861687     0.797123     0.701983  4.52651e-09  -0.00792838   -0.0464882
   -0.565657   0.00253979    0.0133627   0.00998711   0.00816162    0.0150964    0.0693575   0.00791746     0.020975    0.0244173    0.0168352    0.0285337    0.0981747    0.0568891     0.614319    0.0811571    0.0112347   0.00753411   0.00847244   0.00993331    0.0147771    -0.449441     0.567778     0.465875      0.42024     0.407125     0.431027     0.567336     0.987414       1.0349     0.943226     0.807741     0.619544     0.473395     0.687207      2.26941     -0.72521      0.92317     0.981756     0.922816     0.877085     0.837371     0.812455     0.717465 -1.02531e-09   -0.0966929    -0.014393
   -0.521335    0.0587017    0.0704938    0.0671362    0.0646221    0.0669152    0.0959112    0.0654858    0.0693983    0.0715999    0.0667575    0.0686492    0.0914794    0.0716808    -0.818958     0.483733     0.138381    0.0627124    0.0558727    0.0608185    0.0672972     -0.41443     0.542794     0.435044     0.414463     0.425225     0.469276     0.599992     0.955027     0.913567     0.869837     0.789618     0.692138     0.615972     0.694788     -0.72521      5.42697     -1.63963     0.494522     0.892156     0.912455     0.833475     0.746245     0.657367  1.46213e-09     -0.05128   -0.0453987
   -0.516126    0.0561681    0.0681995    0.0648958    0.0620824    0.0620594    0.0782322    0.0633796    0.0641245    0.0653981    0.0614893    0.0601768    0.0720572    0.0698816   -0.0211379    -0.564168     0.371161     0.144933     0.059713    0.0479596     0.059069    -0.413715     0.534651     0.421428      0.41242     0.434724     0.489353     0.619451     0.947364     0.850219     0.830119     0.781898     0.733724     0.686528     0.662171      0.92317     -1.63963      7.67195      -2.4534   -0.0164059     0.813187     0.929093     0.739368     0.646881  1.25539e-09   -0.0279709    -0.040591
   -0.520869    0.0462375    0.0581587     0.054904    0.0521701    0.0523361    0.0691721    0.0532806    0.0548532    0.0558564    0.0518873    0.0515238    0.0650719    0.0568155     0.087197   -0.0529913    -0.276428       0.2935     0.122445    0.0417009    0.0422435    -0.443364     0.531652     0.420921     0.410758      0.43174     0.485118     0.614727     0.942848      0.84771     0.822989     0.771999      0.72696     0.704825     0.758344     0.981756     0.494522      -2.4534      8.99422     -2.77474    -0.120207      0.93341     0.789094     0.688805 -4.50539e-10   -0.0291835   -0.0376089
    -0.53865    0.0431281    0.0555428    0.0522271    0.0493755    0.0491212    0.0637842    0.0505559    0.0507501    0.0516502    0.0482057    0.0482868    0.0613123    0.0522076    0.0867747    0.0698826    -0.059657    -0.176739     0.268416     0.102421    0.0409587    -0.458593     0.543167      0.43421     0.425524     0.448553     0.503505     0.631198     0.950259      0.85599      0.83494     0.782934     0.740037     0.730062     0.827906     0.922816     0.892156   -0.0164059     -2.77474      9.25347     -2.86958     0.282716     0.842184     0.749263  8.15141e-10   -0.0254028   -0.0378889
   -0.566153    0.0355944    0.0489611    0.0455024    0.0421488    0.0395189    0.0421071    0.0441185    0.0390626    0.0396731    0.0381438    0.0373784    0.0423921    0.0442289    0.0708954    0.0823835    0.0405079   -0.0417255    -0.162004     0.269721    0.0815665    -0.309479     0.568958     0.453531      0.45437     0.488898     0.554667     0.680799     0.973161     0.841825     0.844138     0.804245      0.78026     0.782325      0.86723     0.877085     0.912455     0.813187    -0.120207     -2.86958      8.35265     -2.39152     0.685989     0.670005  1.07119e-08  -0.00356922   -0.0356818
   -0.581478  -0.00555951   0.00744391   0.00404727  0.000597312  -0.00295522  -0.00537251   0.00287598   -0.0026458  -0.00249079  -0.00386212   -0.0052886  -0.00393769   0.00261041      0.02273    0.0303021    0.0287116    0.0125607   -0.0371146    -0.199582     0.231146     0.511715     0.573725     0.452552     0.455461     0.493205     0.562831     0.689568     0.975845     0.816607     0.825127     0.790031     0.773534     0.779843     0.861687     0.837371     0.833475     0.929093      0.93341     0.282716     -2.39152      6.49888    -0.583902     -0.31477  2.81919e-08   0.00587667   -0.0158428
   -0.594558    -0.150401     -0.14098    -0.143788    -0.145873    -0.143698    -0.117889    -0.145361    -0.137636    -0.136603    -0.142238    -0.140523    -0.120482    -0.144137    -0.120157    -0.122753    -0.132757    -0.136537    -0.138291    -0.147087    -0.185631      3.40882     0.528896     0.429792     0.400783      0.40458     0.441505     0.557942     0.881494     0.824255      0.77651     0.710942      0.65208     0.641379     0.797123     0.812455     0.746245     0.739368     0.789094     0.842184     0.685989    -0.583902      9.63245     -5.69854 -1.52918e-08   -0.0444774    0.0558916
   -0.518535    -0.126388    -0.118127      -0.1206    -0.122397    -0.120235   -0.0961885    -0.122009    -0.114889    -0.113905    -0.118964    -0.117279   -0.0986972    -0.120897   -0.0997272    -0.102206    -0.111521    -0.115273    -0.118007    -0.133846     -0.31455      3.04519     0.463579     0.376856      0.35056     0.352892     0.384361      0.48699     0.774434     0.729103     0.684953     0.625861     0.572029     0.561891     0.701983     0.717465     0.657367     0.646881     0.688805     0.749263     0.670005     -0.31477     -5.69854       10.825 -1.71364e-08    -0.041584    0.0482833
-9.06891e-09  1.13663e-09  7.95766e-10   7.1671e-10  6.58394e-10   4.8516e-10 -5.08662e-10  4.64857e-10  1.23155e-09  1.07684e-09  7.92049e-10  6.72464e-10  3.11018e-10  5.57786e-10  1.91015e-10 -4.51098e-10 -3.88384e-10 -1.93936e-10  4.75627e-11 -6.26888e-12 -5.99002e-09  7.22563e-09   1.7768e-08  -1.2497e-08 -7.36719e-09 -4.79452e-09 -3.50075e-09 -3.50054e-09 -6.13544e-09 -6.62579e-10  2.02883e-09  1.73677e-09  9.98716e-10  1.70766e-09  4.52651e-09 -1.02531e-09  1.46213e-09  1.25539e-09 -4.50539e-10  8.15141e-10  1.07119e-08  2.81919e-08 -1.52918e-08 -1.71364e-08         2.25 -8.13378e-09 -3.80785e-10
  -0.0313297   0.00967739    0.0121749    0.0119878    0.0104641   0.00147213    -0.046226    0.0126823  -0.00288379   -0.0058551  -0.00134027  -0.00765703   -0.0397244    0.0113138  -0.00215984  -0.00565474  0.000396952   0.00403602   0.00625785   0.00724453   0.00534519    0.0162876    0.0193363  -0.00526205    0.0383738    0.0841192     0.126541     0.125971    0.0291561    -0.148075   -0.0660198   -0.0178906    0.0477328    0.0716332  -0.00792838   -0.0966929     -0.05128   -0.0279709   -0.0291835   -0.0254028  -0.00356922   0.00587667   -0.0444774    -0.041584 -8.13378e-09     0.086193  -0.00509164
    0.277679   -0.0294251   -0.0357662   -0.0347141   -0.0336767   -0.0322724   -0.0280685   -0.0320427   -0.0239422   -0.0251737   -0.0276501   -0.0281067   -0.0269158   -0.0314753   -0.0223854   -0.0264599   -0.0295214   -0.0306078   -0.0309529   -0.0308094   -0.0302846     0.308523     0.100658     0.145911    0.0844403    0.0424502    0.0115921   -0.0165318   -0.0335937  0.000975223   -0.0358068   -0.0402326    -0.043154   -0.0477324   -0.0464882    -0.014393   -0.0453987    -0.040591   -0.0376089   -0.0378889   -0.0356818   -0.0158428    0.0558916    0.0482833 -3.80785e-10  -0.00509164    0.0228151
* row and column names
in_inst:0_usecol:1_direct_idx0:18.75
in_inst:0_usecol:1_direct_idx0:21.25
in_inst:0_usecol:1_direct_idx0:23.75
in_inst:0_usecol:1_direct_idx0:26.25
in_inst:0_usecol:1_direct_idx0:28.75
in_inst:0_usecol:1_direct_idx0:31.25
in_inst:0_usecol:1_direct_idx0:33.75
in_inst:0_usecol:1_direct_idx0:36.25
in_inst:0_usecol:1_direct_idx0:38.75
in_inst:0_usecol:1_direct_idx0:41.25
in_inst:0_usecol:1_direct_idx0:43.75
in_inst:0_usecol:1_direct_idx0:46.25
in_inst:0_usecol:1_direct_idx0:48.75
in_inst:0_usecol:1_direct_idx0:51.25
in_inst:0_usecol:1_direct_idx0:53.75
in_inst:0_usecol:1_direct_idx0:56.25
in_inst:0_usecol:1_direct_idx0:58.75
in_inst:0_usecol:1_direct_idx0:61.25
in_inst:0_usecol:1_direct_idx0:63.75
in_inst:0_usecol:1_direct_idx0:66.25
in_inst:0_usecol:1_direct_idx0:68.75
in_inst:0_usecol:1_direct_idx0:71.25
out_inst:0_usecol:2_direct_idx0:18.75
out_inst:0_usecol:2_direct_idx0:21.25
out_inst:0_usecol:2_direct_idx0:23.75
out_inst:0_usecol:2_direct_idx0:26.25
out_inst:0_usecol:2_direct_idx0:28.75
out_inst:0_usecol:2_direct_idx0:31.25
out_inst:0_usecol:2_direct_idx0:33.75
out_inst:0_usecol:2_direct_idx0:36.25
out_inst:0_usecol:2_direct_idx0:38.75
out_inst:0_usecol:2_direct_idx0:41.25
out_inst:0_usecol:2_direct_idx0:43.75
out_inst:0_usecol:2_direct_idx0:46.25
out_inst:0_usecol:2_direct_idx0:48.75
out_inst:0_usecol:2_direct_idx0:51.25
out_inst:0_usecol:2_direct_idx0:53.75
out_inst:0_usecol:2_direct_idx0:56.25
out_inst:0_usecol:2_direct_idx0:58.75
out_inst:0_usecol:2_direct_idx0:61.25
out_inst:0_usecol:2_direct_idx0:63.75
out_inst:0_usecol:2_direct_idx0:66.25
out_inst:0_usecol:2_direct_idx0:68.75
out_inst:0_usecol:2_direct_idx0:71.25
p_inst:0_usecol:1_direct_idx0:diffusioncoefficient
p_inst:0_usecol:1_direct_idx0:dispersivity
tot_inst:0_usecol:1_direct
