    47    47     1
     15.9999   -0.0165404   0.00100349  0.000967432  0.000928836   0.00088395  0.000847798   0.00106866  0.000989401  0.000934512  0.000885078  0.000839606  0.000814099  0.000994213  0.000860168  0.000780457   0.00072084  0.000695541  0.000724288  0.000775394  0.000929322   2.9754e-05  3.08965e-14  3.77789e-14  2.67628e-14  2.44056e-14  2.42447e-14  2.46116e-14  2.49244e-14  2.49244e-14  3.66254e-14  3.62864e-14  3.65055e-14  3.61658e-14  3.38335e-14   4.2411e-14  4.29181e-14  4.22006e-14  6.58401e-15  1.32121e-14  1.15215e-14  1.27167e-14  1.16974e-14  1.51336e-14  1.96222e-15            0     0.726416
  -0.0165404      1.53696     0.748338     0.752116     0.755352     0.759093     0.762186     0.744175     0.750545     0.755349     0.759818     0.764107     0.766035     0.750737     0.761609     0.768473     0.772383     0.774805      0.77609     0.776948     0.779316  0.000944423 -2.16805e-12 -2.78849e-12 -1.80143e-12 -1.16518e-12 -1.08429e-12 -1.10954e-12 -1.09675e-12 -1.09675e-12  -2.0246e-12 -1.99845e-12 -1.95165e-12 -1.96209e-12 -2.06989e-12 -2.79149e-12 -2.82318e-12 -2.74388e-12 -7.63794e-13 -1.23955e-12  -1.2012e-12  -1.2456e-12 -1.17821e-12 -8.48896e-13 -5.27283e-15            0   -0.0580961
  0.00100349     0.748338      1.48064     0.753554     0.757545     0.761297     0.764399     0.746334     0.752724     0.757542     0.762024     0.766326      0.76826     0.752916      0.76382     0.770705     0.774627     0.777056     0.778345     0.779205     0.781579  0.000907507  5.53468e-12  5.56706e-12 -1.36462e-12 -1.19831e-12 -1.11711e-12 -1.14243e-12  -1.1296e-12  -1.1296e-12 -2.06023e-12   -2.034e-12 -2.34255e-12 -2.35303e-12 -2.10528e-12 -2.82904e-12 -2.86082e-12  -2.7813e-12 -3.81422e-13   -8.586e-13 -8.20133e-13 -8.64675e-13 -7.97074e-13 -1.20719e-12 -8.38629e-15            0   -0.0603637
 0.000967432     0.752116     0.753554      1.42714     0.759862     0.764265      0.76738     0.749243     0.755658     0.760495     0.764996     0.769315     0.771257     0.755851     0.766799     0.773712     0.777649     0.780088     0.781382     0.782245     0.784628  0.000872335  7.63377e-12  7.66559e-12  8.00274e-12 -1.23259e-12 -1.99254e-12 -2.01821e-12 -2.00533e-12 -2.00533e-12 -2.93969e-12 -2.91336e-12 -2.86558e-12 -2.87609e-12 -2.32843e-12 -3.05509e-12   -3.087e-12 -3.00715e-12  3.33497e-13 -1.45594e-13 -1.06967e-13  -1.5169e-13 -8.38185e-14  1.90513e-13 -1.15038e-14            0   -0.0634221
 0.000928836     0.755352     0.757545     0.759862      1.36792     0.767034     0.770684     0.752466      0.75891     0.763768     0.768288     0.772627     0.774577     0.759103       0.7701     0.777043     0.780998     0.783447     0.784747     0.785613     0.788006  0.000833205 -3.76452e-12 -3.73255e-12 -3.40123e-12 -1.28083e-12 -2.01408e-12 -1.52179e-12 -1.50901e-12 -1.50901e-12 -2.44749e-12 -2.42104e-12 -2.07549e-12 -2.08605e-12 -2.19567e-12 -2.92554e-12 -2.95759e-12 -2.87739e-12 -6.83261e-13 -1.16447e-12 -1.12567e-12 -1.17059e-12 -1.10242e-12 -8.59301e-13 -1.70174e-14            0   -0.0668094
  0.00088395     0.759093     0.761297     0.764265     0.767034       1.2996     0.774083     0.756193     0.762669     0.767552     0.772095     0.776455     0.778416     0.762863     0.773916     0.780894     0.784869     0.787331     0.788637     0.789508     0.791912  0.000787699 -1.53404e-12 -1.50191e-12  -1.1689e-12 -1.35473e-12 -1.27199e-12 -1.29803e-12 -1.54741e-12 -1.54741e-12 -2.49067e-12 -2.46409e-12 -2.15396e-12 -2.16457e-12 -2.27443e-12   -3.008e-12 -3.04022e-12 -2.95962e-12   -6.491e-13 -1.13276e-12 -1.09375e-12 -1.13891e-12 -1.07039e-12 -8.63251e-13 -2.70434e-14            0   -0.0707234
 0.000847798     0.762186     0.764399      0.76738     0.770684     0.774083      1.24332     0.758671     0.765777      0.77068     0.775243     0.779621      0.78159     0.765972     0.777071     0.784078      0.78807     0.790543     0.791854     0.792728     0.795141  0.000751034 -1.69842e-12 -1.66615e-12 -1.33175e-12 -1.38505e-12  -1.3025e-12 -1.32827e-12 -1.31513e-12 -1.31513e-12 -2.26233e-12 -2.23563e-12 -1.95441e-12 -1.96506e-12 -2.30859e-12 -3.04523e-12 -3.07758e-12 -2.99664e-12  6.58684e-13  1.72999e-13  2.12173e-13  1.66826e-13  2.35634e-13 -5.29967e-14 -2.83828e-14            0   -0.0739629
  0.00106866     0.744175     0.746334     0.749243     0.752466     0.756193     0.758671      1.57174     0.746808     0.752464     0.756915     0.761188     0.763108      0.74787     0.758699     0.765537     0.769432     0.771844     0.773124     0.773978     0.776338  0.000974882 -2.87905e-12 -2.84757e-12 -2.52127e-12 -1.01056e-12 -9.29988e-13 -9.55134e-13  -9.4239e-13  -9.4239e-13 -1.88901e-12 -1.86293e-12 -2.22398e-12 -2.23439e-12  -1.9341e-12 -2.65288e-12 -2.68444e-12 -2.60546e-12 -7.87796e-13 -1.26168e-12 -1.22349e-12 -1.26772e-12 -1.20059e-12 -8.46625e-13  1.90155e-14            0    -0.055125
 0.000989401     0.750545     0.752724     0.755658      0.75891     0.762669     0.765777     0.746808      1.45607     0.758258     0.763397     0.767707     0.769645     0.754272     0.765197     0.772095     0.776024     0.778457     0.779748      0.78061     0.782988  0.000894567 -1.79062e-12 -1.75886e-12  -1.4297e-12 -1.31612e-12 -1.23485e-12 -1.26022e-12 -1.24737e-12 -1.24737e-12  1.65515e-11  1.69244e-11  1.62793e-11  1.62688e-11  1.68527e-11  1.61276e-11  1.60958e-11  1.61754e-11  2.25053e-13 -2.53007e-13 -2.14466e-13 -2.59092e-13 -1.91366e-13  1.00382e-13 -3.75944e-14            0   -0.0617703
 0.000934512     0.755349     0.757542     0.760495     0.763768     0.767552      0.77068     0.752464     0.758258      1.36843     0.767794     0.772624     0.774574       0.7591     0.770097      0.77704     0.780995     0.783444     0.784743      0.78561     0.788003  0.000838883 -1.76332e-12 -1.73135e-12 -1.40003e-12 -6.31492e-13 -5.49692e-13 -5.75226e-13 -5.62293e-13 -5.62293e-13 -1.51768e-12 -2.37317e-12 -2.32508e-12 -2.33563e-12 -2.14499e-12 -2.87485e-12  -2.9069e-12  -2.8267e-12  1.96788e-13 -2.84416e-13 -2.45614e-13 -2.90537e-13 -2.22365e-13 -2.77202e-13 -7.23588e-14            0   -0.0667844
 0.000885078     0.759818     0.762024     0.764996     0.768288     0.772095     0.775243     0.756915     0.763397     0.767794      1.28695     0.776832      0.77916     0.763592     0.774655      0.78164      0.78562     0.788084     0.789391     0.790262     0.792669  0.000788709 -1.71853e-12 -1.68637e-12 -1.35304e-12 -1.08506e-12 -1.00276e-12 -1.02845e-12 -1.01545e-12 -1.01545e-12 -1.95962e-12 -1.93263e-12 -2.47293e-12 -2.48351e-12 -2.33652e-12 -3.07081e-12 -3.10305e-12 -3.02237e-12 -3.87379e-13 -8.71507e-13 -8.32463e-13 -8.77662e-13 -8.09076e-13 -1.12094e-12  -9.5476e-14            0    -0.071452
 0.000839606     0.764107     0.766326     0.769315     0.772627     0.776455     0.779621     0.761188     0.767707     0.772624     0.776832      1.20879     0.783269     0.767903     0.779031     0.786056     0.790058     0.792537     0.793851     0.794727     0.797146  0.000742527   1.2871e-11  1.29033e-11  1.32386e-11  1.27258e-11  1.28086e-11  1.27827e-11  1.27958e-11  1.27958e-11  1.18462e-11   1.1873e-11  1.17061e-11  1.19107e-11  1.18002e-11  1.10522e-11  1.10197e-11  1.11009e-11 -6.04504e-13 -1.09144e-12 -1.05216e-12 -1.09762e-12 -1.02864e-12 -1.08396e-12 -1.04273e-13            0   -0.0759352
 0.000814099     0.766035      0.76826     0.771257     0.774577     0.778416      0.78159     0.763108     0.769645     0.774574      0.77916     0.783269      1.17349     0.769375     0.780998     0.788041     0.792054     0.794539     0.795856     0.796734      0.79916  0.000716699 -1.41073e-12 -1.37829e-12 -1.04217e-12 -1.58538e-12  -1.5024e-12 -1.52831e-12 -1.51519e-12 -1.51519e-12 -2.46729e-12 -2.44046e-12   -2.195e-12 -2.20566e-12 -2.51368e-12  1.03394e-11  1.03068e-11  1.03881e-11   -3.912e-13 -8.79398e-13 -8.40016e-13   -8.856e-13 -8.16436e-13 -8.71891e-13 -5.48594e-14            0   -0.0779683
 0.000994213     0.750737     0.752916     0.755851     0.759103     0.762863     0.765972      0.74787     0.754272       0.7591     0.763592     0.767903     0.769375      1.45118     0.764844     0.772292     0.776222     0.778656     0.779947     0.780809     0.783188  0.000899347 -2.76882e-12 -2.73706e-12 -2.40781e-12 -2.24646e-12 -2.16517e-12 -2.19054e-12 -2.17768e-12 -2.17768e-12 -3.11027e-12 -3.08399e-12  -2.6862e-12 -2.69669e-12 -3.15578e-12 -2.94708e-12 -2.62891e-12 -2.54882e-12  1.40653e-12  9.28348e-13  9.66899e-13  9.22262e-13  9.90005e-13  9.35702e-13  4.53054e-14            0   -0.0620105
 0.000860168     0.761609      0.76382     0.766799       0.7701     0.773916     0.777071     0.758699     0.765197     0.770097     0.774655     0.779031     0.780998     0.764844      1.25344     0.783186     0.787473     0.789943     0.791253     0.792127     0.794539    0.0007635 -2.54058e-12 -2.50834e-12  -2.1742e-12  -1.8755e-12 -1.79301e-12 -1.81877e-12 -1.80573e-12 -1.80573e-12 -2.75219e-12 -2.72552e-12 -2.67762e-12 -2.68826e-12 -2.79835e-12 -3.53472e-12 -3.26757e-12 -3.48549e-12 -3.88702e-13 -8.74008e-13 -8.34865e-13 -8.80176e-13 -8.11423e-13 -1.11143e-12 -1.98321e-14            0   -0.0733676
 0.000780457     0.768473     0.770705     0.773712     0.777043     0.780894     0.784078     0.765537     0.772095      0.77704      0.78164     0.786056     0.788041     0.772292     0.783186      1.12803     0.794386      0.79707     0.798391     0.799272     0.801705  0.000682652 -1.25372e-12 -1.22118e-12 -8.83955e-13 -3.62629e-13 -2.79384e-13 -3.05375e-13 -2.92219e-13 -2.92219e-13 -1.24744e-12 -1.22052e-12 -8.14842e-13 -8.25581e-13 -9.36675e-13 -1.67954e-12  -1.7124e-12 -2.95921e-12 -5.70243e-13 -1.06679e-12 -1.02728e-12 -1.07301e-12 -1.00362e-12 -1.05931e-12 -4.41607e-15            0   -0.0805593
  0.00072084     0.772383     0.774627     0.777649     0.780998     0.784869      0.78807     0.769432     0.776024     0.780995      0.78562     0.790058     0.792054     0.776222     0.787473     0.794386       1.0557     0.800985     0.802458     0.803343     0.805788  0.000622382 -3.09078e-12 -3.05807e-12 -2.71908e-12 -1.82944e-12 -1.74576e-12 -1.77189e-12 -1.75867e-12 -1.75867e-12 -2.71889e-12 -2.69183e-12 -2.64304e-12 -2.65383e-12 -2.62257e-12 -3.36933e-12 -3.40212e-12 -3.31993e-12 -3.94501e-13  8.59123e-12  8.63093e-12  8.58495e-12  8.65471e-12  8.59882e-12  8.85021e-14            0   -0.0847029
 0.000695541     0.774805     0.777056     0.780088     0.783447     0.787331     0.790543     0.771844     0.778457     0.783444     0.788084     0.792537     0.794539     0.778656     0.789943      0.79707     0.800985      1.01058      0.80485     0.805864     0.808316  0.000596681   5.7158e-12  5.74861e-12  6.08869e-12  7.47359e-12  7.55753e-12  7.53132e-12  7.54458e-12  7.54458e-12  6.58127e-12  6.60842e-12  6.53198e-12  6.52115e-12  6.40928e-12  5.66013e-12  5.62723e-12  5.70954e-12   9.4775e-13  4.48964e-13  6.14603e-13  5.67951e-13  6.37931e-13  4.56547e-13  1.21707e-13            0    -0.087285
 0.000724288      0.77609     0.778345     0.781382     0.784747     0.788637     0.791854     0.773124     0.779748     0.784743     0.789391     0.793851     0.795856     0.779947     0.791253     0.798391     0.802458      0.80485     0.986732      0.80708     0.809656  0.000625219 -1.03755e-12 -1.00468e-12 -6.64043e-13 -3.97133e-13 -3.13053e-13 -3.39308e-13 -3.26023e-13 -3.26023e-13 -1.29092e-12 -1.26372e-12 -1.34362e-12 -1.35447e-12 -1.59522e-12 -2.34561e-12 -2.37856e-12 -2.29612e-12  9.03916e-13   4.0915e-13 -4.71966e-13  4.02954e-13   4.7393e-13  5.46185e-13  1.12163e-13            0   -0.0886462
 0.000775394     0.776948     0.779205     0.782245     0.785613     0.789508     0.792728     0.773978      0.78061      0.78561     0.790262     0.794727     0.796734     0.780809     0.792127     0.799272     0.803343     0.805864      0.80708      0.97078     0.810441  0.000677493 -1.16966e-12 -1.13676e-12 -7.95766e-13  5.21147e-13  6.05314e-13  5.79032e-13   5.9233e-13   5.9233e-13 -3.73583e-13 -3.46362e-13 -1.35111e-13 -1.45964e-13 -2.58515e-13 -1.00969e-12 -1.04268e-12 -9.60149e-13  8.20582e-13  3.25293e-13  3.65431e-13  3.19009e-13  -9.9079e-13 -8.84669e-13   9.6136e-14            0    -0.089552
 0.000929322     0.779316     0.781579     0.784628     0.788006     0.791912     0.795141     0.776338     0.782988     0.788003     0.792669     0.797146      0.79916     0.783188     0.794539     0.801705     0.805788     0.808316     0.809656     0.810441     0.941991   -0.0143526 -1.76936e-12 -1.73636e-12 -1.39438e-12 -9.59313e-13 -8.74904e-13 -9.01263e-13 -8.87928e-13 -8.87928e-13 -1.85664e-12 -1.82934e-12 -2.06279e-12 -2.07368e-12 -1.90368e-12 -2.65703e-12 -2.69011e-12 -2.60734e-12  5.67782e-13  7.10558e-14  1.11146e-13  6.47557e-14  1.35358e-13  7.90671e-14  4.95061e-14            0   -0.0920459
  2.9754e-05  0.000944423  0.000907507  0.000872335  0.000833205  0.000787699  0.000751034  0.000974882  0.000894567  0.000838883  0.000788709  0.000742527  0.000716699  0.000899347    0.0007635  0.000682652  0.000622382  0.000596681  0.000625219  0.000677493   -0.0143526      15.9993   -5.383e-14 -5.42351e-14 -5.80165e-14 -3.15997e-15 -3.33425e-15 -2.96316e-15 -2.65238e-15 -2.65238e-15  9.20231e-15  8.85894e-15 -1.68667e-14 -1.72047e-14  6.42337e-15  1.51204e-14  1.56328e-14  1.49021e-14 -4.03909e-14  -3.3684e-14 -3.53812e-14 -3.41786e-14 -3.51922e-14 -3.63261e-14 -4.86302e-15            0     0.726512
 3.08965e-14 -2.16805e-12  5.53468e-12  7.63377e-12 -3.76452e-12 -1.53404e-12 -1.69842e-12 -2.87905e-12 -1.79062e-12 -1.76332e-12 -1.71853e-12   1.2871e-11 -1.41073e-12 -2.76882e-12 -2.54058e-12 -1.25372e-12 -3.09078e-12   5.7158e-12 -1.03755e-12 -1.16966e-12 -1.76936e-12   -5.383e-14           16 -9.92615e-21 -8.82543e-21  -7.0407e-21 -7.05128e-21 -7.05096e-21 -7.05153e-21 -7.05153e-21 -7.04829e-21 -7.04682e-21 -7.06109e-21 -7.05362e-21 -7.03765e-21 -7.02291e-21 -7.02329e-21 -7.01949e-21 -3.61562e-24 -3.93783e-23  -3.1698e-23 -3.42893e-23 -2.73842e-23 -2.80609e-23  2.08807e-23            0  1.92264e-12
 3.77789e-14 -2.78849e-12  5.56706e-12  7.66559e-12 -3.73255e-12 -1.50191e-12 -1.66615e-12 -2.84757e-12 -1.75886e-12 -1.73135e-12 -1.68637e-12  1.29033e-11 -1.37829e-12 -2.73706e-12 -2.50834e-12 -1.22118e-12 -3.05807e-12  5.74861e-12 -1.00468e-12 -1.13676e-12 -1.73636e-12 -5.42351e-14 -9.92615e-21           16  -8.8238e-21 -7.03945e-21 -7.05004e-21 -7.04971e-21 -7.05029e-21 -7.05029e-21 -7.04709e-21 -7.04562e-21 -7.05988e-21 -7.05242e-21 -7.03644e-21 -7.02173e-21 -7.02212e-21 -7.01832e-21 -3.31578e-24 -3.90992e-23 -3.14172e-23 -3.40104e-23 -2.71024e-23 -2.80979e-23  2.11609e-23            0  1.88936e-12
 2.67628e-14 -1.80143e-12 -1.36462e-12  8.00274e-12 -3.40123e-12  -1.1689e-12 -1.33175e-12 -2.52127e-12  -1.4297e-12 -1.40003e-12 -1.35304e-12  1.32386e-11 -1.04217e-12 -2.40781e-12  -2.1742e-12 -8.83955e-13 -2.71908e-12  6.08869e-12 -6.64043e-13 -7.95766e-13 -1.39438e-12 -5.80165e-14 -8.82543e-21  -8.8238e-21           16 -7.05879e-21 -7.06934e-21 -7.06902e-21 -7.06959e-21 -7.06959e-21 -7.06681e-21 -7.06532e-21 -7.07639e-21 -7.06893e-21 -7.05619e-21  -7.0418e-21  -7.0422e-21 -7.03836e-21 -3.80528e-24 -3.98031e-23 -3.21033e-23 -3.47168e-23 -2.77783e-23 -2.53013e-23  1.74527e-23            0  1.54792e-12
 2.44056e-14 -1.16518e-12 -1.19831e-12 -1.23259e-12 -1.28083e-12 -1.35473e-12 -1.38505e-12 -1.01056e-12 -1.31612e-12 -6.31492e-13 -1.08506e-12  1.27258e-11 -1.58538e-12 -2.24646e-12  -1.8755e-12 -3.62629e-13 -1.82944e-12  7.47359e-12 -3.97133e-13  5.21147e-13 -9.59313e-13 -3.15997e-15  -7.0407e-21 -7.03945e-21 -7.05879e-21           16 -7.03863e-21 -7.04018e-21 -7.04048e-21 -7.04048e-21 -6.98769e-21 -6.98471e-21 -6.99026e-21 -6.98324e-21 -6.97879e-21 -6.92323e-21 -6.92337e-21 -6.91528e-21 -1.90992e-23  2.72613e-23  3.67684e-23  3.20707e-23  4.47536e-23  4.34859e-23 -5.26314e-25            0  3.43562e-12
 2.42447e-14 -1.08429e-12 -1.11711e-12 -1.99254e-12 -2.01408e-12 -1.27199e-12  -1.3025e-12 -9.29988e-13 -1.23485e-12 -5.49692e-13 -1.00276e-12  1.28086e-11  -1.5024e-12 -2.16517e-12 -1.79301e-12 -2.79384e-13 -1.74576e-12  7.55753e-12 -3.13053e-13  6.05314e-13 -8.74904e-13 -3.33425e-15 -7.05128e-21 -7.05004e-21 -7.06934e-21 -7.03863e-21           16  -7.0386e-21  -7.0389e-21  -7.0389e-21 -6.98621e-21 -6.98323e-21 -6.98881e-21 -6.98179e-21 -6.97745e-21 -6.92197e-21 -6.92211e-21 -6.91402e-21 -1.86585e-23  2.76496e-23   3.7161e-23  3.24584e-23  4.51487e-23  4.37904e-23 -1.22886e-25            0  3.35023e-12
 2.46116e-14 -1.10954e-12 -1.14243e-12 -2.01821e-12 -1.52179e-12 -1.29803e-12 -1.32827e-12 -9.55134e-13 -1.26022e-12 -5.75226e-13 -1.02845e-12  1.27827e-11 -1.52831e-12 -2.19054e-12 -1.81877e-12 -3.05375e-13 -1.77189e-12  7.53132e-12 -3.39308e-13  5.79032e-13 -9.01263e-13 -2.96316e-15 -7.05096e-21 -7.04971e-21 -7.06902e-21 -7.04018e-21  -7.0386e-21           16  -7.0407e-21  -7.0407e-21 -6.98798e-21   -6.985e-21 -6.99033e-21 -6.98331e-21 -6.97896e-21 -6.92346e-21  -6.9236e-21 -6.91551e-21 -1.89007e-23  2.74239e-23   3.6934e-23  3.22329e-23  4.49208e-23  4.38198e-23 -4.00835e-25            0  3.37694e-12
 2.49244e-14 -1.09675e-12  -1.1296e-12 -2.00533e-12 -1.50901e-12 -1.54741e-12 -1.31513e-12  -9.4239e-13 -1.24737e-12 -5.62293e-13 -1.01545e-12  1.27958e-11 -1.51519e-12 -2.17768e-12 -1.80573e-12 -2.92219e-13 -1.75867e-12  7.54458e-12 -3.26023e-13   5.9233e-13 -8.87928e-13 -2.65238e-15 -7.05153e-21 -7.05029e-21 -7.06959e-21 -7.04048e-21  -7.0389e-21  -7.0407e-21           16 -7.04124e-21 -6.98854e-21 -6.98555e-21 -6.99064e-21 -6.98362e-21 -6.97927e-21 -6.92379e-21 -6.92393e-21 -6.91583e-21 -1.91459e-23  2.71706e-23  3.66813e-23  3.19795e-23  4.46686e-23  4.38054e-23 -4.51429e-25            0  3.36345e-12
 2.49244e-14 -1.09675e-12  -1.1296e-12 -2.00533e-12 -1.50901e-12 -1.54741e-12 -1.31513e-12  -9.4239e-13 -1.24737e-12 -5.62293e-13 -1.01545e-12  1.27958e-11 -1.51519e-12 -2.17768e-12 -1.80573e-12 -2.92219e-13 -1.75867e-12  7.54458e-12 -3.26023e-13   5.9233e-13 -8.87928e-13 -2.65238e-15 -7.05153e-21 -7.05029e-21 -7.06959e-21 -7.04048e-21  -7.0389e-21  -7.0407e-21 -7.04124e-21           16 -6.98854e-21 -6.98555e-21 -6.99064e-21 -6.98362e-21 -6.97927e-21 -6.92379e-21 -6.92393e-21 -6.91583e-21 -1.91459e-23  2.71706e-23  3.66813e-23  3.19795e-23  4.46686e-23  4.38054e-23 -4.51429e-25            0  3.36345e-12
 3.66254e-14  -2.0246e-12 -2.06023e-12 -2.93969e-12 -2.44749e-12 -2.49067e-12 -2.26233e-12 -1.88901e-12  1.65515e-11 -1.51768e-12 -1.95962e-12  1.18462e-11 -2.46729e-12 -3.11027e-12 -2.75219e-12 -1.24744e-12 -2.71889e-12  6.58127e-12 -1.29092e-12 -3.73583e-13 -1.85664e-12  9.20231e-15 -7.04829e-21 -7.04709e-21 -7.06681e-21 -6.98769e-21 -6.98621e-21 -6.98798e-21 -6.98854e-21 -6.98854e-21           16 -1.03133e-20 -1.03362e-20 -1.03291e-20 -1.03069e-20 -1.02505e-20 -1.02506e-20 -1.02426e-20 -4.21559e-24  4.27089e-23  5.21692e-23  4.75248e-23  6.01277e-23  6.81999e-23  9.53223e-24            0  4.33051e-12
 3.62864e-14 -1.99845e-12   -2.034e-12 -2.91336e-12 -2.42104e-12 -2.46409e-12 -2.23563e-12 -1.86293e-12  1.69244e-11 -2.37317e-12 -1.93263e-12   1.1873e-11 -2.44046e-12 -3.08399e-12 -2.72552e-12 -1.22052e-12 -2.69183e-12  6.60842e-12 -1.26372e-12 -3.46362e-13 -1.82934e-12  8.85894e-15 -7.04682e-21 -7.04562e-21 -7.06532e-21 -6.98471e-21 -6.98323e-21   -6.985e-21 -6.98555e-21 -6.98555e-21 -1.03133e-20           16 -1.03252e-20 -1.03182e-20 -1.02965e-20 -1.02401e-20 -1.02402e-20 -1.02322e-20 -2.76107e-24  4.41463e-23   5.3608e-23   4.8962e-23  6.15673e-23  6.94422e-23  9.93992e-24            0  4.30288e-12
 3.65055e-14 -1.95165e-12 -2.34255e-12 -2.86558e-12 -2.07549e-12 -2.15396e-12 -1.95441e-12 -2.22398e-12  1.62793e-11 -2.32508e-12 -2.47293e-12  1.17061e-11   -2.195e-12  -2.6862e-12 -2.67762e-12 -8.14842e-13 -2.64304e-12  6.53198e-12 -1.34362e-12 -1.35111e-13 -2.06279e-12 -1.68667e-14 -7.06109e-21 -7.05988e-21 -7.07639e-21 -6.99026e-21 -6.98881e-21 -6.99033e-21 -6.99064e-21 -6.99064e-21 -1.03362e-20 -1.03252e-20           16 -1.03485e-20 -1.03246e-20  -1.0262e-20 -1.02623e-20 -1.02541e-20 -4.72197e-24  4.21615e-23  5.26564e-23  4.73506e-23  5.93256e-23  6.71396e-23  1.01409e-23            0  4.25343e-12
 3.61658e-14 -1.96209e-12 -2.35303e-12 -2.87609e-12 -2.08605e-12 -2.16457e-12 -1.96506e-12 -2.23439e-12  1.62688e-11 -2.33563e-12 -2.48351e-12  1.19107e-11 -2.20566e-12 -2.69669e-12 -2.68826e-12 -8.25581e-13 -2.65383e-12  6.52115e-12 -1.35447e-12 -1.45964e-13 -2.07368e-12 -1.72047e-14 -7.05362e-21 -7.05242e-21 -7.06893e-21 -6.98324e-21 -6.98179e-21 -6.98331e-21 -6.98362e-21 -6.98362e-21 -1.03291e-20 -1.03182e-20 -1.03485e-20           16 -1.03175e-20 -1.02549e-20 -1.02552e-20 -1.02471e-20 -4.45083e-24  4.24392e-23  5.29335e-23  4.76283e-23  5.96024e-23   6.7417e-23  1.01532e-23            0  4.26448e-12
 3.38335e-14 -2.06989e-12 -2.10528e-12 -2.32843e-12 -2.19567e-12 -2.27443e-12 -2.30859e-12  -1.9341e-12  1.68527e-11 -2.14499e-12 -2.33652e-12  1.18002e-11 -2.51368e-12 -3.15578e-12 -2.79835e-12 -9.36675e-13 -2.62257e-12  6.40928e-12 -1.59522e-12 -2.58515e-13 -1.90368e-12  6.42337e-15 -7.03765e-21 -7.03644e-21 -7.05619e-21 -6.97879e-21 -6.97745e-21 -6.97896e-21 -6.97927e-21 -6.97927e-21 -1.03069e-20 -1.02965e-20 -1.03246e-20 -1.03175e-20           16 -1.02421e-20 -1.02422e-20  -1.0234e-20 -2.13182e-24   5.0095e-23  6.12402e-23   5.5285e-23  6.72502e-23  7.47249e-23  1.06989e-23            0  4.37817e-12
  4.2411e-14 -2.79149e-12 -2.82904e-12 -3.05509e-12 -2.92554e-12   -3.008e-12 -3.04523e-12 -2.65288e-12  1.61276e-11 -2.87485e-12 -3.07081e-12  1.10522e-11  1.03394e-11 -2.94708e-12 -3.53472e-12 -1.67954e-12 -3.36933e-12  5.66013e-12 -2.34561e-12 -1.00969e-12 -2.65703e-12  1.51204e-14 -7.02291e-21 -7.02173e-21  -7.0418e-21 -6.92323e-21 -6.92197e-21 -6.92346e-21 -6.92379e-21 -6.92379e-21 -1.02505e-20 -1.02401e-20  -1.0262e-20 -1.02549e-20 -1.02421e-20           16 -1.36836e-20 -1.36755e-20 -2.75071e-24  4.99486e-23  6.10546e-23  5.51441e-23  6.70423e-23  7.45687e-23  2.20176e-23            0  5.12932e-12
 4.29181e-14 -2.82318e-12 -2.86082e-12   -3.087e-12 -2.95759e-12 -3.04022e-12 -3.07758e-12 -2.68444e-12  1.60958e-11  -2.9069e-12 -3.10305e-12  1.10197e-11  1.03068e-11 -2.62891e-12 -3.26757e-12  -1.7124e-12 -3.40212e-12  5.62723e-12 -2.37856e-12 -1.04268e-12 -2.69011e-12  1.56328e-14 -7.02329e-21 -7.02212e-21  -7.0422e-21 -6.92337e-21 -6.92211e-21  -6.9236e-21 -6.92393e-21 -6.92393e-21 -1.02506e-20 -1.02402e-20 -1.02623e-20 -1.02552e-20 -1.02422e-20 -1.36836e-20           16 -1.36757e-20 -2.20838e-24  5.05118e-23   6.1616e-23  5.57075e-23  6.76027e-23  7.45962e-23  2.16573e-23            0  5.16285e-12
 4.22006e-14 -2.74388e-12  -2.7813e-12 -3.00715e-12 -2.87739e-12 -2.95962e-12 -2.99664e-12 -2.60546e-12  1.61754e-11  -2.8267e-12 -3.02237e-12  1.11009e-11  1.03881e-11 -2.54882e-12 -3.48549e-12 -2.95921e-12 -3.31993e-12  5.70954e-12 -2.29612e-12 -9.60149e-13 -2.60734e-12  1.49021e-14 -7.01949e-21 -7.01832e-21 -7.03836e-21 -6.91528e-21 -6.91402e-21 -6.91551e-21 -6.91583e-21 -6.91583e-21 -1.02426e-20 -1.02322e-20 -1.02541e-20 -1.02471e-20  -1.0234e-20 -1.36755e-20 -1.36757e-20           16 -2.33295e-24  5.03397e-23  6.14482e-23  5.55348e-23  6.74374e-23  7.49608e-23   2.3158e-23            0  5.07891e-12
 6.58401e-15 -7.63794e-13 -3.81422e-13  3.33497e-13 -6.83261e-13   -6.491e-13  6.58684e-13 -7.87796e-13  2.25053e-13  1.96788e-13 -3.87379e-13 -6.04504e-13   -3.912e-13  1.40653e-12 -3.88702e-13 -5.70243e-13 -3.94501e-13   9.4775e-13  9.03916e-13  8.20582e-13  5.67782e-13 -4.03909e-14 -3.61562e-24 -3.31578e-24 -3.80528e-24 -1.90992e-23 -1.86585e-23 -1.89007e-23 -1.91459e-23 -1.91459e-23 -4.21559e-24 -2.76107e-24 -4.72197e-24 -4.45083e-24 -2.13182e-24 -2.75071e-24 -2.20838e-24 -2.33295e-24           16 -4.04494e-23 -3.71207e-23 -3.96326e-23 -3.34645e-23 -3.08115e-23 -1.04956e-23            0  4.01526e-13
 1.32121e-14 -1.23955e-12   -8.586e-13 -1.45594e-13 -1.16447e-12 -1.13276e-12  1.72999e-13 -1.26168e-12 -2.53007e-13 -2.84416e-13 -8.71507e-13 -1.09144e-12 -8.79398e-13  9.28348e-13 -8.74008e-13 -1.06679e-12  8.59123e-12  4.48964e-13   4.0915e-13  3.25293e-13  7.10558e-14  -3.3684e-14 -3.93783e-23 -3.90992e-23 -3.98031e-23  2.72613e-23  2.76496e-23  2.74239e-23  2.71706e-23  2.71706e-23  4.27089e-23  4.41463e-23  4.21615e-23  4.24392e-23   5.0095e-23  4.99486e-23  5.05118e-23  5.03397e-23 -4.04494e-23           16 -3.66715e-21 -3.66963e-21 -3.66351e-21 -3.66082e-21  4.77732e-24            0   8.9211e-13
 1.15215e-14  -1.2012e-12 -8.20133e-13 -1.06967e-13 -1.12567e-12 -1.09375e-12  2.12173e-13 -1.22349e-12 -2.14466e-13 -2.45614e-13 -8.32463e-13 -1.05216e-12 -8.40016e-13  9.66899e-13 -8.34865e-13 -1.02728e-12  8.63093e-12  6.14603e-13 -4.71966e-13  3.65431e-13  1.11146e-13 -3.53812e-14  -3.1698e-23 -3.14172e-23 -3.21033e-23  3.67684e-23   3.7161e-23   3.6934e-23  3.66813e-23  3.66813e-23  5.21692e-23   5.3608e-23  5.26564e-23  5.29335e-23  6.12402e-23  6.10546e-23   6.1616e-23  6.14482e-23 -3.71207e-23 -3.66715e-21           16  -3.6667e-21 -3.66058e-21 -3.65817e-21  5.96823e-24            0  8.50964e-13
 1.27167e-14  -1.2456e-12 -8.64675e-13  -1.5169e-13 -1.17059e-12 -1.13891e-12  1.66826e-13 -1.26772e-12 -2.59092e-13 -2.90537e-13 -8.77662e-13 -1.09762e-12   -8.856e-13  9.22262e-13 -8.80176e-13 -1.07301e-12  8.58495e-12  5.67951e-13  4.02954e-13  3.19009e-13  6.47557e-14 -3.41786e-14 -3.42893e-23 -3.40104e-23 -3.47168e-23  3.20707e-23  3.24584e-23  3.22329e-23  3.19795e-23  3.19795e-23  4.75248e-23   4.8962e-23  4.73506e-23  4.76283e-23   5.5285e-23  5.51441e-23  5.57075e-23  5.55348e-23 -3.96326e-23 -3.66963e-21  -3.6667e-21           16 -3.66306e-21    -3.66e-21  4.92915e-24            0  8.98501e-13
 1.16974e-14 -1.17821e-12 -7.97074e-13 -8.38185e-14 -1.10242e-12 -1.07039e-12  2.35634e-13 -1.20059e-12 -1.91366e-13 -2.22365e-13 -8.09076e-13 -1.02864e-12 -8.16436e-13  9.90005e-13 -8.11423e-13 -1.00362e-12  8.65471e-12  6.37931e-13   4.7393e-13  -9.9079e-13  1.35358e-13 -3.51922e-14 -2.73842e-23 -2.71024e-23 -2.77783e-23  4.47536e-23  4.51487e-23  4.49208e-23  4.46686e-23  4.46686e-23  6.01277e-23  6.15673e-23  5.93256e-23  5.96024e-23  6.72502e-23  6.70423e-23  6.76027e-23  6.74374e-23 -3.34645e-23 -3.66351e-21 -3.66058e-21 -3.66306e-21           16 -3.66008e-21  6.66126e-24            0  8.27276e-13
 1.51336e-14 -8.48896e-13 -1.20719e-12  1.90513e-13 -8.59301e-13 -8.63251e-13 -5.29967e-14 -8.46625e-13  1.00382e-13 -2.77202e-13 -1.12094e-12 -1.08396e-12 -8.71891e-13  9.35702e-13 -1.11143e-12 -1.05931e-12  8.59882e-12  4.56547e-13  5.46185e-13 -8.84669e-13  7.90671e-14 -3.63261e-14 -2.80609e-23 -2.80979e-23 -2.53013e-23  4.34859e-23  4.37904e-23  4.38198e-23  4.38054e-23  4.38054e-23  6.81999e-23  6.94422e-23  6.71396e-23   6.7417e-23  7.47249e-23  7.45687e-23  7.45962e-23  7.49608e-23 -3.08115e-23 -3.66082e-21 -3.65817e-21    -3.66e-21 -3.66008e-21           16  7.06519e-24            0  8.84121e-13
 1.96222e-15 -5.27283e-15 -8.38629e-15 -1.15038e-14 -1.70174e-14 -2.70434e-14 -2.83828e-14  1.90155e-14 -3.75944e-14 -7.23588e-14  -9.5476e-14 -1.04273e-13 -5.48594e-14  4.53054e-14 -1.98321e-14 -4.41607e-15  8.85021e-14  1.21707e-13  1.12163e-13   9.6136e-14  4.95061e-14 -4.86302e-15  2.08807e-23  2.11609e-23  1.74527e-23 -5.26314e-25 -1.22886e-25 -4.00835e-25 -4.51429e-25 -4.51429e-25  9.53223e-24  9.93992e-24  1.01409e-23  1.01532e-23  1.06989e-23  2.20176e-23  2.16573e-23   2.3158e-23 -1.04956e-23  4.77732e-24  5.96823e-24  4.92915e-24  6.66126e-24  7.06519e-24         2.25            0  4.44131e-13
           0            0            0            0            0            0            0            0            0            0            0            0            0            0            0            0            0            0            0            0            0            0            0            0            0            0            0            0            0            0            0            0            0            0            0            0            0            0            0            0            0            0            0            0            0            1            0
    0.726416   -0.0580961   -0.0603637   -0.0634221   -0.0668094   -0.0707234   -0.0739629    -0.055125   -0.0617703   -0.0667844    -0.071452   -0.0759352   -0.0779683   -0.0620105   -0.0733676   -0.0805593   -0.0847029    -0.087285   -0.0886462    -0.089552   -0.0920459     0.726512  1.92264e-12  1.88936e-12  1.54792e-12  3.43562e-12  3.35023e-12  3.37694e-12  3.36345e-12  3.36345e-12  4.33051e-12  4.30288e-12  4.25343e-12  4.26448e-12  4.37817e-12  5.12932e-12  5.16285e-12  5.07891e-12  4.01526e-13   8.9211e-13  8.50964e-13  8.98501e-13  8.27276e-13  8.84121e-13  4.44131e-13            0    0.0976247
* row and column names
in_inst:0_usecol:1_direct_idx0:18.75
in_inst:0_usecol:1_direct_idx0:21.25
in_inst:0_usecol:1_direct_idx0:23.75
in_inst:0_usecol:1_direct_idx0:26.25
in_inst:0_usecol:1_direct_idx0:28.75
in_inst:0_usecol:1_direct_idx0:31.25
in_inst:0_usecol:1_direct_idx0:33.75
in_inst:0_usecol:1_direct_idx0:36.25
in_inst:0_usecol:1_direct_idx0:38.75
in_inst:0_usecol:1_direct_idx0:41.25
in_inst:0_usecol:1_direct_idx0:43.75
in_inst:0_usecol:1_direct_idx0:46.25
in_inst:0_usecol:1_direct_idx0:48.75
in_inst:0_usecol:1_direct_idx0:51.25
in_inst:0_usecol:1_direct_idx0:53.75
in_inst:0_usecol:1_direct_idx0:56.25
in_inst:0_usecol:1_direct_idx0:58.75
in_inst:0_usecol:1_direct_idx0:61.25
in_inst:0_usecol:1_direct_idx0:63.75
in_inst:0_usecol:1_direct_idx0:66.25
in_inst:0_usecol:1_direct_idx0:68.75
in_inst:0_usecol:1_direct_idx0:71.25
out_inst:0_usecol:2_direct_idx0:18.75
out_inst:0_usecol:2_direct_idx0:21.25
out_inst:0_usecol:2_direct_idx0:23.75
out_inst:0_usecol:2_direct_idx0:26.25
out_inst:0_usecol:2_direct_idx0:28.75
out_inst:0_usecol:2_direct_idx0:31.25
out_inst:0_usecol:2_direct_idx0:33.75
out_inst:0_usecol:2_direct_idx0:36.25
out_inst:0_usecol:2_direct_idx0:38.75
out_inst:0_usecol:2_direct_idx0:41.25
out_inst:0_usecol:2_direct_idx0:43.75
out_inst:0_usecol:2_direct_idx0:46.25
out_inst:0_usecol:2_direct_idx0:48.75
out_inst:0_usecol:2_direct_idx0:51.25
out_inst:0_usecol:2_direct_idx0:53.75
out_inst:0_usecol:2_direct_idx0:56.25
out_inst:0_usecol:2_direct_idx0:58.75
out_inst:0_usecol:2_direct_idx0:61.25
out_inst:0_usecol:2_direct_idx0:63.75
out_inst:0_usecol:2_direct_idx0:66.25
out_inst:0_usecol:2_direct_idx0:68.75
out_inst:0_usecol:2_direct_idx0:71.25
p_inst:0_usecol:1_direct_idx0:diffusioncoefficient
p_inst:0_usecol:1_direct_idx0:dispersivity
tot_inst:0_usecol:1_direct
