   123   123     1
     12.7483     0.204037      0.19301     0.195517     0.195705     0.195818     0.195329     0.195216     0.190069     0.188339     0.184982     0.182979     0.183519     0.182867     0.184057     0.180884     0.178622     0.178738     0.178492     0.178769     0.176735     0.175076     0.175662     0.174453     0.171634     0.172818     0.172575     0.173275     0.172458     0.171927     0.172615     0.173609     0.172671     0.171091     0.174438     0.176417     0.175785     0.179052     0.179184     0.177279     0.177372     0.179392     0.177359     0.174879     0.175597     0.174773     0.174812     0.175848     0.178613     0.179517     0.180678     0.178816      0.17758     0.182984     0.186423     0.102618     0.185069    0.0622451     -3.29313     -3.25453      2.23614   -0.0589256   -0.0743447    -0.105079     -0.11813    -0.119809    -0.120329    -0.118383    -0.113576    -0.110594    -0.109735    -0.107851    -0.109433    -0.109352    -0.113155    -0.115803    -0.116021    -0.115783    -0.114705    -0.114883    -0.115035    -0.113327    -0.112149    -0.114481    -0.112015    -0.112005    -0.111025    -0.110748    -0.111693    -0.111068    -0.111348     -0.11095    -0.113057    -0.113545    -0.111608    -0.111977    -0.112642    -0.112155    -0.112805    -0.113434    -0.113116     -0.11313    -0.113653    -0.114497    -0.114388    -0.115407     -0.11618    -0.116807    -0.117647    -0.118446    -0.119508    -0.119501     -0.12384    -0.130972    -0.121847    -0.134291   -0.0988911     -0.85477     0.917136      2.31131 -5.09916e-07    0.0059859    0.0981597
    0.204037     0.414874     0.296012     0.329443     0.331013     0.334029     0.333006     0.333789     0.321602     0.320266     0.315292     0.310987     0.313385     0.311019     0.315512     0.310132     0.305186     0.305318     0.304286     0.305724     0.302818     0.298647     0.299048     0.300151     0.292527     0.295675     0.294574     0.295574     0.295306     0.293519     0.295123     0.295599      0.29508     0.292953     0.297346     0.300818     0.300816     0.305366     0.305709     0.302914     0.303213     0.306395     0.302701     0.298591     0.299613     0.297884     0.297674     0.299129     0.303833     0.305212     0.306737      0.30215     0.297252     0.304596     0.313778     0.151046     0.296827   -0.0148329     0.209663     0.203935    -0.124132     0.266195    0.0261858   0.00296691    0.0033755   0.00418389   0.00696401    0.0117268    0.0175047    0.0180573    0.0163801    0.0142957    0.0096563   0.00602111  0.000825692  -0.00174104 -0.000990219  0.000783814   0.00292061   0.00415648   0.00579842   0.00843455   0.00995648   0.00969919     0.011942    0.0132455    0.0146505    0.0151316    0.0147194    0.0150627    0.0148969     0.014427    0.0121994    0.0114657     0.013083    0.0126705    0.0118855    0.0129903    0.0112522   0.00959147    0.0101094   0.00987348   0.00899866   0.00785948   0.00738104   0.00566252   0.00383015   0.00229002  0.000395249  8.35703e-05  -0.00547083   -0.0145118   -0.0271877   -0.0437155   -0.0602827   -0.0519974   -0.0386731    0.0242259   -0.0738173    -0.130413  8.14255e-08    0.0238841  -0.00430861
     0.19301     0.296012     0.379851     0.306993     0.321478     0.327908     0.326377     0.330416     0.310272     0.310752     0.306058     0.298778     0.305566     0.298009     0.309802     0.305637     0.298381     0.298659     0.295263     0.299222     0.298919     0.290832     0.287779     0.299599     0.283666     0.290431     0.286916     0.286607     0.290714     0.285955     0.289401     0.284673     0.289484     0.290593     0.288237     0.292723     0.298105     0.295306     0.297987     0.297989     0.297061     0.297825      0.29501     0.293084     0.291601     0.290805     0.290599     0.291522     0.297374     0.296122     0.297078      0.29235     0.285258     0.291256     0.302197    0.0453034     0.268483   -0.0176229     0.197044     0.193028    -0.125776    -0.159654   -0.0198771   -0.0105621  -0.00980836  -0.00636657    0.0023158    0.0195256     0.038741     0.046184    0.0452925    0.0414458    0.0325536    0.0250871    0.0163934     0.010587   0.00932432    0.0100937     0.011933    0.0133156    0.0150469    0.0178055    0.0195885    0.0188295    0.0208903    0.0221657    0.0235045    0.0240148    0.0234947    0.0237942    0.0236366     0.022976    0.0204159    0.0194568    0.0209552    0.0206535    0.0197544    0.0194697    0.0176534    0.0156123    0.0161498    0.0151281     0.014605    0.0130497    0.0125093    0.0107485   0.00889565   0.00757886   0.00594024   0.00566203 -0.000600882  -0.00966163   -0.0232483   -0.0400621   -0.0627213   -0.0372161   -0.0250617    0.0155107    -0.077344    -0.131082  4.04219e-08    0.0793684   -0.0119447
    0.195517     0.329443     0.306993     0.367256     0.320769     0.323177     0.323097     0.321758     0.316519     0.312973     0.307295     0.304147     0.303479     0.303791     0.303971     0.298145     0.294645     0.294682     0.294974     0.294991     0.290822     0.288956     0.291195      0.28647     0.283678     0.284726     0.284978     0.286631     0.284007     0.283912     0.284443     0.287705       0.2843     0.280541     0.288412     0.291145     0.288228     0.296589     0.295596     0.291411     0.292406     0.296754     0.292708     0.287589      0.28996     0.287764     0.287559     0.289232     0.293083     0.295858      0.29752     0.293101     0.289519      0.29721     0.304972     0.199763     0.297483   -0.0138322     0.202335     0.195329     -0.11849      0.27921     0.379551   -0.0522518   -0.0448994     -0.04622   -0.0464466   -0.0454907   -0.0352276   -0.0252134   -0.0157543  -0.00807217  -0.00439293  -0.00247921  -0.00370631  -0.00343899  -0.00119116    0.0012543   0.00353814   0.00471519   0.00632219   0.00880257    0.0101242    0.0102813    0.0124956     0.013811    0.0151971    0.0156466    0.0153458    0.0156807    0.0155254    0.0151434     0.013218    0.0126373     0.014225    0.0137758     0.013091    0.0149422    0.0132839    0.0118714    0.0123608    0.0125608    0.0115217    0.0106599    0.0102119    0.0085737   0.00679918   0.00517605   0.00319329   0.00289891   -0.0021993   -0.0112605   -0.0232689   -0.0392043   -0.0530713   -0.0543766   -0.0437943      0.03425   -0.0631967    -0.125027  4.28602e-08  -0.00705899  -0.00614678
    0.195705     0.331013     0.321478     0.320769     0.348062     0.319896     0.324552     0.324176      0.31766     0.314563     0.308971     0.305367     0.305328     0.304904     0.306117     0.300406     0.296542     0.296595     0.296551     0.296925     0.293088     0.290647     0.292414     0.289168      0.28517     0.286741     0.286652     0.288133     0.286106     0.285588     0.286387     0.288938     0.286256     0.282926     0.289915     0.292815     0.290636     0.298035     0.297361     0.293534     0.294368     0.298412     0.294449     0.289591     0.291631     0.289544     0.289338     0.290952     0.295003     0.297432     0.299022     0.294533       0.2906     0.298173     0.306251     0.186504     0.296286   -0.0141405     0.202229     0.195539    -0.119087    0.0930953      0.11399     0.195091    -0.030895   -0.0362348   -0.0380224   -0.0369567   -0.0272946   -0.0181359  -0.00966154  -0.00280328  7.08646e-05   0.00139019 -0.000304285 -0.000446143     0.001561   0.00389919   0.00616094   0.00737694   0.00902032    0.0115342    0.0128991     0.013012    0.0152049    0.0165347    0.0179203    0.0183772    0.0180669    0.0183933    0.0182401    0.0178208    0.0158428    0.0152262    0.0167979    0.0163621    0.0156585    0.0173261    0.0156402    0.0141605    0.0146559    0.0147448    0.0137478    0.0128215    0.0123567    0.0106997   0.00890533   0.00729858   0.00533441   0.00504642 -0.000208232  -0.00940351    -0.021676   -0.0377332   -0.0527113    -0.051822    -0.041746    0.0345608   -0.0625836    -0.125499  4.89019e-08  0.000788974   -0.0070334
    0.195818     0.334029     0.327908     0.323177     0.319896     0.347118     0.319495     0.326778     0.315987     0.314454     0.309319     0.304225     0.306569     0.303502      0.30851     0.303353     0.298238     0.298358     0.297076     0.298745     0.296192     0.291692     0.291688     0.293921     0.285577     0.289038     0.287699     0.288521     0.288722     0.286661     0.288427     0.288325      0.28836     0.286654      0.29026     0.293738     0.294319     0.298018     0.298559     0.296122     0.296319     0.299175     0.295617     0.291817     0.292575     0.290955     0.290748     0.292115      0.29684     0.297927     0.299296     0.294714     0.289619     0.296645     0.305804     0.135502     0.287142   -0.0153641     0.201402     0.195722     -0.12186    0.0336907    0.0257808    0.0503764    0.0649897  -0.00873593   -0.0148469   -0.0124113  -0.00310592   0.00345804    0.0077811    0.0107591   0.00977094   0.00838033   0.00453695   0.00260851   0.00358098   0.00542122   0.00756423   0.00885508    0.0105383    0.0131538    0.0146815    0.0144746    0.0166345    0.0179454    0.0193186    0.0197965    0.0194062    0.0197264    0.0195702    0.0190654    0.0168666    0.0161228    0.0176844    0.0172995    0.0165219    0.0174861    0.0157528    0.0140677      0.01458    0.0142634    0.0134403    0.0122849     0.011794    0.0100959   0.00827804   0.00677603   0.00493068   0.00464497 -0.000976883   -0.0101057   -0.0228578    -0.039215   -0.0569184   -0.0469857    -0.035835    0.0270586    -0.068742    -0.127888   4.8226e-08    0.0295693  -0.00819978
    0.195329     0.333006     0.326377     0.323097     0.324552     0.319495     0.351612     0.317648     0.316043     0.314253     0.309499      0.30449     0.306083      0.30335     0.307556     0.302354      0.29748     0.297556     0.296454     0.297862     0.295111     0.290989     0.291236     0.292521      0.28498     0.288089     0.286966      0.28787     0.287683     0.285903     0.287497     0.287829     0.287379     0.285443     0.289631     0.292974     0.293102     0.297427     0.297733     0.295075     0.295398     0.298439     0.294806     0.290841     0.291816     0.290115      0.28991     0.291315     0.295921     0.297226     0.298618     0.294054     0.289152     0.296252     0.305225     0.143311     0.287986   -0.0151913     0.201075      0.19522    -0.121271    0.0343164    0.0284722    0.0538798    0.0661017    0.0678952   -0.0152691   -0.0225506   -0.0172666  -0.00978345   -0.0028604   0.00277427   0.00419759   0.00459142   0.00205128     0.001035   0.00251403   0.00459889   0.00683718   0.00816022   0.00986671    0.0124812    0.0139968    0.0138709    0.0160473    0.0173637    0.0187392    0.0192143    0.0188404    0.0191632    0.0190076    0.0185193    0.0163616    0.0156395    0.0172239    0.0168403    0.0160764    0.0171778    0.0154594     0.013815    0.0143244     0.014076     0.013232     0.012126     0.011642   0.00995418   0.00814378   0.00662919   0.00477421   0.00449276  -0.00105597   -0.0101686   -0.0228141    -0.039099   -0.0563191   -0.0477644   -0.0367728    0.0281612   -0.0677304    -0.127353  4.88899e-08    0.0249304  -0.00781523
    0.195216     0.333789     0.330416     0.321758     0.324176     0.326778     0.317648     0.362789     0.299463     0.311537     0.308626      0.30329     0.306629     0.301326     0.308698     0.304095     0.298186     0.298287     0.296036     0.298532      0.29696     0.291042     0.289629      0.29577      0.28446     0.289205     0.286972     0.287242     0.289029     0.285902     0.288347     0.286286     0.288225     0.287809     0.288983     0.292789     0.295405     0.296417     0.297769     0.296378     0.296153     0.298108     0.294832     0.291837     0.291662      0.29038     0.290178     0.291356     0.296558     0.296643     0.297829     0.293201     0.287269     0.293854     0.303796    0.0966216     0.278758   -0.0163405      0.20014     0.195167    -0.123871    0.0352919    0.0201417    0.0378026     0.045361    0.0503062    0.0557771  0.000221653   -0.0068304  -0.00365514   0.00201592   0.00719215   0.00728869   0.00667953   0.00313343   0.00110111   0.00198311   0.00379185   0.00601962   0.00747047   0.00925205    0.0119871    0.0136771    0.0132827    0.0154587    0.0167529     0.018119    0.0186138    0.0181651    0.0184893    0.0183292    0.0177751    0.0154175    0.0145812    0.0162004    0.0158768    0.0150463     0.015546    0.0138012    0.0119861    0.0125109    0.0119003    0.0112256   0.00993063   0.00943164   0.00771336   0.00589137   0.00448201   0.00275327   0.00247693  -0.00335987   -0.0122994   -0.0252804   -0.0418044   -0.0612271   -0.0442226   -0.0317221    0.0198799   -0.0747421    -0.129617  4.26349e-08    0.0509874  -0.00825267
    0.190069     0.321602     0.310272     0.316519      0.31766     0.315987     0.316043     0.299463     0.446097     0.268423     0.298532     0.302871     0.299895     0.299975     0.296954     0.291473     0.288867     0.288631     0.289101     0.288179     0.283728     0.282938     0.285345     0.278287      0.27788     0.277863     0.278647     0.280236     0.276648     0.277354      0.27743     0.281556      0.27683     0.272922     0.282192     0.284313     0.280483     0.290262     0.288484     0.283919     0.285352     0.289996     0.285718     0.280336      0.28321     0.280812     0.280624      0.28235     0.285891     0.289087     0.290671     0.286296     0.283117     0.290823     0.298117     0.210477     0.293425   -0.0134194     0.197107      0.18986    -0.114987      0.04621     0.059758     0.105834     0.126991     0.133201      0.14195      0.14781   -0.0858181    -0.104717   -0.0878217   -0.0608713    -0.040142   -0.0259226   -0.0184491   -0.0124187  -0.00699944  -0.00297712  3.91279e-05   0.00166218   0.00360117   0.00621304   0.00763085   0.00823845    0.0105524    0.0119092    0.0132957    0.0137427     0.013517    0.0138616    0.0137122    0.0133729    0.0115944     0.011067    0.0128546    0.0124924    0.0118544    0.0141607    0.0125918     0.011319    0.0118007    0.0121503    0.0111351    0.0104768    0.0100574   0.00847465   0.00674512   0.00513514   0.00321699   0.00297792  -0.00187895   -0.0107586   -0.0223575     -0.03785    -0.050651   -0.0542033   -0.0445753    0.0374501    -0.058328    -0.121487  5.92142e-08   -0.0156918   -0.0044829
    0.188339     0.320266     0.310752     0.312973     0.314563     0.314454     0.314253     0.311537     0.268423     0.477815     0.233608     0.292691     0.297027     0.297375     0.295854     0.290724     0.287748     0.287561     0.287395      0.28696     0.283165      0.28147     0.282879     0.278344     0.276091     0.276873     0.277071     0.278267     0.275701     0.275737     0.276246     0.279069     0.275554     0.272552      0.28024      0.28252     0.280041     0.288059     0.286766     0.282909     0.284093     0.288123     0.284021     0.279188     0.281455     0.279274     0.279091     0.280686     0.284525     0.287056      0.28849      0.28408     0.280345     0.287727     0.295508     0.183622     0.286569   -0.0140383     0.194912     0.188163    -0.115611    0.0295907    0.0324267    0.0614113    0.0743243    0.0796805    0.0899532     0.103548     0.106686   -0.0462879   -0.0660488   -0.0492635   -0.0334637   -0.0222255   -0.0167571   -0.0120767  -0.00730955  -0.00350911 -0.000466821   0.00132252   0.00340456   0.00613094   0.00768176    0.0082336    0.0105588    0.0119139    0.0132925    0.0137506    0.0134983    0.0138426    0.0136929    0.0133178    0.0114523    0.0108663    0.0127062    0.0123988    0.0117312    0.0137572    0.0121882    0.0108373    0.0113262    0.0114828    0.0105761   0.00984284    0.0094176   0.00782825   0.00609999   0.00455675   0.00272868   0.00250677  -0.00248731   -0.0112571   -0.0230001   -0.0385365   -0.0525824   -0.0514587   -0.0414033    0.0337163   -0.0607778    -0.121878  5.53063e-08  -0.00139752  -0.00546085
    0.184982     0.315292     0.306058     0.307295     0.308971     0.309319     0.309499     0.308626     0.298532     0.233608     0.543448     0.207713       0.2846     0.291868     0.291418     0.286592     0.283801     0.283582     0.283354     0.282684     0.279021     0.277497      0.27858     0.273874     0.272081     0.272639     0.272877     0.273883     0.271246     0.271417     0.271867     0.274605     0.270918     0.268199     0.275945     0.277982     0.275586     0.283599     0.282114     0.278353      0.27965     0.283581     0.279443     0.274704     0.276975     0.274785     0.274613     0.276181     0.279977      0.28245     0.283792     0.279406     0.275666     0.282918     0.290651     0.178245      0.28148   -0.0140209     0.191465     0.184809    -0.114039    0.0183078    0.0170303     0.037118    0.0461916    0.0504992    0.0600312    0.0778239     0.123029     0.143479   -0.0514854    -0.052173   -0.0386046   -0.0261454   -0.0199445   -0.0149338   -0.0100344  -0.00613249  -0.00297253 -0.000988107   0.00129849   0.00414136   0.00580307   0.00655699   0.00894237    0.0103122    0.0116865    0.0121468     0.011918    0.0122687     0.012121    0.0117572   0.00992975   0.00934801    0.0113097    0.0110672    0.0104113    0.0125498    0.0110306   0.00972212    0.0102094    0.0103649   0.00951433   0.00885311   0.00844272   0.00688151   0.00518103   0.00367497   0.00191952   0.00173061  -0.00317697   -0.0117639   -0.0233131   -0.0386187   -0.0524971   -0.0506058   -0.0406122    0.0331429   -0.0599001    -0.120195  5.44219e-08 -8.67847e-05   -0.0056186
    0.182979     0.310987     0.298778     0.304147     0.305367     0.304225      0.30449      0.30329     0.302871     0.292691     0.207713     0.590979     0.189996     0.282304     0.285404     0.282607     0.281397     0.280801     0.281483     0.279203     0.274567     0.275212     0.277312      0.26722     0.270184      0.26863     0.270067     0.271338     0.266489     0.268314     0.267792     0.272828     0.266275     0.262563     0.273651     0.274753     0.269962     0.281491     0.278511     0.273591     0.275706      0.28061     0.275948     0.270324     0.273813     0.271138     0.270982     0.272756     0.275949     0.279577     0.280979     0.276631     0.273854     0.281519     0.288349     0.218184     0.286428   -0.0128657     0.190106     0.182755     -0.11026    0.0049343   0.00812299    0.0258873    0.0351296    0.0375626     0.041634    0.0488686    0.0906369     0.144206      0.18545   -0.0448286    -0.049413   -0.0372765   -0.0296513   -0.0225944   -0.0164229   -0.0117938  -0.00826074  -0.00597128  -0.00331638 -0.000307662   0.00144103   0.00289703   0.00546614   0.00691296   0.00831593   0.00877049   0.00865808   0.00903054   0.00888766   0.00861176   0.00702603   0.00655661   0.00878953   0.00861992     0.008042    0.0110704   0.00965813   0.00859003   0.00906773   0.00959056   0.00867287   0.00834303   0.00797414   0.00647355   0.00481292   0.00325248   0.00149288   0.00136289  -0.00314627   -0.0116373   -0.0226213   -0.0374601   -0.0488403   -0.0538746   -0.0448992    0.0401233   -0.0528709    -0.116643  6.03674e-08    -0.023643  -0.00485175
    0.183519     0.313385     0.305566     0.303479     0.305328     0.306569     0.306083     0.306629     0.299895     0.297027       0.2846     0.189996     0.584109     0.185603     0.277816     0.283538     0.283342     0.282877     0.281993     0.281307     0.278357     0.276583     0.276389     0.272844     0.270668      0.27132     0.271247     0.271653     0.269474     0.269473      0.27011     0.271901     0.268572     0.266925     0.273956     0.275686      0.27427     0.281333      0.27976     0.276547     0.277931     0.281372     0.277174      0.27285     0.274786     0.272669     0.272516     0.273988     0.278007     0.279989     0.281109      0.27665      0.27245     0.279444     0.287623     0.155284     0.275038   -0.0143477     0.189474      0.18338    -0.113805   0.00677911  -0.00265708   0.00564545     0.010102    0.0126017     0.017643    0.0268869    0.0559343    0.0916568     0.131712     0.151847   0.00924904  -0.00348811   -0.0123633   -0.0142527   -0.0128983   -0.0107042  -0.00814963   -0.0061195  -0.00349367 -0.000332714    0.0016806   0.00284537   0.00543504    0.0068701    0.0082662   0.00874954   0.00853995    0.0089128   0.00876461   0.00839389   0.00653709   0.00591096    0.0081973   0.00811235    0.0074437   0.00966819   0.00821468   0.00690977   0.00740975   0.00744036   0.00675213   0.00616658   0.00577378   0.00422709   0.00254369   0.00112078 -0.000471526 -0.000590664  -0.00551534   -0.0138323   -0.0253319   -0.0405167   -0.0550188   -0.0486707     -0.03786    0.0297439   -0.0615996    -0.119726  5.06815e-08    0.0118532  -0.00632459
    0.182867     0.311019     0.298009     0.303791     0.304904     0.303502      0.30335     0.301326     0.299975     0.297375     0.291868     0.282304     0.185603     0.588064     0.181862      0.26819     0.279562     0.281414     0.282184     0.279242     0.274616     0.276213     0.278307     0.266321     0.271098     0.268666     0.270481     0.271646     0.266015     0.268475     0.267617     0.273294     0.265637      0.26188     0.274174     0.274785     0.269328     0.282051     0.278397     0.273161     0.275665     0.280829     0.275889     0.270008     0.273905     0.271033      0.27089     0.272727     0.275778     0.279734     0.281084     0.276683     0.274108     0.281908      0.28858      0.22788     0.288363    -0.012571     0.190098     0.182635    -0.109263   -0.0058601  -0.00417683   0.00769792    0.0151616    0.0160713     0.016036     0.014313    0.0272365    0.0501425     0.085553     0.121432     0.140272    0.0144553  -0.00950172    -0.014817   -0.0138716    -0.012191   -0.0102092  -0.00869506   -0.0062347  -0.00319105  -0.00129777  0.000672486     0.003428   0.00496057   0.00639814   0.00686351     0.006809   0.00719903   0.00705774   0.00680986   0.00530554   0.00486295   0.00733935   0.00725722    0.0067036    0.0101556   0.00879873   0.00782122   0.00830325   0.00893565   0.00804261   0.00787537   0.00752496   0.00604291   0.00439043   0.00282455   0.00110838   0.00102986  -0.00336587    -0.011817   -0.0226585   -0.0373659   -0.0481212   -0.0544934   -0.0458109    0.0427152     -0.05024    -0.115689  6.14786e-08   -0.0291473  -0.00550276
    0.184057     0.315512     0.309802     0.303971     0.306117      0.30851     0.307556     0.308698     0.296954     0.295854     0.291418     0.285404     0.277816     0.181862      0.57474     0.161186     0.266572      0.28019     0.281491     0.282336     0.280318     0.277139     0.276386     0.276985     0.271005      0.27326     0.272233     0.272487     0.272025     0.270731     0.272119     0.272186     0.271114     0.270137     0.274555     0.277058     0.277437      0.28178     0.281415     0.279075     0.279791     0.282499     0.278746     0.275097     0.276097     0.274366     0.274199      0.27551     0.279961     0.281073      0.28216     0.277696     0.272803     0.279459     0.288251     0.125333      0.27036   -0.0150458      0.18947      0.18396    -0.115784    0.0064168  -0.00957745  -0.00661096  -0.00463678  -0.00235057   0.00231436    0.0104973    0.0244206     0.034805    0.0444582    0.0534496    0.0566557    0.0488823    0.0580766    0.0211091   0.00877453   0.00341774   0.00178623   0.00117541    0.0021742   0.00468218   0.00646474   0.00713031   0.00956853    0.0109655    0.0123372    0.0128226    0.0125246    0.0128711    0.0127213    0.0122783    0.0102513   0.00954557    0.0115536    0.0113928    0.0106697    0.0121624    0.0106217    0.0091306   0.00963325   0.00938589   0.00873519   0.00788072   0.00745169   0.00586433   0.00415501   0.00277194   0.00117108   0.00100091  -0.00422238   -0.0126464   -0.0245655    -0.040022   -0.0564723   -0.0453346   -0.0342298    0.0253978   -0.0654233    -0.121492  4.60328e-08    0.0291037  -0.00764236
    0.180884     0.310132     0.305637     0.298145     0.300406     0.303353     0.302354     0.304095     0.291473     0.290724     0.286592     0.282607     0.283538      0.26819     0.161186     0.685512     0.115391     0.259952     0.274232     0.277543     0.276105     0.273178     0.271581      0.27272     0.267182     0.269146     0.267949     0.267585     0.267245     0.266039     0.267458       0.2669     0.265763     0.265756     0.269916     0.271933     0.272956     0.276822     0.276136     0.274206     0.275132     0.277459     0.273593      0.27027     0.271101     0.269386     0.269243     0.270476     0.275029     0.275799     0.276661     0.272167     0.266989     0.273388     0.282441     0.106721     0.262276   -0.0152388     0.185891     0.180809     -0.11456   0.00848684  -0.00989626  -0.00830896  -0.00722511  -0.00478667   0.00058111    0.0106804    0.0280644    0.0426071    0.0577229    0.0736974    0.0880876    0.0983238     0.087928    0.0310318    0.0109189   0.00276267 -0.000807116  -0.00302951  -0.00316968  -0.00111835  0.000653773    0.0016561   0.00428302   0.00575372   0.00715171   0.00766229   0.00740321   0.00777852   0.00762855   0.00720094   0.00518747   0.00445726   0.00684077   0.00685564   0.00613444   0.00784544   0.00640301   0.00496562   0.00547697   0.00515934   0.00467185   0.00395347   0.00355553   0.00200365    0.0003323 -0.000961385   -0.0023806  -0.00247125  -0.00760225   -0.0156269   -0.0272934   -0.0424743   -0.0589629   -0.0441804   -0.0321412    0.0218312   -0.0668317    -0.120047   4.2946e-08    0.0376264  -0.00742947
    0.178622     0.305186     0.298381     0.294645     0.296542     0.298238      0.29748     0.298186     0.288867     0.287748     0.283801     0.281397     0.283342     0.279562     0.266572     0.115391     0.767133    0.0978848     0.255413     0.270675     0.271435     0.271298     0.269984      0.26532     0.266067     0.265254     0.265311     0.264596     0.261675     0.262538     0.262832     0.264401     0.259694     0.259494     0.267525     0.267936     0.266746     0.274457     0.271607     0.268659     0.270818     0.273974     0.269278     0.265156     0.267305     0.264984     0.264884     0.266309     0.270325     0.272156     0.272872     0.268304     0.263896     0.270654     0.279059      0.13784     0.264929   -0.0143622     0.184101     0.178508    -0.110993   0.00407432  -0.00864279  -0.00462578  -0.00192912 -0.000102521   0.00326867   0.00920791     0.023608    0.0390654    0.0594718    0.0832854     0.108554     0.130828     0.150124     0.154106   0.00851519  -0.00276581  -0.00773547   -0.0117647   -0.0131956   -0.0118349   -0.0102727  -0.00840345  -0.00542149  -0.00378736  -0.00230689    -0.001765  -0.00184038  -0.00139893  -0.00154593  -0.00185846  -0.00360458  -0.00423853  -0.00108501 -0.000797664  -0.00143645   0.00161775  0.000379664 -0.000737834 -0.000218832  -0.00016983 -0.000577835 -0.000765542  -0.00108815  -0.00255991  -0.00417595  -0.00546764  -0.00672984   -0.0066677   -0.0113189   -0.0189649   -0.0299093   -0.0445389   -0.0583549   -0.0478615   -0.0358311    0.0269473   -0.0611749    -0.116635  4.74045e-08     0.018661  -0.00652233
    0.178738     0.305318     0.298659     0.294682     0.296595     0.298358     0.297556     0.298287     0.288631     0.287561     0.283582     0.280801     0.282877     0.281414      0.28019     0.259952    0.0978848      0.76616    0.0972484     0.253573     0.268241     0.271369     0.269875     0.265025     0.266621     0.265658     0.265765       0.2648     0.261672     0.262695     0.262911     0.264463     0.259449     0.259516     0.267806     0.267963     0.266792     0.274694     0.271575     0.268653     0.270977     0.274104     0.269283     0.265169      0.26738     0.265003     0.264914     0.266339     0.270372     0.272194     0.272838     0.268225      0.26376     0.270515     0.279004     0.135617     0.264558   -0.0144068     0.184147     0.178629    -0.110993   0.00446158  -0.00860548  -0.00472195  -0.00211185 -0.000271649   0.00307624   0.00878338     0.021226    0.0333696    0.0490325    0.0676571    0.0875119     0.105763     0.124764     0.141599     0.149178    0.0125104   0.00152409  -0.00772471   -0.0120316   -0.0121264   -0.0114173   -0.0102192  -0.00741972  -0.00582777  -0.00434425  -0.00378583  -0.00381949  -0.00335855  -0.00350485  -0.00380714  -0.00554036  -0.00617866  -0.00284147  -0.00248122  -0.00311711  0.000117449  -0.00108558  -0.00217176  -0.00164645  -0.00159104  -0.00194848  -0.00205928  -0.00237009  -0.00383507  -0.00544676  -0.00672088  -0.00792716  -0.00782972   -0.0124509   -0.0200104   -0.0309041    -0.045499   -0.0592374   -0.0479683   -0.0356462    0.0266357    -0.061324    -0.116612  4.70156e-08    0.0198835  -0.00663981
    0.178492     0.304286     0.295263     0.294974     0.296551     0.297076     0.296454     0.296036     0.289101     0.287395     0.283354     0.281483     0.281993     0.282184     0.281491     0.274232     0.255413    0.0972484     0.759164     0.095187     0.247988     0.267702     0.270291     0.261528      0.26674     0.264567      0.26568     0.264992     0.260161     0.262338     0.261819     0.265173     0.258061     0.257214     0.268029     0.267598     0.264548     0.275141      0.27098     0.267121      0.27001     0.273934     0.268735     0.263896     0.267036     0.264294     0.264211     0.265807     0.269394     0.272134     0.272867     0.268269     0.264545     0.271676     0.279487      0.16891     0.270721    -0.013606     0.184486     0.178341    -0.108934 -0.000104771  -0.00767699  -0.00129364   0.00299217   0.00428463   0.00569641   0.00698175    0.0137473    0.0215887    0.0338517    0.0491661    0.0661014    0.0818783    0.0985664     0.115953     0.130333      0.13573    0.0226719   0.00124058   -0.0085164      -0.0104   -0.0110665   -0.0110418  -0.00870333  -0.00727169  -0.00582059  -0.00527106  -0.00519975  -0.00471942  -0.00486025  -0.00510235  -0.00666948  -0.00722391  -0.00374832  -0.00336755  -0.00394932 -9.46561e-05   -0.0012438  -0.00216946   -0.0016507    -0.001313  -0.00175292  -0.00164879   -0.0019367  -0.00337023  -0.00496676  -0.00630328  -0.00755309  -0.00742768   -0.0117953   -0.0193952   -0.0299709   -0.0443409   -0.0563126   -0.0507581   -0.0393355    0.0325641    -0.056147    -0.114786  5.15372e-08   0.00109024  -0.00627516
    0.178769     0.305724     0.299222     0.294991     0.296925     0.298745     0.297862     0.298532     0.288179      0.28696     0.282684     0.279203     0.281307     0.279242     0.282336     0.277543     0.270675     0.253573     0.095187      0.75236    0.0769378     0.245756      0.26467     0.265552     0.264011     0.265255     0.265188      0.26498     0.262991     0.262775     0.263461     0.264475     0.261415     0.260687     0.267099     0.268502     0.267867     0.274111     0.272438     0.269713     0.271174     0.274166     0.269975     0.266056     0.267713      0.26568     0.265548     0.266917     0.271031     0.272596     0.273507     0.269067     0.264585     0.271243     0.279619     0.134138     0.264599    -0.014273     0.184158     0.178662    -0.111207   0.00463559  -0.00880259  -0.00506474  -0.00252344 -0.000651996   0.00264593   0.00780601    0.0161242    0.0209524    0.0253039    0.0302493    0.0342672    0.0386745    0.0430253    0.0494713    0.0571954    0.0635986    0.0631507    0.0380199    0.0141874   0.00955599   0.00644318   0.00240975    0.0032008   0.00399119   0.00520921   0.00569706   0.00560152   0.00600944   0.00587205   0.00550507   0.00366565   0.00301604   0.00554782   0.00560334   0.00493988   0.00722846   0.00586194   0.00459282   0.00509388   0.00502995   0.00449153   0.00399408   0.00362438   0.00212152  0.000485409 -0.000841762   -0.0022645  -0.00231836  -0.00715341   -0.0150904   -0.0263181   -0.0410872   -0.0557881   -0.0460319    -0.034844    0.0267715   -0.0613188    -0.116815  4.65263e-08    0.0210283  -0.00712499
    0.176735     0.302818     0.298919     0.290822     0.293088     0.296192     0.295111      0.29696     0.283728     0.283165     0.279021     0.274567     0.278357     0.274616     0.280318     0.276105     0.271435     0.268241     0.247988    0.0769378      0.83394    0.0475874     0.239884     0.260891     0.260265     0.262751     0.262299     0.261709     0.261066     0.259987     0.261148     0.260361     0.258768     0.259395     0.263792     0.265279     0.266474     0.270421     0.269277     0.267525     0.268725     0.270868     0.266869     0.263706     0.264567      0.26281     0.262691      0.26388     0.268395     0.269049     0.269734     0.265257     0.260028     0.266232     0.275292    0.0966811     0.254501    -0.014995     0.181408     0.176676    -0.111849   0.00969829  -0.00936704  -0.00822043  -0.00745897  -0.00501016  0.000303171   0.00992823    0.0229262    0.0299562    0.0341495    0.0378658    0.0395741    0.0417835    0.0442838     0.049284    0.0562399    0.0631783    0.0683847    0.0617356    0.0256716    0.0176079    0.0114573    0.0025408   0.00183166   0.00182267   0.00279454   0.00322532   0.00311108   0.00353515   0.00340122   0.00299577   0.00104707  0.000318596    0.0030201   0.00318717   0.00248577   0.00447986   0.00314278   0.00179385   0.00230613   0.00198639   0.00162396   0.00106672   0.00070171 -0.000799683  -0.00242116  -0.00364031  -0.00490303     -0.00492  -0.00987925   -0.0175153   -0.0288072   -0.0435503   -0.0595971   -0.0430934   -0.0306404    0.0200902   -0.0659381     -0.11713  4.13455e-08    0.0408076  -0.00743132
    0.175076     0.298647     0.290832     0.288956     0.290647     0.291692     0.290989     0.291042     0.282938      0.28147     0.277497     0.275212     0.276583     0.276213     0.277139     0.273178     0.271298     0.271369     0.267702     0.245756    0.0475874     0.878353     0.047401     0.229373      0.25877     0.259114     0.261417     0.260321     0.255035     0.258027     0.256994     0.259933      0.25133     0.252051     0.263924     0.262116     0.259371     0.270633     0.265118     0.261548     0.265266     0.268887     0.263122     0.258484     0.261837     0.258867     0.258839     0.260394     0.264036       0.2666     0.266904     0.262142     0.258119     0.265055     0.273224     0.150428     0.262434   -0.0139317     0.180667     0.174948    -0.107531   0.00222625  -0.00751972  -0.00219831   0.00131488   0.00285366   0.00513043   0.00824891    0.0163776    0.0238696    0.0336796      0.04504    0.0565811    0.0669911    0.0784904    0.0917491      0.10426     0.114923     0.123069     0.128801     0.125144     0.011405  0.000210254   -0.0161215    -0.017254   -0.0180132   -0.0172041   -0.0168622   -0.0167079   -0.0161535   -0.0162836   -0.0164847   -0.0179512   -0.0185222    -0.014081   -0.0132983   -0.0138582  -0.00910681   -0.0100416   -0.0107856   -0.0102401  -0.00989297   -0.0100356   -0.0095178  -0.00973395   -0.0111058   -0.0126488    -0.013857   -0.0147672   -0.0144503   -0.0185858    -0.025538   -0.0356485   -0.0496255   -0.0610604   -0.0506373   -0.0376241     0.029244   -0.0571652    -0.113156  4.83633e-08    0.0092884  -0.00629831
    0.175662     0.299048     0.287779     0.291195     0.292414     0.291688     0.291236     0.289629     0.285345     0.282879      0.27858     0.277312     0.276389     0.278307     0.276386     0.271581     0.269984     0.269875     0.270291      0.26467     0.239884     0.047401      0.83432    0.0285653     0.235268     0.254582     0.260346     0.261094     0.255416     0.258778     0.257441     0.262333     0.253331     0.251433     0.264423      0.26356     0.258717      0.27169     0.266709     0.261976     0.265294     0.269954     0.264519     0.259037      0.26301     0.259975     0.259895     0.261636     0.264729     0.268332     0.269176     0.264676     0.261752     0.269153     0.276152     0.200127     0.273193   -0.0126289     0.182184     0.175469    -0.105428  -0.00482614  -0.00679434   0.00196233   0.00785631   0.00859078   0.00805357   0.00480341   0.00496629   0.00675618    0.0124831    0.0200315    0.0278987    0.0348386     0.041556     0.050075    0.0586876    0.0661614    0.0720489    0.0769568    0.0807211    0.0825112    0.0374164  -0.00201228  -0.00317931  -0.00543414  -0.00511449  -0.00508365  -0.00525944  -0.00484661   -0.0049796  -0.00520065  -0.00655889   -0.0070131  -0.00354085  -0.00317927  -0.00370126  0.000614866 -0.000484506  -0.00125766 -0.000755538 -0.000150872 -0.000691082 -0.000418231 -0.000686467  -0.00207349  -0.00363628  -0.00502479  -0.00632899  -0.00619549   -0.0102752   -0.0178637   -0.0280186   -0.0419937   -0.0521478   -0.0526366   -0.0424571    0.0382031   -0.0501097    -0.111437   5.4194e-08   -0.0178457  -0.00594553
    0.174453     0.300151     0.299599      0.28647     0.289168     0.293921     0.292521      0.29577     0.278287     0.278344     0.273874      0.26722     0.272844     0.266321     0.276985      0.27272      0.26532     0.265025     0.261528     0.265552     0.260891     0.229373    0.0285653     0.919207  -0.00838282     0.230297     0.249891      0.25532     0.262163      0.25613     0.260192     0.255221      0.26322     0.261841     0.256183     0.262961     0.268323     0.262892     0.268368     0.268475     0.265783     0.266456     0.265316     0.263779     0.261478     0.261461     0.261179     0.261939     0.267195     0.265807     0.267382     0.263621     0.257571     0.262866     0.272143    0.0508028     0.243003   -0.0151659     0.178298     0.174452    -0.113298    0.0154455   -0.0110554    -0.013534   -0.0151182   -0.0119658  -0.00427941    0.0103103    0.0254851    0.0291673    0.0240861    0.0155692   0.00162703   -0.0102886   -0.0242072   -0.0348666   -0.0396427   -0.0412053   -0.0404924   -0.0405558   -0.0407444   -0.0386303   -0.0429537    0.0463965    0.0474115    0.0418624    0.0412006    0.0406497    0.0389729    0.0388798    0.0387074    0.0379485    0.0355095    0.0346782    0.0341652     0.033168    0.0323111    0.0300277    0.0280477    0.0258582    0.0262788    0.0251919    0.0242595    0.0220223    0.0214217    0.0197702    0.0180723    0.0167529    0.0147606    0.0141443   0.00820032 -0.000599499     -0.01326   -0.0286532   -0.0498921   -0.0325564   -0.0230807    0.0122662   -0.0719611    -0.118193  3.56641e-08    0.0662246  -0.00831216
    0.171634     0.292527     0.283666     0.283678      0.28517     0.285577      0.28498      0.28446      0.27788     0.276091     0.272081     0.270184     0.270668     0.271098     0.271005     0.267182     0.266067     0.266621      0.26674     0.264011     0.260265      0.25877     0.235268  -0.00838282     0.986227  -0.00556019     0.229472     0.251095     0.247277     0.253144     0.251831     0.256139     0.244368     0.245424     0.260247     0.256773     0.252647     0.266786     0.259264     0.255122     0.260007     0.264067     0.257517     0.252421     0.256755     0.253283     0.253307     0.254973     0.258263     0.261479     0.261506     0.256631     0.253015     0.260103      0.26796     0.163954     0.260472   -0.0135204     0.177417     0.171487    -0.104471 -0.000218582  -0.00704222 -0.000630097   0.00363431   0.00486155   0.00612895   0.00702739    0.0125079    0.0182934    0.0270755    0.0374719    0.0479926    0.0571619    0.0665316    0.0771122    0.0868351     0.094844      0.10088     0.107037     0.114108     0.119596     0.122794     0.110915   -0.0151517   -0.0238402   -0.0237923   -0.0246865   -0.0266391   -0.0265855   -0.0268588   -0.0270281   -0.0281663   -0.0286376   -0.0233387   -0.0222227   -0.0227189   -0.0166936   -0.0174036    -0.017858   -0.0172971   -0.0166968   -0.0166672   -0.0156236   -0.0157606   -0.0170524   -0.0185359   -0.0196915   -0.0203597    -0.019862   -0.0235807   -0.0300266    -0.039464   -0.0529083   -0.0623551   -0.0529081   -0.0394065     0.031627    -0.053451    -0.110108  4.90983e-08 -0.000373011  -0.00596691
