   123   123     1
     6.34192      0.25527     0.193374     0.255666      0.27823      0.26998     0.261297     0.288961     0.239246     0.304168     0.295037     0.291247     0.310465     0.290669      0.31651     0.263417     0.279655     0.306497     0.313408     0.319432     0.302608     0.309507     0.325761      0.30223     0.284767     0.315512     0.327413     0.327107     0.305606     0.296778     0.319556     0.323412     0.281747      0.24793     0.305344     0.293021     0.263619     0.281099     0.274398     0.261875     0.266935     0.294502     0.284825     0.276672     0.299059      0.29792     0.286414     0.276376     0.302345      0.27419     0.311707     0.277715     0.190533     0.266761     0.241712  -0.00403024     0.282488   -0.0221625     -1.57767     -5.92165      1.77452   -0.0317396   -0.0405527   -0.0525672    -0.055205   -0.0626136   -0.0699631   -0.0745731    -0.065643   -0.0639377   -0.0647237   -0.0663826   -0.0699558   -0.0723958    -0.077508   -0.0819867   -0.0825744   -0.0822199   -0.0806555   -0.0801855   -0.0789945    -0.073925   -0.0697569   -0.0719808   -0.0662216   -0.0642305   -0.0619734   -0.0611357   -0.0629497   -0.0627444   -0.0635911   -0.0634809   -0.0700437   -0.0721199   -0.0694424   -0.0679315   -0.0666068   -0.0642504   -0.0640229   -0.0650633   -0.0646509   -0.0648561   -0.0637626    -0.062798    -0.060713   -0.0614807   -0.0638912   -0.0671944    -0.071602   -0.0852746    -0.094892    -0.106563    -0.117455    -0.123107   -0.0914629    -0.051102   -0.0259073   -0.0748022    -0.557721      2.43758 -1.37126e-07   -0.0163941   -0.0244135
     0.25527     0.281197   0.00100931      0.25694     0.148529     0.205317     0.226006      0.24016     0.136958     0.204219     0.215761     0.212251     0.230159     0.224621      0.28089     0.240159     0.246347     0.257629     0.259705     0.274713     0.263288     0.261737      0.27958     0.274832     0.257537      0.27688     0.279685     0.282961     0.276724     0.268425     0.281746     0.281511     0.266848     0.242222     0.273277     0.263992     0.251112     0.252349     0.252962     0.256792     0.251839     0.261895     0.256023     0.261657     0.266204     0.262792     0.253325     0.243327     0.273217     0.213938     0.253422     0.207116     0.125121     0.238716     0.227098     0.003976     0.213564    0.0125164     0.219765      0.12328   -0.0541725    0.0499695    0.0223054    0.0208064     0.018282    0.0199306    0.0221115    0.0230413    0.0216575    0.0199312    0.0180545     0.015712    0.0129583   0.00960588   0.00598641   0.00281984  0.000511778  -0.00161333   -0.0029087  -0.00323184  -0.00237849 -0.000200888   0.00188618   0.00284659   0.00571004   0.00761667   0.00860581   0.00927131   0.00919714   0.00882447   0.00820961    0.0072584   0.00311403   0.00181935  -0.00167157  -0.00349507  -0.00519444  -0.00970373   -0.0111756   -0.0124976     -0.01262   -0.0130239   -0.0128263    -0.015097   -0.0148407   -0.0169911   -0.0194983    -0.020856    -0.021506   -0.0275859   -0.0301099   -0.0459576   -0.0504146   -0.0298839   -0.0260618    -0.040767    0.0019214   -0.0476702   -0.0465563   -0.0478491  2.81871e-08    0.0363244  -0.00594378
    0.193374   0.00100931      4.41404    -0.125475     0.354652     0.237786     0.235458     0.253944     0.170373     0.226611     0.215708     0.193817     0.200488     0.191486      0.25032     0.215819     0.220274     0.225197     0.224179     0.238981     0.229226     0.224448     0.240353     0.241046     0.225479     0.239234     0.238724     0.242373     0.241436     0.234219      0.24315     0.241593     0.237729     0.218992     0.238159     0.230782     0.225213     0.219972     0.223536     0.234119     0.225183     0.226555     0.222961     0.234822     0.230471     0.226607     0.219337     0.210183     0.239501     0.164062     0.203551     0.157142    0.0824681     0.214534     0.210873   0.00634451     0.172909    0.0137902     0.242244    0.0973039   -0.0243911    -0.312976     -0.33436   -0.0365463  -0.00582595   0.00398936    0.0105169    0.0138196    0.0161021    0.0169896    0.0185036    0.0213159    0.0242704    0.0261945     0.027825    0.0293327    0.0297834    0.0292623    0.0285866    0.0289724    0.0301139    0.0310274    0.0319155    0.0338785    0.0348889    0.0362033    0.0362854    0.0365821    0.0370733    0.0364389    0.0359978    0.0347849    0.0321685    0.0315147    0.0262196    0.0235862     0.021171    0.0145303    0.0127046    0.0114367    0.0110869    0.0106399    0.0101418   0.00622001   0.00551994   0.00293394  0.000756156  0.000487459   0.00129677  -0.00159505 -0.000607858   -0.0150298    -0.012491    0.0319446    0.0403637   -0.0177199     0.016687   -0.0301822 -0.000673043    -0.012618 -1.50199e-08    0.0538602   -0.0108722
    0.255666      0.25694    -0.125475     0.529013    -0.067658     0.255525     0.236776     0.251248     0.142065     0.211782     0.221916      0.21576     0.233156     0.227583      0.28986     0.248756     0.254252     0.264143     0.265301     0.281743     0.270231     0.267558      0.28603     0.283256       0.2651     0.284113     0.285736      0.28944      0.28459     0.275997     0.288794     0.287923      0.27575     0.251331     0.280784     0.271412     0.259931     0.259445     0.260884     0.266888     0.260695     0.269028     0.263233     0.270791     0.273422      0.26946     0.259766     0.249321     0.280932     0.215105     0.256121     0.206076     0.121407     0.243516     0.233729   0.00452722     0.214453    0.0135795     0.235685     0.121605   -0.0527212    0.0223565     0.039738   -0.0900368    0.0190957    0.0220664    0.0249378    0.0263666    0.0250303     0.023488    0.0220057    0.0203405    0.0183417    0.0154921     0.012338    0.0095057   0.00715124   0.00476808   0.00311898   0.00253916   0.00313972   0.00489743    0.0066053   0.00742346   0.00995798     0.011709    0.0124993    0.0130587    0.0129449    0.0124857    0.0118561    0.0108564   0.00656902   0.00537836   0.00155513 -0.000462679  -0.00243156  -0.00780154  -0.00944372   -0.0108244   -0.0110137   -0.0114692   -0.0113695     -0.01419   -0.0141305   -0.0165687   -0.0191681   -0.0203162   -0.0206948   -0.0266116   -0.0288989   -0.0443044   -0.0472215   -0.0295893   -0.0234964   -0.0446891   0.00462939   -0.0530236   -0.0455246   -0.0440375  2.30285e-08    0.0456162  -0.00772254
     0.27823     0.148529     0.354652    -0.067658      1.05235   -0.0523324     0.282851     0.243973       0.2594     0.302692     0.277806     0.277072     0.292777     0.266526     0.254909     0.204871     0.223827     0.256237     0.265434     0.261682     0.244418     0.256125     0.266921     0.235338     0.222295     0.253292     0.270243     0.269463     0.243838     0.237186     0.261329     0.269071     0.221011       0.1882     0.246498      0.23617     0.203841     0.224679     0.216545     0.197555      0.20388     0.233203     0.226582     0.214929     0.237749     0.240872     0.234286     0.227525     0.245552     0.224875     0.265437     0.254111     0.179474     0.270296     0.230858   0.00330459     0.252602    0.0060247     0.124102     0.168371   -0.0544659    0.0517759    0.0904677    0.0771648    -0.161413   -0.0911748    -0.101798    -0.106208   -0.0896961   -0.0817186   -0.0762396   -0.0717703   -0.0689293   -0.0642919   -0.0603948   -0.0549895   -0.0465625   -0.0377994   -0.0289791   -0.0205175   -0.0113966  -0.00162159   0.00719234    0.0163663     0.023037    0.0284588    0.0317196    0.0341665    0.0370625    0.0372958    0.0369476    0.0350978    0.0357041    0.0331212    0.0278124    0.0259934    0.0263772    0.0296052    0.0291493    0.0282179    0.0286879    0.0288599    0.0296435    0.0326061    0.0343341    0.0351339    0.0332668    0.0297262    0.0282529    0.0253178    0.0278842   -0.0121085   -0.0352292      0.14312    0.0992361    0.0896165   -0.0104301    0.0918234    0.0355747   -0.0701287  -3.4619e-08   -0.0707198   0.00321147
     0.26998     0.205317     0.237786     0.255525   -0.0523324     0.713259   -0.0568501     0.332197     0.200035     0.250716     0.247324      0.24674     0.265653     0.249329     0.273435      0.22678     0.240167     0.262115     0.267583      0.27328     0.258594     0.263591     0.278104     0.259817     0.244296     0.269865     0.279745     0.281037      0.26498     0.257354     0.276321     0.280051     0.248505     0.219402     0.264562     0.254602     0.231844     0.242802     0.239109     0.231738     0.232236     0.251921     0.245627     0.242906     0.256432     0.256235     0.248111     0.239556     0.264101      0.22215     0.263127     0.233508     0.153633     0.259337     0.233882   0.00384706     0.236648   0.00955345      0.17857     0.148486   -0.0535442    0.0223492    0.0328595    0.0311881    0.0241702   -0.0781047   -0.0399949   -0.0429863   -0.0358578   -0.0325718   -0.0304617   -0.0289771   -0.0285531   -0.0275793   -0.0271447   -0.0257797   -0.0225544   -0.0191358   -0.0152999   -0.0111613  -0.00610484 -8.41253e-05   0.00540124    0.0105418    0.0153249    0.0190176    0.0211397    0.0227008    0.0241334     0.024051    0.0235649    0.0221398    0.0203517    0.0184106     0.013907    0.0120487    0.0113648    0.0106165   0.00962794   0.00847992   0.00864632   0.00852291   0.00898439   0.00922788    0.0101931   0.00946682   0.00724622   0.00480411   0.00377084 -0.000763522   -0.0006252   -0.0288215   -0.0423501    0.0598893    0.0404745    0.0253418  -0.00344344    0.0225286  -0.00355837    -0.058151 -6.47967e-09   -0.0163538  -0.00169065
    0.261297     0.226006     0.235458     0.236776     0.282851   -0.0568501      0.76503    -0.171879     0.358386     0.292629     0.231864     0.224058     0.246179     0.237246     0.275809     0.232428     0.242491     0.259649     0.263435     0.273093     0.259776     0.261749     0.277602     0.265396     0.249138     0.271836     0.278505      0.28068     0.269084     0.261196     0.277556     0.279494      0.25569     0.228742     0.267354     0.257745     0.239558     0.246035     0.244332     0.242124     0.240088     0.255234     0.249202     0.250391     0.259641     0.258014     0.249381     0.240215     0.267118     0.216786     0.257181     0.220187     0.139552     0.249768     0.230685   0.00401988     0.225222    0.0109265     0.198053     0.136628   -0.0525283    0.0163494    0.0183021     0.015789    0.0170849    0.0159729   -0.0552221   -0.0178033   -0.0101164   -0.0099567  -0.00964804  -0.00952771   -0.0101025   -0.0107115   -0.0117477   -0.0121162   -0.0111994   -0.0101599  -0.00856027  -0.00635852  -0.00313872   0.00114705   0.00509795   0.00845519    0.0123311    0.0152248    0.0168186    0.0179763    0.0187768    0.0185572    0.0180217     0.016792    0.0140356    0.0124045   0.00827754   0.00640955   0.00526049   0.00278702   0.00157402  0.000353058  0.000384016  0.000135568  0.000454747 -0.000469512  0.000146165  -0.00122288  -0.00355794  -0.00548052  -0.00627997   -0.0113546   -0.0122176   -0.0349928   -0.0442545    0.0235823    0.0145312  -0.00241607 -0.000421197  -0.00728185   -0.0202101   -0.0521328  5.59479e-09   0.00743435  -0.00385688
    0.288961      0.24016     0.253944     0.251248     0.243973     0.332197    -0.171879      1.17411     -1.11982    0.0734455     0.273686     0.256549     0.265236      0.25607     0.296413     0.250587     0.263375     0.284644     0.289688     0.298704     0.283532     0.286712     0.303324     0.287528     0.270043     0.295908     0.304368     0.306289     0.291823     0.283308     0.302134      0.30484     0.275744     0.245577      0.29035     0.279698     0.258041     0.266992     0.264276     0.259777      0.25874     0.277161     0.270365     0.269966      0.28196     0.280656     0.271311     0.261528     0.289864     0.239147     0.282814     0.245174     0.157878     0.273962     0.251534   0.00408929     0.249665    0.0111942     0.209379     0.154812   -0.0573451    0.0261213    0.0330133    0.0344582      0.03789    0.0377101    0.0343737   -0.0570121   -0.0264664   -0.0201609    -0.019317   -0.0190916   -0.0196963   -0.0200287   -0.0208636   -0.0209644   -0.0195269   -0.0179214   -0.0156709   -0.0129075  -0.00906815  -0.00390382  0.000826985   0.00463683   0.00923863    0.0125715    0.0145142    0.0158824    0.0167857     0.016623    0.0160446    0.0147451    0.0118173    0.0099434   0.00581353   0.00402606   0.00309089   0.00123599  8.77181e-05  -0.00119591  -0.00109886   -0.0013284 -0.000900211  -0.00145404 -0.000604206  -0.00186562  -0.00435838  -0.00665586  -0.00777309   -0.0135566   -0.0146072   -0.0400625     -0.05127    0.0292126    0.0183789   0.00246184  -0.00208084  -0.00203984   -0.0203637   -0.0593708  2.11606e-09 -0.000300961  -0.00311574
    0.239246     0.136958     0.170373     0.142065       0.2594     0.200035     0.358386     -1.11982      8.77339     -2.56395    -0.163136     0.240996     0.237576     0.199197     0.201638     0.167855     0.189243     0.219473      0.22866     0.226147     0.211287     0.220678      0.22933     0.202239     0.190803     0.217087     0.230987     0.229859     0.207824      0.20205     0.222382     0.228424     0.187319     0.159731     0.209616     0.200676     0.173161     0.191321     0.184122     0.167848     0.173973     0.199313     0.193186     0.182713     0.202981     0.205199     0.199009     0.193108     0.208214     0.194036     0.225935     0.215203     0.153053     0.220562     0.191103   0.00184802     0.212962   0.00439265     0.111499     0.148289   -0.0445604    0.0379549    0.0635931    0.0771234    0.0875451    0.0901075    0.0892507     0.083522    -0.100798   -0.0784626   -0.0700373   -0.0657281   -0.0652128   -0.0627298   -0.0608017   -0.0579119   -0.0526605    -0.047085    -0.041075    -0.035519   -0.0293953   -0.0218741   -0.0151433  -0.00976609  -0.00402556 -3.25421e-05   0.00270835   0.00454188   0.00602621   0.00631802   0.00595839   0.00490813   0.00407242   0.00200344 -0.000229263 -0.000696827  0.000212456   0.00363135   0.00361705   0.00290576   0.00334558   0.00345426   0.00421875    0.0066758   0.00831364   0.00888138   0.00732724   0.00434577   0.00242803  -0.00210825  -0.00213656   -0.0293865   -0.0463878    0.0740869    0.0507974     0.050215   -0.0105577    0.0519504   0.00886815   -0.0599416  -2.3862e-08   -0.0553752   0.00382199
    0.304168     0.204219     0.226611     0.211782     0.302692     0.250716     0.292629    0.0734455     -2.56395      7.51752     -2.70459    -0.203803     0.305004     0.266585     0.258192     0.217484     0.245401      0.28279      0.29499     0.297913     0.280429     0.289273     0.302131     0.274032     0.257567     0.288809     0.302834     0.302527     0.279057     0.271086     0.294745     0.300453     0.255998     0.222271     0.279873     0.268495     0.237923      0.25625     0.249262     0.234269     0.239146     0.266823     0.259097     0.250247     0.271549     0.272693     0.263946     0.255412     0.278298     0.248746      0.29028     0.266982     0.183989     0.279482     0.248455   0.00273254     0.266573   0.00755446     0.171663     0.180535    -0.057237    0.0495306     0.075922    0.0915638     0.104226     0.109437     0.107838    0.0974859    0.0139161   -0.0883237   -0.0770327   -0.0626357   -0.0617115   -0.0604211   -0.0595302   -0.0576124   -0.0535209   -0.0492004   -0.0441581   -0.0392464   -0.0334679   -0.0258049   -0.0189037   -0.0139665    -0.007587  -0.00330388 -0.000356258   0.00157195   0.00280164   0.00301316   0.00248215   0.00131122 -0.000915996  -0.00326437  -0.00587464  -0.00656669  -0.00598102  -0.00366642  -0.00398449  -0.00501728  -0.00460944  -0.00462026  -0.00380252  -0.00203316 -0.000327589  -0.00037849  -0.00256987  -0.00584626  -0.00803893   -0.0145712   -0.0157097   -0.0452224    -0.062368    0.0557058    0.0373369    0.0332851  -0.00988592    0.0329289  -0.00734489   -0.0711103  -1.5627e-08   -0.0435168   0.00229031
    0.295037     0.215761     0.215708     0.221916     0.277806     0.247324     0.231864     0.273686    -0.163136     -2.70459      8.14037     -2.70589    -0.137143     0.317048     0.267953     0.203309     0.230914     0.270691     0.286744     0.293616     0.278444     0.285324     0.299508     0.274381     0.258487     0.286336     0.298862     0.298603     0.278112     0.270285     0.291792     0.296563     0.257235     0.225383     0.278146     0.267231     0.239884     0.255129     0.249475     0.237899     0.241065     0.265647     0.258211     0.251847     0.270192     0.270522     0.261545     0.252734      0.27681     0.242455      0.28308     0.255485     0.173042      0.27023     0.243481   0.00281642     0.256279   0.00831888     0.181566      0.17099   -0.0558981    0.0439826    0.0650449     0.078755    0.0909077    0.0992572     0.102429    0.0943673    0.0636543    0.0105112   -0.0769344   -0.0577655   -0.0500009   -0.0489096   -0.0493671   -0.0483092   -0.0455969   -0.0427756   -0.0391913   -0.0354919   -0.0309058   -0.0244864   -0.0186808   -0.0149359  -0.00924743  -0.00554714  -0.00296289  -0.00130885 -0.000484387 -0.000361087 -0.000911871  -0.00195334  -0.00474555  -0.00687505  -0.00922264  -0.00990045  -0.00959833   -0.0083748  -0.00882716  -0.00988958  -0.00957032  -0.00965841  -0.00893741  -0.00790197  -0.00642929   -0.0068782   -0.0091135   -0.0120279   -0.0140386   -0.0207993   -0.0225073   -0.0483428   -0.0626658    0.0329416    0.0211009    0.0159824  -0.00784439    0.0143974   -0.0173402   -0.0665332  -8.8971e-09   -0.0282736  0.000881246
    0.291247     0.212251     0.193817      0.21576     0.277072      0.24674     0.224058     0.256549     0.240996    -0.203803     -2.70589      7.92003     -2.57712    0.0953514     0.340147     0.197689     0.211077     0.254589     0.276085     0.286426     0.272728     0.281403     0.294695     0.269955     0.252946        0.282     0.293537     0.293287     0.272146     0.264215     0.286162     0.290813     0.250852     0.219104     0.272464     0.261516     0.233705     0.249794     0.243749     0.231284      0.23518     0.260214     0.252694     0.245625     0.264671     0.265072     0.256272      0.24772      0.27087     0.239259     0.278827     0.252763     0.172195     0.265467     0.238432   0.00261319     0.252996    0.0078736     0.174175     0.169417   -0.0556903    0.0313764    0.0503568    0.0620218    0.0734227    0.0835568     0.092134    0.0931244    0.0801895    0.0593706    0.0144685   -0.0678773    -0.052403   -0.0487967   -0.0526552   -0.0518135   -0.0489269   -0.0457708     -0.04183   -0.0377998   -0.0329641   -0.0263821   -0.0204455   -0.0166688    -0.010944  -0.00723903  -0.00462905   -0.0029665  -0.00215145  -0.00199439  -0.00254062  -0.00354268  -0.00624755  -0.00837677   -0.0104493   -0.0109725   -0.0105081   -0.0088811  -0.00924268   -0.0102511  -0.00990765  -0.00997785   -0.0091982  -0.00793555  -0.00640602  -0.00673576  -0.00891048   -0.0118531   -0.0138957   -0.0205803   -0.0222889   -0.0480302   -0.0627073    0.0335006    0.0208673     0.018043  -0.00862602    0.0169158     -0.01654   -0.0668342  -4.4331e-09   -0.0312591   0.00121367
    0.310465     0.230159     0.200488     0.233156     0.292777     0.265653     0.246179     0.265236     0.237576     0.305004    -0.137143     -2.57712      6.21501     -2.38736     0.251245     0.319117     0.246775     0.261254     0.285146     0.300996     0.290017     0.300106     0.316013     0.289148     0.272325     0.301755     0.314722       0.3138     0.291328     0.283031     0.305938     0.311083     0.268648      0.23503     0.291525     0.280004     0.250639     0.267403     0.261112     0.248235     0.252079      0.27855     0.270583     0.263298     0.283228      0.28367     0.274217     0.265026     0.290005     0.255367     0.297715     0.269206     0.182915     0.283804     0.254981   0.00289566     0.269684   0.00862812     0.186845     0.179384   -0.0598505    0.0203438    0.0345941    0.0419772    0.0514405    0.0607125    0.0711338    0.0786519    0.0761117    0.0705286    0.0567296    0.0126493   -0.0441883   -0.0383654   -0.0533396   -0.0539979   -0.0511084   -0.0479916   -0.0436604   -0.0390948   -0.0336876   -0.0266052   -0.0202129   -0.0160086  -0.00997543  -0.00605351  -0.00330131  -0.00153954 -0.000646467 -0.000500809  -0.00107901  -0.00218222  -0.00503885  -0.00729381  -0.00962578   -0.0102337  -0.00978971  -0.00822142  -0.00865356  -0.00973451  -0.00938079  -0.00946422  -0.00863246  -0.00733772  -0.00573354  -0.00612849  -0.00846871   -0.0115722   -0.0136509   -0.0206102   -0.0222737    -0.050003   -0.0656665    0.0370456    0.0228154    0.0195287   -0.0088364    0.0182657   -0.0171618   -0.0711725 -9.22223e-09   -0.0317364  0.000950555
    0.290669     0.224621     0.191486     0.227583     0.266526     0.249329     0.237246      0.25607     0.199197     0.266585     0.317048    0.0953514     -2.38736      5.70686     -2.11359     0.318093     0.335777      0.26579     0.255507     0.274413     0.269806     0.281809     0.298203     0.276839     0.259605     0.287983     0.298028     0.297767     0.277857      0.26955     0.290728     0.294737     0.257427     0.226113     0.277587     0.266664     0.240349     0.254758      0.24949     0.239037     0.241832      0.26523     0.257771     0.252372     0.269692     0.269558     0.260522      0.25161     0.276175     0.239672      0.28008     0.250489      0.16813     0.267241     0.241544   0.00298604     0.251844   0.00883247     0.183247     0.164606   -0.0568889   0.00892465    0.0182216    0.0214393    0.0278587    0.0344092    0.0429765    0.0516669     0.055346    0.0569002    0.0555208    0.0448244    0.0184413   -0.0128524   -0.0404509   -0.0444609   -0.0410083    -0.039492   -0.0363502   -0.0323156   -0.0274497   -0.0211912    -0.015506   -0.0116481  -0.00631521   -0.0028012 -0.000412957   0.00114372   0.00192955   0.00200641   0.00144789  0.000384085  -0.00243655  -0.00448684  -0.00693098   -0.0076899  -0.00752674  -0.00674812  -0.00729899  -0.00835756  -0.00807715  -0.00819598  -0.00746091   -0.0066319  -0.00526966  -0.00585314  -0.00811995   -0.0108722   -0.0126203   -0.0190301   -0.0205633   -0.0461151   -0.0598771    0.0306712    0.0183696    0.0133036  -0.00698361    0.0113319   -0.0182414   -0.0651824  7.12318e-09   -0.0222412 -4.09603e-05
     0.31651      0.28089      0.25032      0.28986     0.254909     0.273435     0.275809     0.296413     0.201638     0.258192     0.267953     0.340147     0.251245     -2.11359      4.32139     -2.35495    -0.141706     0.286605     0.296904     0.296109     0.292087     0.306305     0.333398     0.321853     0.304075     0.331004     0.338684     0.339858     0.324876     0.315126     0.334562     0.336823     0.307572     0.275299     0.322304     0.310657     0.288513     0.296683      0.29438      0.29147     0.289481     0.308162     0.300614     0.301564     0.313305     0.311206     0.300481     0.289369     0.321612     0.263009     0.310287     0.265299     0.168835     0.296504     0.275498   0.00434347     0.270902    0.0127342      0.24164     0.167874   -0.0622409    0.0167157     0.018832     0.018493    0.0226513    0.0280991    0.0346986    0.0405988    0.0424074     0.041574    0.0373745    0.0287007    0.0115532   -0.0199926   -0.0186671   -0.0310704    -0.020029   -0.0157564   -0.0159137   -0.0145786   -0.0116867  -0.00767931  -0.00371622 -0.000901956    0.0032303   0.00602441   0.00772929   0.00892151    0.0093557   0.00915139   0.00848397   0.00725998   0.00324538   0.00128822  -0.00254973   -0.0042633  -0.00533884  -0.00790261  -0.00915965   -0.0105836   -0.0105203   -0.0108364   -0.0103926   -0.0114932   -0.0106487   -0.0123401   -0.0151319   -0.0174442   -0.0187548   -0.0259203   -0.0280682   -0.0520684   -0.0619116    0.0046747  0.000962552   -0.0155199  -0.00137789   -0.0214145   -0.0347566   -0.0629874  1.28746e-08    0.0107595  -0.00367546
    0.263417     0.240159     0.215819     0.248756     0.204871      0.22678     0.232428     0.250587     0.167855     0.217484     0.203309     0.197689     0.319117     0.318093     -2.35495      8.29715     -2.75632     -0.37112     0.227618     0.252613     0.224558     0.237127     0.267367     0.267664     0.254919     0.279839     0.284914      0.28642     0.274628     0.265753     0.281495     0.282418     0.260128     0.233525     0.271465     0.261626     0.244211     0.250026     0.248559     0.247439     0.245309     0.259743     0.253356     0.255201      0.26405      0.26173     0.252539     0.243019     0.270699     0.219457     0.258707     0.218753     0.137705     0.245069     0.229902   0.00358245     0.223988     0.010977     0.209828     0.138471   -0.0515049    0.0179989    0.0202581    0.0207846     0.024541    0.0303776    0.0375544    0.0444841    0.0472022    0.0491092    0.0489013    0.0449838    0.0355612    0.0152887   0.00123998   -0.0448075   -0.0374882   -0.0144946   -0.0106004   -0.0114316   -0.0100259  -0.00775403   -0.0050811  -0.00328466 -0.000461701   0.00128938   0.00232568    0.0030762   0.00309736   0.00288937   0.00230433    0.0014001  -0.00242827  -0.00399882  -0.00685733   -0.0082052  -0.00919353   -0.0117446   -0.0128164   -0.0140231    -0.014004   -0.0143099   -0.0139652   -0.0152335   -0.0146071   -0.0162202   -0.0185875   -0.0203715   -0.0214924   -0.0279407   -0.0303137   -0.0479752   -0.0545689   -0.0120886   -0.0101064   -0.0240364 -0.000410127   -0.0297068   -0.0361542    -0.050843  3.51099e-08    0.0162756  -0.00342728
    0.279655     0.246347     0.220274     0.254252     0.223827     0.240167     0.242491     0.263375     0.189243     0.245401     0.230914     0.211077     0.246775     0.335777    -0.141706     -2.75632      8.73491     -2.81185    -0.252723     0.269945      0.24483      0.23534     0.265085     0.268465     0.262195     0.291338     0.300509     0.301374     0.286591     0.277297     0.294229       0.2957     0.268318     0.239892     0.282802     0.272442     0.252194     0.260512     0.257924     0.254483     0.253736     0.271081     0.263995     0.263904     0.275353     0.273385     0.263635     0.253851     0.281782     0.233136      0.27313     0.233429     0.149507     0.256459     0.239328   0.00334879     0.237805    0.0107732     0.212538     0.149934    -0.054416    0.0163739    0.0191955    0.0196316     0.023778    0.0299018     0.038132    0.0474498    0.0539287    0.0609434    0.0675116    0.0712402    0.0712146    0.0626545    0.0483057    0.0204213   -0.0717999   -0.0402161   -0.0197492   -0.0212603   -0.0198645   -0.0169317   -0.0133175   -0.0108436  -0.00754599  -0.00573183  -0.00458739  -0.00380688   -0.0039205  -0.00408514  -0.00470752  -0.00554437  -0.00965221   -0.0113442   -0.0134679   -0.0143557   -0.0148932   -0.0165197   -0.0174013    -0.018568   -0.0184764   -0.0187656   -0.0182406    -0.019012   -0.0181326   -0.0195952   -0.0220216   -0.0240654   -0.0254618    -0.032536   -0.0352547   -0.0537102   -0.0615916   -0.0145929   -0.0128196   -0.0223262  -0.00230544   -0.0272955   -0.0383288   -0.0561649   1.0324e-08   0.00976313  -0.00274969
    0.306497     0.257629     0.225197     0.264143     0.256237     0.262115     0.259649     0.284644     0.219473      0.28279     0.270691     0.254589     0.261254      0.26579     0.286605     -0.37112     -2.81185      7.98004     -2.80789    -0.181623     0.269872     0.265347     0.272041     0.270114     0.270269     0.309127     0.324629     0.326204     0.307012     0.296912     0.316658     0.318596     0.282893     0.251028     0.302621     0.291124     0.265994     0.278699     0.274206     0.266805     0.268523     0.290626     0.282302     0.279144     0.294929     0.293387     0.282794     0.272538     0.301017     0.255814     0.297527     0.258043     0.168884     0.277128     0.256385   0.00312798     0.261302    0.0106382      0.21737     0.168004   -0.0600679    0.0104444    0.0135852    0.0132297    0.0174989    0.0229971    0.0312298    0.0420414     0.052628    0.0645208    0.0776271    0.0892196    0.0995529     0.104034     0.101963    0.0918328    0.0388414   -0.0702376   -0.0374804   -0.0368475    -0.035804   -0.0307018   -0.0253757   -0.0213644   -0.0169849   -0.0147212   -0.0132426   -0.0122948   -0.0124472   -0.0125348    -0.013219   -0.0139977   -0.0184034   -0.0202848   -0.0213716   -0.0215735   -0.0213945   -0.0215305   -0.0221351   -0.0232358   -0.0230292     -0.02329   -0.0224573   -0.0223996   -0.0211324   -0.0223389   -0.0248744    -0.027334    -0.029059   -0.0368744   -0.0398421   -0.0605239   -0.0707883    -0.012118   -0.0123672   -0.0159058  -0.00510197   -0.0198533   -0.0387368   -0.0648368  2.77592e-08  -0.00113514  -0.00185549
    0.313408     0.259705     0.224179     0.265301     0.265434     0.267583     0.263435     0.289688      0.22866      0.29499     0.286744     0.276085     0.285146     0.255507     0.296904     0.227618    -0.252723     -2.80789       7.7626     -2.81256    -0.245666     0.224111     0.268277     0.252285      0.25474     0.301612     0.325659     0.331274     0.311896     0.302102     0.322875      0.32469     0.285214     0.252182     0.307195     0.295315     0.268259     0.282953     0.277586     0.268467     0.271435     0.295422     0.286561     0.282019     0.299563     0.298188     0.287292     0.276959     0.305311     0.262155     0.303846     0.264618     0.174413     0.282052     0.260179   0.00302278     0.267582    0.0104897     0.217271     0.172958   -0.0612603   0.00495226   0.00728307   0.00575552   0.00945545    0.0136113    0.0204056    0.0302439    0.0419681    0.0548356     0.069594    0.0839152       0.0987     0.110256     0.118787     0.120953      0.10718    0.0489897   -0.0491893   -0.0459907    -0.046358   -0.0365133   -0.0308406   -0.0258859   -0.0212078   -0.0188671   -0.0174206   -0.0164932   -0.0166626   -0.0167792   -0.0175148   -0.0182451   -0.0227516   -0.0246463   -0.0250274   -0.0247933   -0.0242181   -0.0236178   -0.0240738   -0.0251024   -0.0248483   -0.0250993   -0.0241017   -0.0236407    -0.022216   -0.0232991   -0.0258482   -0.0284253   -0.0302024   -0.0381525   -0.0411036   -0.0623742   -0.0734272   -0.0105964   -0.0117875   -0.0124772  -0.00601427   -0.0160004   -0.0375964     -0.06721 -7.94274e-10   -0.0051907  -0.00152938
    0.319432     0.274713     0.238981     0.281743     0.261682      0.27328     0.273093     0.298704     0.226147     0.297913     0.293616     0.286426     0.300996     0.274413     0.296109     0.252613     0.269945    -0.181623     -2.81256      7.92718     -2.82594    -0.485746     0.140146     0.227884     0.234851     0.285043     0.319335     0.335308     0.322609     0.314538     0.335584     0.336664     0.298819     0.265196     0.319011     0.306786     0.280761     0.293931     0.289315      0.28216     0.283958     0.306681     0.297762     0.294916     0.310963     0.309025     0.297701     0.286776      0.31717     0.267853     0.311394     0.267973     0.174018     0.289915     0.269339   0.00345006     0.272321    0.0115913      0.23321     0.173265   -0.0624989   0.00629074   0.00639285   0.00375486    0.0067467    0.0101775    0.0155956    0.0232701    0.0330246    0.0433172    0.0552829    0.0671419    0.0797879     0.090393    0.0999375      0.10405     0.101518    0.0830441    0.0256158   -0.0335857   -0.0401671    -0.023325   -0.0212785   -0.0208492    -0.016584   -0.0148283   -0.0140604   -0.0134306   -0.0136019   -0.0139628   -0.0148179    -0.015632   -0.0203963   -0.0222499   -0.0229739   -0.0230011    -0.022784   -0.0231063   -0.0237818   -0.0249047   -0.0247168   -0.0250236   -0.0240885   -0.0241261   -0.0228487   -0.0242254   -0.0269106   -0.0293482   -0.0309429   -0.0389651   -0.0419294   -0.0629463   -0.0729124   -0.0150431   -0.0142334   -0.0187039  -0.00421717   -0.0233742   -0.0403586    -0.066108  2.72957e-08   0.00373139  -0.00242691
    0.302608     0.263288     0.229226     0.270231     0.244418     0.258594     0.259776     0.283532     0.211287     0.280429     0.278444     0.272728     0.290017     0.269806     0.292087     0.224558      0.24483     0.269872    -0.245666     -2.82594      9.36001     -2.77704    -0.620677    0.0586198     0.174409     0.234284     0.277413     0.304871     0.301439     0.298408     0.320487      0.32163     0.284389     0.252169     0.304034     0.292063     0.266945     0.280083     0.275401     0.268423     0.270743     0.292634     0.283784     0.280819     0.296386     0.294311     0.283245      0.27276     0.301739     0.255106     0.295554     0.252917     0.163796     0.273208     0.254864   0.00320489     0.257472    0.0111231     0.224557     0.163488   -0.0589389    0.0056464   0.00492485   0.00199738    0.0045229   0.00740319    0.0119054    0.0182522     0.026746    0.0354877    0.0457724    0.0562394    0.0678221    0.0784504    0.0902189    0.0989171     0.102672     0.100449    0.0798634    0.0479055  -0.00726449  -0.00327827  -0.00920488     -0.02657   -0.0203715    -0.019082   -0.0188712   -0.0185134   -0.0187508   -0.0193089   -0.0202953   -0.0209931   -0.0257793   -0.0274168   -0.0271384   -0.0266375   -0.0261244   -0.0261344   -0.0266858   -0.0276776   -0.0274974   -0.0278146   -0.0267938   -0.0267412   -0.0254867    -0.026838   -0.0293916   -0.0316182   -0.0330588   -0.0408142   -0.0437957   -0.0623514   -0.0710761    -0.022435    -0.019332   -0.0216377  -0.00371826   -0.0262803   -0.0405571   -0.0619086  6.40027e-09   0.00658372  -0.00249564
    0.309507     0.261737     0.224448     0.267558     0.256125     0.263591     0.261749     0.286712     0.220678     0.289273     0.285324     0.281403     0.300106     0.281809     0.306305     0.237127      0.23534     0.265347     0.224111    -0.485746     -2.77704      9.92672     -2.78547     -0.63285  -0.00679492     0.169404     0.243385     0.284144     0.289344     0.294707     0.323285     0.326725     0.282712     0.248919     0.306991     0.294031     0.265132     0.282417     0.275816     0.265267     0.270547      0.29609     0.286106     0.280089     0.299253     0.297417     0.285805     0.275329     0.303329     0.262777     0.301424      0.25962     0.170756       0.2746     0.255317   0.00275911     0.263441    0.0105651     0.219939     0.169516   -0.0605429   0.00124296  0.000506988  -0.00300515 -0.000587431   0.00159743   0.00556501    0.0119061    0.0217217    0.0315272    0.0430861    0.0551466    0.0690354    0.0830121     0.101155     0.119139     0.132575     0.141602     0.139853      0.12618    0.0943317    0.0154499  -0.00198563   -0.0498916   -0.0362861   -0.0334926   -0.0328555   -0.0325052   -0.0327122    -0.033435    -0.034698   -0.0352568   -0.0402565    -0.041815   -0.0393774   -0.0375299   -0.0359149   -0.0340803   -0.0342182   -0.0349946   -0.0347125   -0.0350162   -0.0335881   -0.0326304   -0.0310307   -0.0321156   -0.0346318   -0.0370087   -0.0385524   -0.0466604   -0.0498363   -0.0678488   -0.0774647   -0.0277892   -0.0242397   -0.0184469  -0.00571158   -0.0221036   -0.0408005   -0.0654764  1.47986e-08 -0.000236567  -0.00185428
    0.325761      0.27958     0.240353      0.28603     0.266921     0.278104     0.277602     0.303324      0.22933     0.302131     0.299508     0.294695     0.316013     0.298203     0.333398     0.267367     0.265085     0.272041     0.268277     0.140146    -0.620677     -2.78547      9.85188     -2.71062    -0.756566   -0.0708448     0.173268     0.256074     0.279667     0.298116     0.336636     0.345564     0.303585      0.26826     0.326711     0.312547     0.283209     0.299563      0.29342     0.283878     0.288119     0.313587     0.303523     0.298602     0.317235     0.315176     0.303085     0.291919      0.32221     0.275812     0.317964     0.273031     0.178201     0.292331     0.271986   0.00324002     0.277621    0.0115941     0.236142     0.176956   -0.0637135  0.000640397 -0.000912965  -0.00514322  -0.00299745  -0.00121808   0.00210215   0.00752434    0.0167633    0.0254095    0.0354906    0.0460548    0.0582869    0.0709897    0.0882942     0.106754      0.12168     0.132678     0.135703     0.126282     0.102316    0.0328013 -0.000442682   -0.0566849   -0.0367262   -0.0281203   -0.0253078    -0.025399   -0.0251278   -0.0264152   -0.0281579   -0.0291298   -0.0338517   -0.0355586   -0.0342108   -0.0328915   -0.0317346   -0.0307155   -0.0311736   -0.0321487    -0.031922   -0.0322552   -0.0308977   -0.0302685    -0.028733   -0.0300047   -0.0327036   -0.0351524   -0.0366654   -0.0449298   -0.0480016   -0.0679451   -0.0779257   -0.0230091   -0.0205672   -0.0188906  -0.00489804   -0.0232772   -0.0412861   -0.0677923  3.56011e-09   0.00283822  -0.00214496
     0.30223     0.274832     0.241046     0.283256     0.235338     0.259817     0.265396     0.287528     0.202239     0.274032     0.274381     0.269955     0.289148     0.276839     0.321853     0.267664     0.268465     0.270114     0.252285     0.227884    0.0586198     -0.63285     -2.71062      10.7899     -2.50674    -0.840461   -0.0594954     0.176921     0.233737     0.262892     0.307599     0.324277     0.299798     0.268816     0.313664     0.300331     0.278186     0.286328     0.283794     0.281117      0.27996     0.297972     0.290242     0.291102     0.302527     0.299995     0.289209     0.278301     0.309526      0.25303     0.297073     0.251479     0.159034     0.280586     0.262771   0.00402258     0.257553    0.0124145     0.237936     0.159173   -0.0590163   0.00625592   0.00288905   -0.0014254   0.00013152   0.00193289   0.00450164   0.00780626    0.0133313     0.017834    0.0230149    0.0283595    0.0344371    0.0406013    0.0492592    0.0586863    0.0661414     0.070676    0.0698713    0.0581239    0.0337228   -0.0117308   -0.0558477    -0.022011   -0.0237564   -0.0055729   0.00447457   0.00313085   0.00355107   0.00160547 -0.000533433  -0.00223934  -0.00565753  -0.00746298   -0.0102602   -0.0113167   -0.0121892    -0.014602   -0.0159594   -0.0173649   -0.0173745    -0.017737    -0.017085   -0.0180709   -0.0172057   -0.0189358   -0.0216244   -0.0236796   -0.0248501   -0.0320548   -0.0345194   -0.0548902   -0.0628443   -0.0114287   -0.0101606   -0.0234629 -0.000774355   -0.0296074   -0.0385984    -0.058799  1.48062e-08    0.0163063  -0.00308788
    0.284767     0.257537     0.225479       0.2651     0.222295     0.244296     0.249138     0.270043     0.190803     0.257567     0.258487     0.252946     0.272325     0.259605     0.304075     0.254919     0.262195     0.270269      0.25474     0.234851     0.174409  -0.00679492    -0.756566     -2.50674      11.3758     -2.53558    -0.691014    0.0262265     0.180657     0.219683     0.271129     0.297287     0.276322     0.249148     0.295704      0.28251     0.259452     0.269229     0.265636     0.261275     0.262036     0.280819      0.27279      0.27198     0.284595     0.282168     0.271607     0.261338     0.290117     0.240379     0.279975     0.236696     0.150582     0.261046     0.244764   0.00350653     0.242304    0.0114494      0.22175     0.150202    -0.055917   0.00423121    0.0013049  -0.00284606  -0.00144319  5.97004e-05    0.0022907   0.00530243    0.0107008    0.0150015    0.0199182    0.0250716    0.0310326    0.0373706    0.0467051    0.0577951    0.0677693    0.0757798    0.0802706    0.0784693    0.0673617    0.0450901    0.0101987    0.0301108   -0.0406883   -0.0253719  -0.00114698  -0.00429268  -0.00689757  -0.00878205   -0.0112512   -0.0129718   -0.0158823   -0.0175713   -0.0190397   -0.0190495    -0.019023   -0.0200737   -0.0210745   -0.0222599   -0.0222228   -0.0225709   -0.0216511   -0.0220497   -0.0210395   -0.0225549   -0.0250524   -0.0269761   -0.0280391   -0.0349762   -0.0374472   -0.0553216    -0.062712   -0.0186661   -0.0159832   -0.0229092  -0.00148612   -0.0282883   -0.0376516   -0.0561123  5.08773e-09    0.0143542   -0.0029394
