   123   123     1
     5.68385      0.26079     0.180239     0.262264     0.256176     0.264457     0.258709     0.286459     0.218507     0.289261     0.285768     0.283467     0.303122     0.287741     0.322305     0.260967     0.277123     0.305934     0.316533     0.324411     0.306295     0.310346     0.325267     0.299104     0.280952     0.313266     0.330727     0.329712     0.305192     0.292827     0.321229      0.31831     0.261601     0.222317     0.292928     0.293004     0.257849     0.278209      0.27256     0.256196      0.25924     0.316973     0.291852     0.281409     0.292682     0.284862     0.265449     0.273465      0.41495       0.2877     0.420666     0.263029     0.127807      0.22697     0.233502  0.000853633     0.263615    0.0349336    -0.846719     -6.11925       1.0971   -0.0128149   -0.0166709   -0.0220165   -0.0230392   -0.0267182   -0.0304654    -0.033042   -0.0296233   -0.0295086   -0.0306839   -0.0323048   -0.0349149   -0.0372049   -0.0409814   -0.0446277   -0.0464358   -0.0476822   -0.0482425   -0.0494016   -0.0502085    -0.048838   -0.0478492   -0.0505411   -0.0483526   -0.0480092   -0.0471359   -0.0469991    -0.048387   -0.0481925   -0.0484492    -0.047944   -0.0512373   -0.0515021   -0.0478496   -0.0458504   -0.0443867   -0.0427395   -0.0421484   -0.0420258   -0.0416426   -0.0412303   -0.0402929   -0.0398248    -0.039123   -0.0398576    -0.041296   -0.0442238   -0.0508093   -0.0668373   -0.0903193   -0.0805753   -0.0639108    -0.206985    -0.164992    -0.134694  -0.00717346    -0.134466    -0.543596      2.18099 -2.07996e-07  -0.00451942   -0.0354527
     0.26079     0.293518   -0.0223735     0.274805     0.118068      0.21068     0.242139     0.253214     0.129463     0.199467     0.214929     0.214144     0.233396     0.233348     0.300057     0.247936     0.254725     0.269341     0.274982     0.290059     0.275393     0.273089      0.29087     0.280105     0.262402     0.283689     0.291451     0.294233     0.283584      0.27369     0.296031     0.299944     0.270585     0.237802     0.291908     0.284565       0.2542     0.269167     0.271706     0.267649     0.257415     0.290265     0.261821     0.263116     0.267919      0.25269     0.229142     0.222193     0.278532     0.133149     0.151225    0.0628298    0.0171963     0.266886     0.225709   0.00346375     0.223571   0.00935816     0.246722     0.131052   -0.0303441    0.0220653      0.01055    0.0102403    0.0092239    0.0101698    0.0113697    0.0119813    0.0112926    0.0106748    0.0100557   0.00923479   0.00824341    0.0069447   0.00561995   0.00445963   0.00353894   0.00263364   0.00200302     0.001855   0.00219704   0.00298962   0.00372281   0.00419784   0.00510546   0.00574178   0.00598841   0.00612264   0.00610195   0.00587315   0.00560504   0.00511903   0.00395554   0.00340416   0.00184781  0.000427533 -0.000861445  -0.00290217  -0.00355987  -0.00369462  -0.00363307  -0.00335822  -0.00367869  -0.00542157  -0.00636395  -0.00786657  -0.00901166  -0.00970659   -0.0106364   -0.0135292   -0.0163343  -0.00979129  -0.00196121   -0.0165275   -0.0818135   -0.0567382 -0.000214253   -0.0665603    -0.052636   -0.0453605   1.3034e-08     0.039894  -0.00656117
    0.180239   -0.0223735      5.58041    -0.112631     0.431681     0.251761     0.235592      0.25919     0.185561     0.241808     0.225307     0.204505     0.207349     0.198606     0.251872     0.209605      0.21512     0.225495     0.227819     0.238813     0.225413     0.221659     0.235539     0.227576     0.212756     0.228203     0.232759     0.235194     0.228398     0.220778     0.238025     0.243257     0.224985     0.199662      0.24095     0.233459     0.209126      0.22037     0.224392     0.224285     0.212146     0.232547     0.208592     0.213276     0.216049     0.201619     0.181113     0.170763      0.19122    0.0636766    0.0447597  -0.00745272   -0.0203452     0.229301     0.211269   0.00429309     0.176392   0.00914959     0.227162    0.0956118   -0.0136246    -0.143427    -0.144216   -0.0275867   -0.0139717   -0.0108117  -0.00864951  -0.00705697  -0.00379542  -0.00213937  -0.00052392   0.00146741   0.00341411   0.00511725   0.00664916   0.00816003   0.00940867     0.010186     0.010738    0.0115776    0.0125911    0.0133964    0.0140398    0.0150811    0.0154465    0.0158984    0.0158461     0.015842    0.0160141    0.0156937    0.0154632    0.0148792    0.0144032    0.0139452    0.0115932   0.00971637   0.00807636   0.00562173   0.00484337   0.00466115   0.00462445    0.0047744   0.00406989   0.00192502  0.000672158 -0.000711852  -0.00158953  -0.00154217  -0.00101602 -0.000351232   0.00257671   0.00893828    0.0149292    0.0691171    0.0335662    0.0129207   0.00628455   0.00363276    0.0340363   -0.0201646 -7.15212e-08     0.041512  -0.00635269
    0.262264     0.274805    -0.112631      0.49505    -0.124968     0.259942     0.256649     0.267439     0.135848     0.209026     0.223471     0.220098     0.238381      0.23888     0.312572     0.259471     0.265592     0.278959     0.283805     0.300154     0.285045      0.28167     0.300379     0.290807     0.272375     0.293288      0.30007     0.303036     0.293222     0.283107     0.305558     0.309959     0.282001     0.248782     0.303859     0.295738     0.264593     0.279914     0.283267     0.280312      0.26866     0.300657     0.270055     0.271902     0.275817     0.258776     0.233536     0.224676     0.274451     0.121899     0.125058    0.0390829   0.00308022      0.27591     0.236153   0.00410893     0.226607    0.0103464     0.262727     0.131223   -0.0298053   0.00816298    0.0127656   -0.0298778   0.00837902    0.0101556    0.0117545    0.0127042    0.0122246    0.0117941    0.0114334    0.0109673    0.0103629   0.00936908    0.0083385   0.00741454   0.00658243   0.00566582   0.00496281   0.00478395   0.00508508   0.00574396   0.00634475   0.00680446   0.00756247   0.00812533   0.00826971   0.00833916   0.00829704     0.008012   0.00772395   0.00719199   0.00602801   0.00550063   0.00376423   0.00218598  0.000728718  -0.00161934  -0.00234788  -0.00246297  -0.00240374   -0.0021213  -0.00254707  -0.00457905  -0.00571655  -0.00736718  -0.00851694  -0.00892509   -0.0092125   -0.0107397   -0.0109902  -0.00302412     0.004714   -0.0205871   -0.0877444   -0.0650108  0.000918372   -0.0769854   -0.0556017    -0.043935 -2.25841e-09    0.0499928  -0.00838637
    0.256176     0.118068     0.431681    -0.124968       1.5078     -0.15282     0.263171     0.224446     0.254208     0.299276      0.27262     0.271374     0.286793     0.257916     0.236676     0.182011     0.202043     0.236905     0.249448     0.245077     0.227439     0.235817     0.243253     0.211292     0.197807     0.228071     0.249541     0.249963     0.226302     0.217094     0.243135     0.244691     0.195655     0.161882     0.214242     0.213769     0.185934     0.198888     0.193851     0.178723     0.178362     0.222239     0.214139     0.214928     0.231706     0.234266     0.225556     0.234745     0.353706     0.248289     0.421373     0.309529      0.15934     0.252476     0.181525  -0.00232069      0.23648   0.00119845     0.130637     0.138509    -0.029751    0.0320889    0.0494387    0.0436161   -0.0739986   -0.0428047   -0.0485717   -0.0513721   -0.0438233    -0.040466   -0.0384511   -0.0368942   -0.0361643   -0.0347123   -0.0337665   -0.0322164    -0.029219   -0.0259324   -0.0224943   -0.0193962   -0.0160667   -0.0121198  -0.00861053  -0.00580551  -0.00293522 -0.000908551  0.000511937   0.00149976    0.0023366    0.0025812   0.00249541   0.00207106   0.00169995  0.000615615  -0.00110774   -0.0021043   -0.0025096  -0.00229977  -0.00266675  -0.00324063  -0.00329424  -0.00318576  -0.00288356  -0.00226523  -0.00164374  -0.00171868  -0.00310937  -0.00691534   -0.0146618   -0.0314664   -0.0611642    -0.072947   -0.0636118     0.240546     0.170986      0.18388  -0.00448552     0.202096     0.140565   -0.0491632  4.32854e-10   -0.0767057    0.0107981
    0.264457      0.21068     0.251761     0.259942     -0.15282     0.780967   -0.0512689     0.337266      0.18529     0.241315     0.241931      0.24351     0.262993     0.251045     0.281835     0.227309     0.240175     0.263968     0.272566     0.279447     0.262892     0.265022     0.278751     0.258449     0.242038     0.267777     0.281641     0.283458     0.266898      0.25702     0.281572     0.284642     0.246113     0.212018      0.26684     0.262232     0.232066     0.246591     0.245971     0.237167     0.230735     0.269059     0.248547     0.249813     0.259876     0.251815     0.233944     0.233555     0.317453      0.18474     0.268775     0.168533    0.0774719     0.268356     0.215452   0.00115134     0.235405   0.00615529     0.205655     0.137823   -0.0301119    0.0130626    0.0168173    0.0160003    0.0129023   -0.0284917   -0.0146871   -0.0160886   -0.0133773   -0.0122086   -0.0115546   -0.0111677   -0.0112549   -0.0112277    -0.011457   -0.0113524   -0.0105122  -0.00956714  -0.00841433   -0.0071338  -0.00547419  -0.00329428  -0.00134615  0.000147471   0.00191378   0.00315815   0.00390755   0.00440596     0.004751   0.00471618   0.00451905   0.00404565   0.00319788   0.00240489  0.000718146 -0.000568994  -0.00152338  -0.00266016  -0.00320875  -0.00353827  -0.00352887  -0.00332259  -0.00340316  -0.00420976  -0.00452311  -0.00545731  -0.00673823  -0.00877093   -0.0126319   -0.0215152   -0.0358179   -0.0368236   -0.0280279    0.0973833    0.0318823    0.0487991  -0.00167076    0.0506664    0.0337913    -0.047214  1.01165e-09  -0.00899706  0.000676296
    0.258709     0.242139     0.235592     0.256649     0.263171   -0.0512689     0.702068     -0.12298       0.3312     0.284308      0.22955     0.220168     0.242047     0.239344     0.291054     0.238432     0.247868     0.266224     0.272852     0.284145     0.268573     0.267996     0.283857     0.269115     0.252049     0.274997     0.285213     0.287571     0.274576     0.264774      0.28786     0.291501      0.25875     0.225702     0.279625     0.273406     0.243346     0.257968     0.259275      0.25341     0.244631     0.279223     0.254263     0.255748     0.262677      0.25046      0.22939     0.224975     0.291091     0.151421     0.195253     0.103593    0.0405166     0.266713     0.221319   0.00254497     0.226803   0.00803848     0.229161     0.132248   -0.0294457   0.00834248   0.00797239   0.00655184   0.00745029   0.00710503   -0.0163146  -0.00245785  0.000284711  0.000187426   0.00016017  4.64035e-05 -0.000326607 -0.000847728   -0.0015028  -0.00194676  -0.00199165  -0.00201986   -0.0018304   -0.0013153 -0.000372296   0.00101412   0.00226307    0.0032136   0.00446021   0.00535081   0.00579632   0.00607964   0.00622937   0.00607651    0.0058397   0.00534949   0.00435975   0.00370904   0.00204003  0.000642314  -0.00053165  -0.00222691  -0.00285083  -0.00306952  -0.00303667  -0.00279787  -0.00303906  -0.00441566  -0.00511513  -0.00637583  -0.00756918  -0.00878867   -0.0108718   -0.0160827   -0.0234069   -0.0200659   -0.0119224     0.037585   -0.0270859  -0.00765351 -0.000442781   -0.0125015    -0.010706   -0.0448668  4.12318e-10    0.0194834  -0.00362615
    0.286459     0.253214      0.25919     0.267439     0.224446     0.337266     -0.12298      1.10604     -1.09729   0.00820002     0.245148     0.248693     0.260998     0.256928     0.309675     0.254225     0.266966     0.290049     0.298568     0.309237     0.291761     0.292155     0.308475      0.28991       0.2715     0.297796     0.310509     0.312782     0.296956     0.286188     0.312026     0.315527     0.276906      0.24034     0.299906     0.293938      0.26104      0.27708     0.277556       0.2697      0.26147     0.301319     0.275809      0.27688     0.285708     0.274101     0.252418     0.249568     0.330858     0.182068     0.247807     0.142436    0.0608575     0.288251     0.240099   0.00219264     0.251288   0.00789224     0.241538     0.148531   -0.0323591    0.0142784    0.0163442    0.0169877    0.0189547    0.0196888    0.0189086   -0.0160596  -0.00641747  -0.00433949  -0.00423103  -0.00437235  -0.00488276  -0.00541924  -0.00613806  -0.00661535  -0.00656421  -0.00645692  -0.00607699  -0.00541901   -0.0043008  -0.00258284  -0.00103879 -1.13803e-05    0.0015513   0.00261108   0.00321964   0.00359764   0.00376227   0.00365559   0.00341262   0.00293112   0.00180296   0.00105853 -0.000535379  -0.00187828  -0.00296157   -0.0044715  -0.00507244  -0.00533314  -0.00529619  -0.00504491   -0.0052019   -0.0064258  -0.00698937  -0.00822363  -0.00955959   -0.0112526   -0.0143554   -0.0218162   -0.0329741   -0.0305334       -0.021    0.0510618   -0.0121042    0.0065268  -0.00128758   0.00346041  -0.00136969   -0.0504871  4.42451e-10   0.00991118  -0.00228359
    0.218507     0.129463     0.185561     0.135848     0.254208      0.18529       0.3312     -1.09729       9.5624     -2.59975    -0.340754     0.160066     0.206353     0.179406      0.18538     0.151817     0.171097      0.20056     0.212385     0.213013     0.198968     0.204003     0.211431     0.187729     0.175691      0.19959     0.215293     0.215644     0.197467     0.189587     0.210608     0.211304     0.172037     0.144099     0.188885     0.188101     0.164444     0.176067     0.172365     0.160801     0.160402     0.197053     0.186729     0.185629     0.197445     0.196774      0.18721      0.19343     0.288681      0.19852     0.321743     0.226115     0.114172     0.195827     0.161626  -0.00100915     0.193752   0.00185321     0.131441     0.120883   -0.0240808    0.0227144    0.0324248    0.0387323    0.0443613    0.0472472    0.0480797    0.0458977   -0.0308311   -0.0255855   -0.0234865    -0.022433    -0.023033   -0.0231247   -0.0234878   -0.0235525   -0.0227564     -0.02175   -0.0204451   -0.0192811    -0.017837   -0.0155714   -0.0135504   -0.0125697   -0.0105639  -0.00935567  -0.00838441  -0.00778916  -0.00756642  -0.00739226    -0.007495   -0.0076602  -0.00853452  -0.00924206  -0.00966939  -0.00998838   -0.0100224  -0.00971886  -0.00984413   -0.0101566   -0.0101394   -0.0100064      -0.0097  -0.00939765  -0.00897145  -0.00923343   -0.0103281    -0.013076   -0.0187761    -0.031473   -0.0528476   -0.0571726   -0.0481129    0.0980592    0.0751039    0.0797501   -0.0041205    0.0880282    0.0535113   -0.0418276  3.62061e-09   -0.0431271    0.0058347
    0.289261     0.199467     0.241808     0.209026     0.299276     0.241315     0.284308   0.00820002     -2.59975      8.37925     -2.78674    -0.403628     0.223297     0.251181     0.248529     0.201882     0.228738     0.267683     0.284845     0.290886     0.273406     0.278107     0.289896     0.262437     0.245466     0.275175     0.293129     0.293984     0.272476     0.261932     0.289039     0.290498     0.242499     0.205742     0.265317     0.262866     0.231103     0.246794     0.243473     0.230357     0.227825     0.274017     0.256372     0.255111     0.268393     0.263986     0.248405      0.25336     0.366567     0.239148     0.371183     0.249691     0.122538     0.262478     0.223293 -0.000171382      0.25385   0.00408191     0.197295      0.15822   -0.0316973     0.029266    0.0398568    0.0475812    0.0545708    0.0590516    0.0602038    0.0562106    0.0164101   -0.0269021   -0.0255981   -0.0210171   -0.0213454   -0.0219368   -0.0227816   -0.0232804   -0.0229835   -0.0225153   -0.0216445   -0.0207644   -0.0194665    -0.017145   -0.0150599    -0.014226   -0.0119952   -0.0106838  -0.00964172  -0.00902588  -0.00889103  -0.00875674  -0.00892886  -0.00916735    -0.010461   -0.0112979   -0.0118713   -0.0124012   -0.0126411   -0.0127172    -0.012955   -0.0132807   -0.0132423   -0.0130395   -0.0127636   -0.0128428   -0.0125965    -0.013225   -0.0146258   -0.0176439   -0.0238284    -0.037833   -0.0607441   -0.0628888   -0.0512031    0.0824867    0.0531883    0.0606669  -0.00444026    0.0661496    0.0356215   -0.0541653  2.07204e-09   -0.0341685   0.00430016
    0.285768     0.214929     0.225307     0.223471      0.27262     0.241931      0.22955     0.245148    -0.340754     -2.78674      8.99437     -2.76486    -0.332129     0.271457     0.269209     0.190855     0.216932     0.259047     0.280346     0.291146      0.27546     0.279437     0.292385     0.267467     0.250018     0.278163     0.294147     0.295085     0.275221     0.264724     0.291072     0.292796     0.247634     0.211492      0.27051      0.26732     0.235719     0.251387     0.248992     0.237253     0.233669     0.278009     0.258319     0.257126     0.268889     0.262547      0.24551     0.248581     0.353218     0.222978     0.335808     0.218583     0.104898     0.260674     0.225366  0.000481088     0.249036    0.0049468     0.207766     0.155198   -0.0312935    0.0261774    0.0349393     0.041913    0.0485465    0.0541526    0.0572665    0.0544142    0.0376405     0.013019   -0.0225746   -0.0180327    -0.015807   -0.0163801   -0.0177497    -0.018492   -0.0186367   -0.0186658   -0.0182997   -0.0178039   -0.0168764   -0.0149939   -0.0132929   -0.0127583   -0.0108201  -0.00970873  -0.00882903  -0.00832693  -0.00829485  -0.00821838  -0.00841017  -0.00865461    -0.010017   -0.0107854   -0.0113377   -0.0119104   -0.0122504   -0.0125885   -0.0128616   -0.0131311    -0.013083   -0.0128672   -0.0126627   -0.0130053   -0.0129382   -0.0137166    -0.015073   -0.0177024   -0.0230397   -0.0352842    -0.054859   -0.0549186   -0.0435515    0.0533143    0.0248873    0.0335178  -0.00386931    0.0357984    0.0141673   -0.0529341  1.53618e-09    -0.020656   0.00224056
    0.283467     0.214144     0.204505     0.220098     0.271374      0.24351     0.220168     0.248693     0.160066    -0.403628     -2.76486        8.797     -2.71999   -0.0520506     0.330892     0.195221     0.199518     0.241986     0.269457     0.284204     0.270946     0.276162     0.289417     0.264563     0.247266     0.275158     0.290961       0.2916     0.271548     0.261096     0.287205     0.288787     0.243662     0.207901     0.266387     0.263468     0.232149     0.247764     0.245131     0.233341     0.230045     0.274287     0.255058     0.253691     0.265485      0.25948     0.242843     0.246238      0.35133     0.223384     0.337739     0.220811     0.106404     0.256859     0.221492  0.000363427     0.246508    0.0047502     0.203379      0.15391   -0.0312559    0.0209041     0.028671    0.0346214    0.0408618    0.0470329    0.0522472    0.0530575    0.0449702    0.0341184    0.0137301   -0.0191628   -0.0151367   -0.0149644   -0.0179044   -0.0188634   -0.0190755   -0.0191185   -0.0187406   -0.0182243    -0.017291   -0.0154312    -0.013749   -0.0132493   -0.0113394   -0.0102586  -0.00938842  -0.00889444  -0.00887811  -0.00879583  -0.00898527  -0.00921587   -0.0105825   -0.0113453   -0.0118294   -0.0123442   -0.0126399    -0.012884   -0.0131238    -0.013393   -0.0133433   -0.0131292   -0.0129005   -0.0131834   -0.0130809   -0.0138271   -0.0151739   -0.0178277   -0.0232267   -0.0355911   -0.0554141   -0.0556508   -0.0443345    0.0522856     0.024173    0.0337667  -0.00408111    0.0363456    0.0135927   -0.0528914  3.88036e-09   -0.0219554   0.00232776
    0.303122     0.233396     0.207349     0.238381     0.286793     0.262993     0.242047     0.260998     0.206353     0.223297    -0.332129     -2.71999      6.97405     -2.57856     0.175797     0.317553     0.243673     0.250975     0.276723      0.29801     0.287709     0.294951     0.310324     0.284575     0.266151     0.295878     0.312431     0.312958     0.291551     0.280263     0.308106     0.309889     0.262013     0.223773     0.286376     0.283043      0.24964     0.266187     0.263688     0.251162     0.247443     0.294462       0.2736     0.272289     0.284747     0.278057     0.260025     0.263328     0.374347     0.236493     0.356232      0.23196     0.111447     0.276809     0.236743  0.000459712     0.263652    0.0052499     0.218578     0.163773   -0.0336927    0.0154272    0.0217969    0.0261044    0.0315797    0.0373313    0.0433237    0.0469927    0.0438421    0.0400983    0.0325795    0.0126252   -0.0104615   -0.0100027   -0.0174827   -0.0190907   -0.0193578   -0.0195208   -0.0190919   -0.0184418    -0.017354   -0.0153525   -0.0135396   -0.0129167   -0.0109218  -0.00978052  -0.00888174  -0.00836638   -0.0083323  -0.00825959  -0.00846625  -0.00873625   -0.0101647   -0.0109843    -0.011596   -0.0122142   -0.0125913    -0.012971   -0.0132773    -0.013564   -0.0135095   -0.0132783   -0.0130552   -0.0134027   -0.0133301    -0.014151   -0.0155924   -0.0183759   -0.0240124   -0.0369374   -0.0576413   -0.0578968   -0.0460088    0.0581715    0.0236163    0.0358019  -0.00425092    0.0384118    0.0144725   -0.0565423  6.49398e-09   -0.0219182   0.00219786
    0.287741     0.233348     0.198606      0.23888     0.257916     0.251045     0.239344     0.256928     0.179406     0.251181     0.271457   -0.0520506     -2.57856      6.25587     -2.24085     0.298492     0.338048     0.268072     0.254928     0.275304     0.271337     0.280599      0.29789     0.276211     0.258836     0.286602     0.301257     0.301909     0.282551     0.271658     0.297828     0.299938     0.256341     0.220007     0.279499     0.275706      0.24352     0.259519     0.257738     0.247079     0.242245     0.285658     0.264229     0.263516     0.274474     0.266652     0.248258     0.249786     0.348773     0.213169     0.313585     0.198825    0.0934215      0.26906     0.228631  0.000918511     0.250381   0.00577956     0.216801     0.153697   -0.0322138   0.00955847     0.013303    0.0152837     0.019047     0.023069    0.0278043    0.0318648    0.0319978    0.0318735    0.0305138    0.0247951    0.0128096  0.000364284    -0.011683   -0.0143306   -0.0140882   -0.0146587   -0.0145767   -0.0140193    -0.013024   -0.0112843  -0.00969287   -0.0090416  -0.00733009  -0.00632922  -0.00559143    -0.005164  -0.00512746  -0.00511286  -0.00532579  -0.00563791  -0.00695588  -0.00772344  -0.00854569   -0.0093181  -0.00985949   -0.0104805   -0.0108259   -0.0110956   -0.0110489   -0.0108198   -0.0106993   -0.0112676   -0.0113682   -0.0122736   -0.0136315   -0.0160108   -0.0207433   -0.0316964   -0.0490016    -0.048403    -0.037548    0.0506591    0.0101124    0.0240537  -0.00337596    0.0248796   0.00716756   -0.0530198  6.63111e-09    -0.012019   0.00084796
    0.322305     0.300057     0.251872     0.312572     0.236676     0.281835     0.291054     0.309675      0.18538     0.248529     0.269209     0.330892     0.175797     -2.24085      4.44041     -2.42598     -0.23402     0.264351     0.309182     0.310656     0.301814     0.314269     0.342402     0.328719      0.31015      0.33983     0.352861     0.354727     0.337039     0.324439     0.352805     0.356522     0.314276     0.273473     0.340527     0.333551     0.296601     0.314726     0.315659     0.307365     0.297923     0.342271     0.312236     0.312937     0.321897      0.30769     0.282402     0.278432     0.366954     0.198899     0.263032      0.14483    0.0596267     0.318208     0.273393    0.0028654     0.280055   0.00924162     0.279947      0.16806    -0.035882    0.0106983    0.0115378    0.0117821    0.0142156    0.0174118    0.0210916     0.024107    0.0242061    0.0236904    0.0219247    0.0182393    0.0109484  -0.00206739  -0.00169589  -0.00747382  -0.00432086  -0.00315184  -0.00389092  -0.00410277  -0.00360322  -0.00255151  -0.00148621 -0.000904887  0.000306546   0.00105143   0.00144966   0.00167874   0.00164612   0.00147652   0.00117765  0.000681164 -0.000769779  -0.00155661  -0.00308627  -0.00450326  -0.00567617  -0.00743437  -0.00808458  -0.00831514  -0.00827072  -0.00798644  -0.00815156  -0.00963998    -0.010333   -0.0118028   -0.0132751   -0.0149851   -0.0181105   -0.0257956    -0.036734   -0.0319323    -0.020853    0.0195344   -0.0388882   -0.0206219  -0.00145467   -0.0267957   -0.0252925   -0.0566436  2.35452e-09    0.0197482  -0.00349882
    0.260967     0.247936     0.209605     0.259471     0.182011     0.227309     0.238432     0.254225     0.151817     0.201882     0.190855     0.195221     0.317553     0.298492     -2.42598      8.90198     -2.77235    -0.490996     0.196609     0.257782     0.226432     0.233369     0.263192     0.261036     0.250622     0.276612     0.287866     0.289821     0.275877     0.265337     0.287801     0.290577     0.257086     0.224159     0.278507     0.272718     0.242651     0.257569     0.258488     0.252325     0.244365     0.279921     0.254645     0.255004     0.261628     0.249302      0.22816     0.224318     0.293616     0.156464     0.201325     0.106157     0.041826     0.255171     0.224227   0.00260885     0.225515   0.00778926     0.232796     0.136533   -0.0286865    0.0105868    0.0112387    0.0116796    0.0137268    0.0168452    0.0205414    0.0238691    0.0245432    0.0252969    0.0253433    0.0239515    0.0204378     0.012501   0.00745444   -0.0100115  -0.00957339  -0.00195409 -0.000887637  -0.00190838  -0.00202453  -0.00168914  -0.00115908 -0.000919498 -0.000256993  7.11036e-05    0.0001901  0.000237386  7.59014e-05 -0.000106814 -0.000370324 -0.000751096   -0.0020317  -0.00263205  -0.00372933  -0.00482621  -0.00576955  -0.00721999  -0.00772097  -0.00788061  -0.00783828  -0.00760178   -0.0077454  -0.00904141  -0.00965791   -0.0109068   -0.0120813   -0.0133212   -0.0155754   -0.0212667   -0.0289618   -0.0237965   -0.0146381  -0.00524106   -0.0457238   -0.0327623  -0.00104869   -0.0394764   -0.0336472   -0.0455788  3.52305e-10    0.0217841  -0.00358617
    0.277123     0.254725      0.21512     0.265592     0.202043     0.240175     0.247868     0.266966     0.171097     0.228738     0.216932     0.199518     0.243673     0.338048     -0.23402     -2.77235      9.29091     -2.86308    -0.363334     0.250232      0.24796     0.232216      0.25725     0.259098     0.254112     0.285624     0.300903     0.303933     0.288466     0.277228     0.300965     0.303132     0.265782     0.230919     0.288588     0.283183      0.25164     0.267428     0.267737     0.260219     0.253016      0.29194     0.266337     0.265989     0.273615     0.261691      0.24028      0.23762     0.316826     0.175843     0.233904     0.129755    0.0543224      0.26355     0.233293   0.00235919     0.238359   0.00760102     0.238859     0.146229   -0.0305135    0.0105076    0.0115951    0.0122027    0.0145695    0.0180061    0.0223104    0.0266979    0.0287124    0.0314107     0.034042    0.0355186    0.0355242     0.031962    0.0265739    0.0155399   -0.0183895  -0.00973494  -0.00324778  -0.00474126  -0.00521987   -0.0049216  -0.00430774  -0.00405548  -0.00334185  -0.00307152  -0.00297279  -0.00295602  -0.00320738  -0.00338497  -0.00366633  -0.00400768  -0.00545331  -0.00607709  -0.00690929  -0.00784639  -0.00864205  -0.00988635   -0.0103397   -0.0105068   -0.0104438   -0.0101923   -0.0102511   -0.0114027   -0.0119049   -0.0131206   -0.0143763   -0.0158873   -0.0187702   -0.0258809   -0.0358885   -0.0308117   -0.0206916  -0.00913798   -0.0449364   -0.0316066  -0.00186428   -0.0376537   -0.0354001   -0.0492878  1.64944e-09     0.016788  -0.00315042
    0.305934     0.269341     0.225495     0.278959     0.236905     0.263968     0.266224     0.290049      0.20056     0.267683     0.259047     0.241986     0.250975     0.268072     0.264351    -0.490996     -2.86308      8.46657     -2.90444    -0.283249      0.25029     0.262476     0.265734     0.260481     0.260234     0.300406     0.323119     0.328998     0.311788     0.299778     0.326166     0.327678     0.283902     0.245424     0.309027     0.304017     0.269633     0.286997     0.286394     0.276767     0.270418     0.314979     0.288545     0.287346     0.296714     0.285256     0.263114     0.262123     0.357256     0.207579      0.28683      0.16788    0.0742731     0.282988     0.250804   0.00200321     0.262332   0.00747528     0.251457     0.162742   -0.0338802   0.00899942    0.0103701    0.0107993    0.0134055    0.0167771     0.021266    0.0263734    0.0299142    0.0345259    0.0397221    0.0442553    0.0482092      0.04959      0.04846    0.0438992    0.0224892   -0.0173847  -0.00834041  -0.00922884   -0.0102191  -0.00946848  -0.00862909  -0.00818997  -0.00728273   -0.0069794  -0.00683913  -0.00682067  -0.00714988  -0.00731876  -0.00762973  -0.00793801  -0.00960222    -0.010282   -0.0108297    -0.011576   -0.0122145    -0.013197      -0.0136    -0.013795   -0.0137026   -0.0134232   -0.0133712   -0.0143356   -0.0146866   -0.0158745   -0.0172733   -0.0192262   -0.0230908   -0.0324292   -0.0461191   -0.0414718   -0.0298694   -0.0062631   -0.0395553   -0.0247434   -0.0029951   -0.0294726   -0.0334385   -0.0555606  4.27677e-09   0.00875003  -0.00242902
    0.316533     0.274982     0.227819     0.283805     0.249448     0.272566     0.272852     0.298568     0.212385     0.284845     0.280346     0.269457     0.276723     0.254928     0.309182     0.196609    -0.363334     -2.90444      8.16926      -2.9232     -0.35549     0.184352     0.258337     0.245872     0.245031     0.290607     0.321887     0.333992     0.319117     0.308122     0.336017     0.337333     0.290926     0.250936      0.31666     0.311735     0.276192     0.294223     0.293199     0.282824     0.276803     0.323513     0.296788      0.29526     0.305289     0.294021     0.271613     0.271256     0.372372     0.219492     0.306695     0.182205    0.0817544     0.290207       0.2572   0.00186279     0.271233   0.00742288     0.256016     0.168794   -0.0351274   0.00700231   0.00802276   0.00793961    0.0103457    0.0131595    0.0170722     0.021834    0.0259377    0.0310571    0.0370582    0.0428264    0.0487042    0.0530014    0.0559784    0.0562075    0.0493867     0.025752   -0.0104422   -0.0109317   -0.0124983   -0.0103202  -0.00974145  -0.00942931  -0.00855297  -0.00832281  -0.00825784  -0.00829934  -0.00868155   -0.0088889  -0.00923727  -0.00953984   -0.0112849   -0.0119752   -0.0123868   -0.0130401    -0.013603   -0.0144543   -0.0148309    -0.015045   -0.0149355   -0.0146424   -0.0145517   -0.0154384   -0.0157313   -0.0169022   -0.0183601   -0.0204728   -0.0247082   -0.0348857   -0.0499634   -0.0454714   -0.0333223  -0.00454256   -0.0370625   -0.0215972  -0.00340634   -0.0257984    -0.032164   -0.0578526   5.7636e-09   0.00567641   -0.0021454
    0.324411     0.290059     0.238813     0.300154     0.245077     0.279447     0.284145     0.309237     0.213013     0.290886     0.291146     0.284204      0.29801     0.275304     0.310656     0.257782     0.250232    -0.283249      -2.9232      8.38412     -2.89716    -0.628504    0.0674436     0.205246     0.221689     0.269596     0.309614     0.332877     0.326118     0.318673     0.348945     0.351326     0.305007      0.26367      0.33095     0.324986     0.288213     0.306707     0.306267     0.296396     0.289361     0.336365     0.307763     0.306589     0.316229     0.303565     0.279613     0.278043     0.377018     0.216743     0.296275     0.170868    0.0745745     0.301427     0.267837   0.00229249     0.278246   0.00817826     0.270429       0.1723   -0.0358492   0.00668777   0.00687398    0.0062589   0.00828102    0.0106502    0.0139175     0.017863    0.0215078    0.0258967     0.031119    0.0362844    0.0417644    0.0462161    0.0502411    0.0519403    0.0505382    0.0423299    0.0196708  -0.00345746  -0.00748858  -0.00377077  -0.00482283   -0.0069046  -0.00617817  -0.00622349  -0.00645351  -0.00667402  -0.00711885  -0.00746412  -0.00789664  -0.00826465   -0.0100253   -0.0107104   -0.0112584    -0.012019   -0.0127259   -0.0138134   -0.0142648   -0.0144861   -0.0143708   -0.0140616   -0.0140421   -0.0151257   -0.0155507   -0.0168377    -0.018331   -0.0202948   -0.0241966   -0.0336921   -0.0474468   -0.0420184    -0.029795    -0.010579   -0.0462904   -0.0305796  -0.00294114   -0.0362951   -0.0383703   -0.0585815  5.05483e-09    0.0124449  -0.00291443
    0.306295     0.275393     0.225413     0.285045     0.227439     0.262892     0.268573     0.291761     0.198968     0.273406      0.27546     0.270946     0.287709     0.271337     0.301814     0.226432      0.24796      0.25029     -0.35549     -2.89716      9.93217     -2.78404    -0.783852   -0.0320647     0.136651     0.207825     0.257019     0.291434     0.296229     0.296034     0.328265     0.332391     0.289082      0.24997     0.313483     0.307482     0.272527     0.290023     0.289544     0.280275     0.273745     0.318246      0.29096     0.289601     0.298506      0.28634     0.263558      0.26201     0.355329     0.204185     0.277484     0.158675    0.0688591     0.282208     0.253341   0.00223149     0.261959     0.007766     0.256956     0.163006   -0.0337208   0.00583659   0.00566331   0.00485575   0.00659025   0.00859452    0.0113669    0.0147272    0.0180093    0.0218715     0.026523     0.031248    0.0364579    0.0410886    0.0462393    0.0499668    0.0514072    0.0501736    0.0415126    0.0287796   0.00754066   0.00517314   0.00103155  -0.00759745  -0.00633105  -0.00655476  -0.00700942  -0.00740116  -0.00792713   -0.0083796  -0.00888335   -0.0092435   -0.0109416   -0.0115545   -0.0119112   -0.0125143   -0.0131053   -0.0140619   -0.0144639   -0.0146678   -0.0145403   -0.0142395   -0.0142125   -0.0152282   -0.0156281   -0.0168426   -0.0182516   -0.0200551   -0.0236753   -0.0325763   -0.0452951   -0.0395681   -0.0278809   -0.0205298   -0.0500968   -0.0358382  -0.00283625   -0.0418851   -0.0423012   -0.0553116  4.74981e-09    0.0136176  -0.00302293
    0.310346     0.273089     0.221659      0.28167     0.235817     0.265022     0.267996     0.292155     0.204003     0.278107     0.279437     0.276162     0.294951     0.280599     0.314269     0.233369     0.232216     0.262476     0.184352    -0.628504     -2.78404      10.5965     -2.76966    -0.796493    -0.112138     0.107685     0.205535     0.258154     0.275196     0.284569     0.323488     0.331401     0.287723     0.248537       0.3131     0.307222      0.27177     0.289358     0.288255     0.278041     0.272487     0.318591     0.291827     0.289752     0.299205     0.287736      0.26542     0.264965     0.363999     0.214542     0.296413     0.173349    0.0770806     0.279436     0.252846   0.00195118     0.264342   0.00736004      0.25426      0.16613    -0.034214   0.00445967   0.00429595   0.00331439   0.00502909   0.00679188   0.00935472    0.0126503    0.0162752    0.0203898    0.0253487    0.0305052    0.0363784     0.042042    0.0492294    0.0559606    0.0605091    0.0631085    0.0612204    0.0549635    0.0414391    0.0130685   0.00472555   -0.0126195   -0.0098199  -0.00954486  -0.00985002   -0.0103887   -0.0110226   -0.0115785   -0.0121948    -0.012551   -0.0143027   -0.0149062   -0.0149717   -0.0153087   -0.0157022   -0.0163635   -0.0166844   -0.0168891   -0.0167352   -0.0164227   -0.0163174   -0.0171583   -0.0174392   -0.0185812   -0.0200249   -0.0219911   -0.0260314   -0.0358192   -0.0500535   -0.0443551   -0.0321635   -0.0264732   -0.0499817   -0.0356064   -0.0034857    -0.041068   -0.0441878   -0.0567451  6.08994e-09   0.00944873  -0.00265432
    0.325267      0.29087     0.235539     0.300379     0.243253     0.278751     0.283857     0.308475     0.211431     0.289896     0.292385     0.289417     0.310324      0.29789     0.342402     0.263192      0.25725     0.265734     0.258337    0.0674436    -0.783852     -2.76966      10.6525     -2.63854    -0.904079    -0.204315      0.10443     0.222172     0.259368     0.280367      0.32991     0.346248     0.305264     0.265302     0.333377     0.326466     0.288675     0.306915     0.306016     0.295955     0.289201     0.336721     0.308065      0.30656     0.316231     0.303617     0.279677     0.278333     0.378699     0.219067     0.299416     0.172585    0.0754783     0.298478     0.267832   0.00226754     0.278038   0.00809415     0.270766     0.173301   -0.0358746   0.00426956   0.00367882   0.00234818   0.00391339   0.00546505   0.00772908    0.0106392    0.0140666    0.0177444    0.0221451    0.0267424    0.0320146    0.0372282    0.0441836    0.0512009    0.0563802    0.0598147    0.0599236    0.0553615    0.0451005    0.0185549   0.00453515   -0.0126021  -0.00970361  -0.00756295   -0.0068566  -0.00768205  -0.00841855  -0.00916939  -0.00996507   -0.0104783   -0.0121254   -0.0128087   -0.0132805   -0.0138482   -0.0143897   -0.0152626   -0.0156557   -0.0158989   -0.0157458   -0.0154201   -0.0153875   -0.0163987   -0.0167886   -0.0180305   -0.0195465   -0.0214936    -0.025453   -0.0351717   -0.0491542   -0.0432283   -0.0307942    -0.020973   -0.0516545   -0.0363591  -0.00317503   -0.0424359   -0.0440015   -0.0589336  6.18391e-09    0.0128491  -0.00278709
    0.299104     0.280105     0.227576     0.290807     0.211292     0.258449     0.269115      0.28991     0.187729     0.262437     0.267467     0.264563     0.284575     0.276211     0.328719     0.261036     0.259098     0.260481     0.245872     0.205246   -0.0320647    -0.796493     -2.63854      11.5983     -2.36858    -0.986552    -0.182705     0.128696     0.210985     0.240308     0.293123     0.318326      0.28917     0.254582     0.318159     0.310634     0.275265     0.291543     0.291935     0.284015     0.275788     0.317361     0.289265     0.289266     0.297348     0.284035     0.260438     0.256988     0.340263     0.186118     0.244432     0.133095    0.0545665     0.287039     0.253701   0.00270229     0.257582   0.00845189     0.261304     0.157483   -0.0329169   0.00485895   0.00367032   0.00219408   0.00334137   0.00463575   0.00638533   0.00841171     0.010732    0.0130337    0.0157675    0.0186002    0.0218187    0.0249595    0.0292914    0.0337905    0.0371236    0.0391475    0.0388992    0.0346353    0.0257309   0.00794691  -0.00795526  -0.00159624  -0.00611993  -0.00185546   0.00128595  4.05199e-05  -0.00102976  -0.00189074  -0.00277393  -0.00346317  -0.00467027  -0.00538771  -0.00665182  -0.00763911  -0.00854179  -0.00989102   -0.0104224   -0.0106714   -0.0105578   -0.0102611   -0.0104085   -0.0116948   -0.0123008   -0.0135994   -0.0150092   -0.0165056   -0.0194324   -0.0266828   -0.0368068    -0.031008   -0.0203562   -0.0102326   -0.0512069   -0.0366252  -0.00174564   -0.0436586    -0.039465    -0.052819  3.99562e-09    0.0209206  -0.00313163
    0.280952     0.262402     0.212756     0.272375     0.197807     0.242038     0.252049       0.2715     0.175691     0.245466     0.250018     0.247266     0.266151     0.258836      0.31015     0.250622     0.254112     0.260234     0.245031     0.221689     0.136651    -0.112138    -0.904079     -2.36858      12.1542     -2.42653    -0.864275   -0.0757866     0.152998     0.202037     0.254125     0.284571     0.263717     0.235139      0.29694     0.291359     0.258038     0.273387     0.273256     0.265783      0.25819     0.297551     0.271125     0.270795     0.278376     0.265968     0.243957     0.240937      0.32023      0.17638     0.232008     0.126536    0.0521255     0.267052     0.237092   0.00249412     0.241236   0.00785781     0.244464     0.148038   -0.0310068   0.00411957   0.00289955   0.00139284   0.00239349   0.00347609   0.00496368   0.00671734   0.00887756    0.0109257    0.0133362    0.0158563    0.0187483    0.0216654    0.0258663    0.0305787    0.0344971    0.0374552    0.0388292    0.0376334    0.0328763    0.0231447     0.010151     0.015691  -0.00524856  -0.00380728   0.00237636  0.000457715  -0.00208474  -0.00288982  -0.00378558  -0.00446769  -0.00551385  -0.00623315  -0.00749918  -0.00842144  -0.00916629   -0.0103001   -0.0107116   -0.0109256   -0.0108004   -0.0105149   -0.0106297   -0.0117904   -0.0123256   -0.0135241   -0.0148378   -0.0162505    -0.019033   -0.0260363   -0.0357229   -0.0300357   -0.0198836   -0.0155614   -0.0516522   -0.0374253  -0.00183601   -0.0441524   -0.0403191   -0.0498692  3.94924e-09    0.0196329  -0.00313235
