   123   123     1
      6.4686     0.243605       0.1436     0.244887     0.267404      0.25333      0.24855     0.266709     0.234304     0.290894     0.279845     0.278058     0.291871     0.272496     0.288169     0.243431      0.26318     0.286909     0.294153     0.299152     0.286267     0.293468     0.306955     0.279953     0.263357     0.293458     0.310959     0.308882     0.288456       0.2749     0.302207     0.302748     0.258243     0.220673     0.283971     0.279484     0.253117      0.26477     0.263087     0.255645     0.250822     0.304637      0.29092      0.29303     0.288935     0.273602     0.259321     0.283158     0.411507     0.264431     0.434254     0.306824     0.159112     0.284795     0.237416   0.00849959     0.251153    0.0297186     -1.19269     -5.92252     0.145868 -0.000600618  -0.00077077  -0.00107709  -0.00115352  -0.00138211  -0.00161512   -0.0017518   -0.0014606  -0.00136193  -0.00132596  -0.00132339   -0.0013705  -0.00140369  -0.00146297  -0.00148062  -0.00142701  -0.00137042  -0.00129707  -0.00121756  -0.00110233 -0.000923587 -0.000763019 -0.000675113 -0.000524178 -0.000436957 -0.000382094   -0.0003515 -0.000345128 -0.000345602 -0.000360102 -0.000376375 -0.000450587 -0.000495059 -0.000533399  -0.00057387 -0.000602972 -0.000625045 -0.000645081 -0.000652244 -0.000637984 -0.000604058 -0.000529121 -0.000473846 -0.000402382 -0.000395034 -0.000459618 -0.000652017  -0.00109587  -0.00208912  -0.00384504   -0.0047517  -0.00502057  -0.00483771    0.0707806    0.0634555 -3.57514e-05     0.114151    -0.350627     0.340933 -4.35462e-07   -0.0175796   -0.0233327
    0.243605     0.273326     0.130703     0.251985     0.181694      0.23602     0.243646     0.259231     0.152327     0.225865     0.235114     0.228584     0.248447     0.238252     0.291416     0.245378     0.256938     0.269978      0.27387     0.289599     0.278542     0.273015     0.287295      0.27854     0.260296     0.280934     0.289157     0.290163     0.283202     0.270355     0.291184     0.291294      0.26828     0.236625     0.286213     0.277494     0.257367     0.261754     0.266651      0.27205     0.257991     0.289715     0.265494     0.267989     0.251606     0.223241     0.196415      0.19001     0.215067     0.091284    0.0822507    0.0106783   -0.0141051      0.21998     0.258223   0.00436431     0.226174   0.00648466     0.232898     0.133998  -0.00410799   0.00200809  0.000650755  0.000421514  0.000408313  0.000495735   0.00060838   0.00066856  0.000665305  0.000620997  0.000570311  0.000517115  0.000458427  0.000389226  0.000327224  0.000296245  0.000285912  0.000269959  0.000269021  0.000305858  0.000381483  0.000483291  0.000577876  0.000653922  0.000736795  0.000794699  0.000812235  0.000822857  0.000830401  0.000812457  0.000792684  0.000759518   0.00070015  0.000659436  0.000529037  0.000413088  0.000308531  0.000148028  8.45565e-05  7.51392e-05  8.41817e-05  0.000115901  0.000128428  4.39706e-05 -2.09909e-08 -9.61131e-05 -0.000185918 -0.000243934 -0.000281573 -0.000309207 -0.000118816  0.000448557   0.00106011 -0.000269468    -0.049728   -0.0696047 -0.000767325    -0.079535    -0.082506  -0.00780268 -3.41946e-08    0.0331385   -0.0034649
      0.1436     0.130703       6.8526    0.0866504     0.255218     0.276781     0.289419     0.304062    0.0928007     0.193947     0.221569     0.196743     0.220419     0.217233      0.33569     0.283921     0.283787     0.279361     0.275836     0.309583     0.299587     0.271595      0.28782     0.308036     0.285196     0.292284     0.285202      0.29062     0.305166     0.292233     0.304418     0.303416     0.314272     0.289948       0.3227     0.306097     0.294284     0.287013      0.30383     0.332161     0.301026      0.29788     0.251298     0.253716     0.213251      0.15802     0.105348    0.0435481    -0.115065    -0.211091    -0.545984    -0.525267    -0.329475     0.119514     0.330302    0.0130839     0.189027    0.0148938     0.306872    0.0659409  -0.00201413   -0.0154515   -0.0110374 -0.000444751  0.000308561   0.00100917   0.00172972   0.00225741   0.00227368    0.0022866   0.00234547   0.00243834   0.00255325   0.00259515   0.00264602   0.00268327   0.00264659   0.00256388   0.00247338   0.00244944   0.00245614   0.00243037   0.00240406   0.00241278   0.00237537    0.0023658   0.00231081   0.00227526   0.00226036   0.00220948   0.00217795   0.00212308    0.0020576   0.00202831   0.00177811   0.00155286   0.00133091  0.000924539  0.000792442  0.000784243  0.000787237  0.000817805  0.000720752   0.00037574  0.000124607  -0.00016829 -0.000312247 -0.000143207  0.000504404   0.00211345   0.00572195    0.0091765    0.0113959  -0.00567153   -0.0636832    -0.122931 -0.000149104    -0.157087    -0.109241  -0.00255909 -4.10602e-07     0.129348   -0.0114825
    0.244887     0.251985    0.0866504     0.405662    0.0990496      0.26067     0.252927     0.269618     0.161207     0.236736     0.245509     0.237464     0.256797     0.245317     0.301148     0.254097     0.265685     0.278324     0.281716     0.298136     0.286757      0.28036      0.29491     0.286684     0.267848     0.288595     0.296427     0.297378     0.290761     0.277573     0.298605     0.298543     0.275939     0.243869     0.294306     0.285233     0.264897     0.269063     0.274458     0.280776     0.265935     0.297291     0.271489     0.273757     0.255932     0.225758     0.197228     0.188446     0.206772    0.0812266    0.0580279   -0.0119906    -0.027998     0.220404     0.266963   0.00442886     0.229942   0.00678947     0.241673     0.134229  -0.00409938  0.000826251   0.00107838  -0.00242787  1.63734e-05  0.000102997  0.000225403  0.000317354  0.000396635  0.000402822  0.000395732  0.000382357  0.000355682  0.000313337  0.000270005   0.00025346  0.000255023  0.000246689  0.000250564  0.000289925  0.000366595   0.00046905  0.000562543  0.000632772  0.000714516  0.000770088  0.000785578  0.000794023  0.000797931  0.000778698  0.000758114  0.000725084  0.000660143  0.000620278  0.000491737  0.000375372  0.000269026  9.96951e-05  3.46313e-05  2.62514e-05  3.60723e-05  6.88279e-05  7.83889e-05  -1.7267e-05 -6.93941e-05 -0.000175635 -0.000269975 -0.000321369 -0.000336059 -0.000305657  2.69357e-05  0.000761457   0.00147555  -0.00126919   -0.0502991   -0.0716826 -0.000777114   -0.0829245   -0.0836848  -0.00774032 -8.50711e-08    0.0381072  -0.00461172
    0.267404     0.181694     0.255218    0.0990496     0.616058    0.0924292      0.23358     0.221695      0.20827     0.254245     0.243468     0.243298      0.25349     0.234756     0.241778     0.205238     0.223019     0.244111      0.25021     0.252677     0.241705     0.249613     0.260667     0.235219     0.221479     0.248034     0.263806     0.261168     0.241707     0.230099     0.253684     0.253803     0.213069     0.180936     0.236028     0.233195     0.210375     0.221218     0.218748     0.210601     0.208337     0.256826     0.246758     0.247786     0.245738     0.234602     0.224401     0.248608     0.370544     0.244916     0.409368     0.293526     0.154386     0.247392     0.191544   -0.0032842     0.222974  0.000763217     0.176631      0.15599  -0.00438379   0.00250281   0.00314905   0.00300163  -0.00292337  -0.00184434  -0.00213635  -0.00228744  -0.00193415  -0.00179522  -0.00172839  -0.00170106   -0.0017331  -0.00175121  -0.00180933  -0.00183451  -0.00178512  -0.00173059  -0.00166025  -0.00159628  -0.00150438  -0.00134442  -0.00120339  -0.00115208  -0.00101206 -0.000939488 -0.000886731 -0.000859935 -0.000865071 -0.000860892 -0.000871691 -0.000876347 -0.000955729 -0.000989988  -0.00097757 -0.000981229 -0.000980594 -0.000962631 -0.000964983  -0.00096772 -0.000952634 -0.000923228 -0.000850626 -0.000784836 -0.000707184 -0.000688819 -0.000741774 -0.000927274  -0.00137238  -0.00236959  -0.00411625  -0.00492419   -0.0051196   -0.0051006   -0.0307098   -0.0249535  -0.00103736   -0.0222592   -0.0460999  -0.00918857  1.38256e-08   -0.0208474  -0.00178365
     0.25333      0.23602     0.276781      0.26067    0.0924292     0.433392     0.122234     0.280413     0.164316     0.231672     0.238925     0.236534     0.254567     0.241579     0.281101     0.237558     0.251253     0.266809     0.271174     0.282867     0.271617     0.270134     0.283561     0.269464     0.252354      0.27514     0.285749     0.285525      0.27452      0.26185     0.283805     0.283839     0.254983     0.222793      0.27488     0.267902     0.246666     0.253121     0.255824      0.25717     0.246595     0.283909     0.263541     0.265464     0.253099     0.229474     0.207248     0.209906     0.264268     0.138351     0.180549    0.0945564    0.0355756     0.230549     0.241552      0.00184     0.228198   0.00480116     0.220061     0.142215  -0.00419526   0.00102453   0.00092371  0.000732484  0.000698528  -0.00103198 -0.000369987 -0.000408666 -0.000286668 -0.000255464 -0.000249933 -0.000260822 -0.000299708 -0.000344612 -0.000401166 -0.000428259 -0.000417979 -0.000411167 -0.000389562 -0.000345418 -0.000266188 -0.000145969 -3.73882e-05  2.59116e-05  0.000127257  0.000188577  0.000216776   0.00023158  0.000232629  0.000221434  0.000204193  0.000180758  0.000111037  7.27576e-05 -8.86852e-06 -8.76233e-05  -0.00015803  -0.00026329 -0.000307169 -0.000313895  -0.00030244 -0.000270915 -0.000239895 -0.000280315 -0.000287828 -0.000351175 -0.000431359 -0.000529508 -0.000694163  -0.00102201  -0.00141509   -0.0012208 -0.000825974  -0.00259022   -0.0440953   -0.0562363 -0.000860654    -0.062712   -0.0712382  -0.00824595 -3.78384e-08    0.0176337   -0.0034166
     0.24855     0.243646     0.289419     0.252927      0.23358     0.122234     0.496253    0.0717746     0.267135     0.250841     0.231879     0.229124     0.250927     0.240129     0.284992     0.240773     0.253663     0.268104     0.272089     0.285195     0.273987     0.270917     0.284618     0.272594     0.255092     0.277024     0.286667     0.286865     0.277405     0.264679     0.286142     0.286163     0.259601     0.227712     0.278775      0.27116     0.250399     0.256044       0.2596     0.262535     0.250656     0.285709     0.263803     0.265866     0.251879     0.226382     0.202343     0.201342     0.243759     0.119026     0.140207    0.0600895    0.0151948      0.22551     0.247644   0.00271753     0.226861   0.00545304     0.225132     0.138513  -0.00411313  0.000882491   0.00068956  0.000478962  0.000552324  0.000597389  -0.00079319 -8.64277e-05  4.75248e-05  3.51047e-05  2.36477e-05  4.46976e-06 -3.62224e-05 -8.70731e-05 -0.000143787 -0.000172033 -0.000170226  -0.00017319  -0.00016136 -0.000121822 -4.60249e-05  6.58566e-05   0.00016771  0.000232838   0.00032661    0.0003856  0.000409421  0.000422171  0.000424551  0.000410868  0.000392718  0.000366209  0.000299116   0.00026045  0.000163031  7.19895e-05 -9.91895e-06 -0.000135067 -0.000185694 -0.000193078 -0.000182375 -0.000150797 -0.000127103 -0.000185028 -0.000206888 -0.000283387 -0.000367372 -0.000449695 -0.000564917 -0.000775458 -0.000935166   -0.0005759 -8.65896e-05  -0.00160401   -0.0459134   -0.0609456 -0.000813097   -0.0688954   -0.0748595  -0.00798614 -4.45234e-08    0.0239487  -0.00364428
    0.266709     0.259231     0.304062     0.269618     0.221695     0.280413    0.0717746     0.692345    -0.659952     0.134597     0.243761     0.236508     0.259657     0.253069     0.302418     0.256135     0.270504     0.286409     0.290749     0.304327     0.292223      0.28923     0.303784     0.290481     0.271894     0.295559     0.306138     0.306305     0.295867     0.282281     0.305332      0.30537     0.276449     0.242277     0.297055     0.289042     0.266736     0.272944      0.27655     0.279307     0.266908     0.304891     0.281883     0.284089     0.269549     0.242766     0.217527     0.217369     0.265644     0.132045     0.160016    0.0729848     0.021431     0.242406     0.263216   0.00280622     0.242878   0.00584458     0.240111     0.149034  -0.00437762   0.00129421   0.00121426   0.00113602   0.00129744   0.00142147   0.00144529 -0.000476125  0.000102826  0.000116248  7.79632e-05  4.12638e-05 -1.34874e-05 -7.95133e-05   -0.0001489 -0.000188156 -0.000196973  -0.00021005   -0.0002054  -0.00017005 -9.47618e-05  2.17263e-05  0.000128553  0.000195001  0.000295634  0.000358392  0.000384528  0.000398497  0.000400611  0.000386648  0.000367505   0.00034002    0.0002675  0.000226155  0.000125223    3.062e-05 -5.40088e-05 -0.000182153 -0.000234677 -0.000242529 -0.000231021 -0.000197399  -0.00017057 -0.000228557 -0.000248521 -0.000327151  -0.00041599 -0.000508102 -0.000644437 -0.000900922  -0.00113343 -0.000790986 -0.000293597   -0.0015334   -0.0499053   -0.0651837  -0.00085857   -0.0734422   -0.0799792  -0.00853979  -3.5975e-08    0.0239959  -0.00371151
    0.234304     0.152327    0.0928007     0.161207      0.20827     0.164316     0.267135    -0.659952      8.21941     -2.35764    -0.127483     0.169343     0.177417     0.175265     0.188598     0.163925     0.182972     0.204475     0.210868     0.210583     0.200707     0.209422     0.218267     0.193695     0.182773     0.206698     0.221858     0.219366     0.200743     0.191025     0.211778     0.212037     0.174028     0.146159     0.194159     0.192563     0.172432     0.182783      0.17939     0.169963     0.169962     0.214557      0.20877     0.209758     0.210831     0.204571     0.199002     0.225696     0.349117     0.240512     0.416479     0.308818     0.166437     0.219465     0.152652  -0.00335416     0.191915  0.000723954     0.145987     0.139111  -0.00366352   0.00274584   0.00368543   0.00455278   0.00507537   0.00560786   0.00592097   0.00580122  -0.00137129  -0.00112118  -0.00113485  -0.00117768  -0.00128982  -0.00138549   -0.0014954  -0.00157625  -0.00160143  -0.00161594  -0.00160508  -0.00159248  -0.00154878   -0.0014316  -0.00132388  -0.00129828  -0.00117678  -0.00111654  -0.00106733  -0.00104216  -0.00104843  -0.00104071  -0.00104828  -0.00104726  -0.00111853  -0.00114818  -0.00111917  -0.00110635  -0.00108836  -0.00103766  -0.00102987  -0.00103231  -0.00101925 -0.000995201 -0.000923605 -0.000841363 -0.000752763 -0.000715843 -0.000754386 -0.000939164  -0.00140431  -0.00245936  -0.00435873  -0.00533976  -0.00568757  -0.00414357   -0.0319694   -0.0220335 -0.000838945   -0.0180188   -0.0396017  -0.00794702  1.00323e-07    -0.028645 -3.93246e-05
    0.290894     0.225865     0.193947     0.236736     0.254245     0.231672     0.250841     0.134597     -2.35764      7.03016     -2.44571    -0.121523     0.242977     0.226492     0.256185     0.223063     0.247928     0.274762      0.28353     0.289573     0.276803     0.281872     0.294421     0.269836     0.253572     0.281751     0.297863     0.296183     0.277689      0.26461     0.290177     0.290446      0.24926     0.213566     0.273165     0.268515     0.243738     0.254217     0.253145     0.247073     0.241854      0.29187     0.277895      0.27965     0.274453     0.258478     0.243712     0.264165      0.37923     0.240024     0.387309     0.268415     0.137293     0.269922     0.227093  -0.00119925     0.248853   0.00330983     0.214139     0.169202  -0.00463394   0.00304082   0.00389046   0.00469219   0.00528315   0.00595497   0.00638734   0.00611906   0.00293952 -0.000779105 -0.000775315 -0.000596588 -0.000728263 -0.000864893 -0.000999977  -0.00109946  -0.00115691  -0.00121004  -0.00123256  -0.00123321  -0.00118991  -0.00107027 -0.000957496 -0.000921392  -0.00079304 -0.000724945 -0.000678526 -0.000654637 -0.000659506 -0.000659547 -0.000673452 -0.000683932 -0.000769598 -0.000810004 -0.000831507 -0.000861852 -0.000882935 -0.000895361  -0.00091147 -0.000916973 -0.000902445  -0.00087028 -0.000804826 -0.000766711 -0.000707168 -0.000711804 -0.000778479 -0.000959586  -0.00137699  -0.00230234  -0.00387121  -0.00448236  -0.00454727  -0.00545647   -0.0487715   -0.0474603  -0.00100835   -0.0480625   -0.0661007  -0.00968896  6.79256e-08   -0.0121251  -0.00127725
    0.279845     0.235114     0.221569     0.245509     0.243468     0.238925     0.231879     0.243761    -0.127483     -2.44571      7.49488      -2.4287  -0.00348171     0.263388     0.251741     0.209861     0.239023     0.269587       0.2815     0.291728     0.279744     0.282024     0.294763     0.273722     0.256612     0.282858     0.296986     0.296032     0.280471     0.267444     0.291964     0.292232      0.25549     0.220641     0.277946      0.27219     0.248458     0.257402     0.257858     0.254687     0.247187     0.292746     0.276099     0.278054     0.269975      0.25073     0.232823      0.24649      0.33914     0.203164     0.311229      0.20388    0.0993251     0.258444     0.236186  0.000279301     0.244331   0.00431565      0.22144     0.161093  -0.00452528   0.00255788   0.00319475   0.00376959   0.00427611   0.00494511   0.00550791   0.00547448   0.00419152   0.00233333 -0.000586044 -0.000193971 -0.000204499 -0.000345224 -0.000486768 -0.000587733 -0.000661583 -0.000736406 -0.000782767 -0.000796098 -0.000764319 -0.000667383 -0.000573613 -0.000539718 -0.000430236 -0.000369757 -0.000333291  -0.00031447 -0.000317891 -0.000322789 -0.000338477 -0.000354423 -0.000435085 -0.000475918 -0.000525237 -0.000577103 -0.000618314 -0.000666133 -0.000694175 -0.000700802 -0.000687703  -0.00065573  -0.00060392 -0.000597508 -0.000564133  -0.00059241 -0.000665407  -0.00081664  -0.00114195  -0.00184919   -0.0029842   -0.0032881  -0.00317872  -0.00591022   -0.0515124   -0.0555182 -0.000968326   -0.0587038   -0.0719608  -0.00928557  2.02496e-08 -0.000603095  -0.00176768
    0.278058     0.228584     0.196743     0.237464     0.243298     0.236534     0.229124     0.236508     0.169343    -0.121523      -2.4287      6.99237     -2.11632     0.237733     0.278052     0.183395     0.214956     0.253718     0.271549     0.283333     0.272814     0.276681     0.289123      0.26687     0.250103      0.27622     0.290569     0.289271     0.272954     0.260251      0.28468     0.285003     0.247424     0.213038     0.269942      0.26472      0.24111     0.250432     0.250288     0.246078     0.239608     0.285853     0.270602     0.272447     0.265661     0.248099     0.231803     0.247767     0.346978      0.21278      0.33353     0.224144     0.111702     0.257127     0.227397 -0.000262856     0.240548   0.00377083     0.213098     0.160598  -0.00450406   0.00203009   0.00257324   0.00301862   0.00343939   0.00405166   0.00468453   0.00497256   0.00439341   0.00364635    0.0022371 -0.000533659 -0.000282296 -0.000384269 -0.000576226 -0.000685319 -0.000755497 -0.000824151 -0.000866755 -0.000878188 -0.000846482 -0.000750738 -0.000658445 -0.000627898 -0.000519584 -0.000460922 -0.000423955 -0.000405028  -0.00040917 -0.000412834 -0.000427911 -0.000442162 -0.000521935 -0.000562181 -0.000602209 -0.000646221 -0.000679919 -0.000714533 -0.000738115 -0.000744442 -0.000731205 -0.000699916 -0.000643941 -0.000625207 -0.000582516 -0.000600903 -0.000669772 -0.000828695  -0.00118041  -0.00195177   -0.0032234  -0.00364487  -0.00360706  -0.00567135   -0.0491595   -0.0511003 -0.000976298   -0.0531131   -0.0683324  -0.00929285 -7.22488e-09  -0.00503549  -0.00153485
    0.291871     0.248447     0.220419     0.256797      0.25349     0.254567     0.250927     0.259657     0.177417     0.242977  -0.00348171     -2.11632      4.69103     -1.68746     0.365733     0.245428     0.224724     0.257988     0.282278     0.299905     0.290786     0.294782     0.308834     0.286912     0.268665     0.295599     0.309827     0.308533     0.292267     0.278693     0.304282     0.304615     0.266484     0.230211     0.289962     0.283949     0.259236     0.268531     0.269035     0.265819     0.257931     0.305326     0.287847     0.289867     0.281331     0.261164     0.242367     0.256403      0.35221     0.210575     0.321812     0.210201     0.102104     0.269067     0.246541   0.00021685     0.254526   0.00427483      0.22931     0.167599  -0.00471845   0.00147214   0.00176907   0.00197154   0.00226967   0.00272397   0.00325409   0.00364667   0.00350441   0.00330449   0.00287026   0.00166416  9.46843e-05  2.72111e-05 -0.000448014 -0.000584734  -0.00065926  -0.00072497 -0.000762861 -0.000766391 -0.000725416  -0.00062446  -0.00052788    -0.000491 -0.000382359 -0.000322595 -0.000287632 -0.000269854 -0.000273756 -0.000280051 -0.000297039 -0.000314868 -0.000397444 -0.000440411   -0.0004945 -0.000550715 -0.000596028 -0.000650355 -0.000680736 -0.000687848 -0.000674244 -0.000640842 -0.000586869 -0.000580537 -0.000546503 -0.000576476  -0.00065272 -0.000808677  -0.00114156  -0.00186425  -0.00302245    -0.003336  -0.00321529  -0.00430433   -0.0508348   -0.0553038 -0.000997349   -0.0584555   -0.0733871  -0.00964289 -5.18464e-08 -0.000222382   -0.0020095
    0.272496     0.238252     0.217233     0.245317     0.234756     0.241579     0.240129     0.253069     0.175265     0.226492     0.263388     0.237733     -1.68746      3.79602     -1.17333      0.45415     0.293944       0.2426     0.255214     0.278464     0.273295     0.277626      0.29193     0.272909     0.255552     0.280392     0.293024      0.29182     0.277253     0.264365     0.288187     0.288483     0.253914     0.219927     0.275713     0.269698      0.24669     0.254989     0.255965     0.253893      0.24568     0.289032     0.271581     0.273535     0.264478     0.244318     0.225472     0.236466     0.319459     0.186664     0.278529     0.176815    0.0835991     0.250499     0.236142  0.000599481     0.239093   0.00421862     0.218096     0.155659  -0.00440136  0.000919612  0.000997362   0.00100218   0.00118007   0.00144972   0.00179502   0.00212118   0.00222944   0.00230389    0.0022879   0.00210109   0.00158179   0.00093545  -0.00025654 -0.000416001 -0.000487226 -0.000561376 -0.000593324 -0.000588824 -0.000543261 -0.000447554 -0.000356533 -0.000316607 -0.000219113 -0.000164714 -0.000135295 -0.000120389 -0.000123481 -0.000131346 -0.000148125 -0.000167167 -0.000242957 -0.000283682 -0.000343996 -0.000404601 -0.000455021 -0.000520194 -0.000553107 -0.000560157 -0.000547709  -0.00051608 -0.000469304 -0.000473519 -0.000450061 -0.000486201 -0.000560387 -0.000697366 -0.000979325  -0.00158479  -0.00252764  -0.00272304   -0.0025494  -0.00243181   -0.0467121    -0.052764 -0.000907844   -0.0564697   -0.0697933  -0.00891727 -8.08827e-08   0.00369747  -0.00219156
    0.288169     0.291416      0.33569     0.301148     0.241778     0.281101     0.284992     0.302418     0.188598     0.256185     0.251741     0.278052     0.365733     -1.17333      2.37959     -1.56536    0.0770815      0.29628     0.292308     0.310769     0.309055     0.312153     0.332793     0.322014     0.301671     0.326654     0.336842     0.336907     0.326573     0.311567     0.336418     0.336611     0.307054     0.269874     0.328929     0.319505     0.295445     0.301474     0.306161     0.310543     0.295779       0.3354     0.309004     0.311679      0.29446     0.263586     0.234473       0.2313     0.274425      0.12897     0.142944    0.0526099   0.00735579     0.261775     0.293588    0.0038054     0.265205   0.00702534      0.26795     0.160392  -0.00468714  0.000887604  0.000627029  0.000360453  0.000475914  0.000664187  0.000895684   0.00108728   0.00116718   0.00115625   0.00105409  0.000862132  0.000507337 -0.000150264  0.000448972  0.000233434  0.000366307  0.000330109  0.000255651  0.000241399  0.000279954  0.000352722  0.000426377  0.000476426  0.000550119  0.000596252  0.000606992  0.000611933  0.000610289  0.000589914  0.000566515  0.000532666  0.000455252  0.000408205   0.00027889  0.000161413   5.7296e-05 -0.000100906 -0.000165596 -0.000175867 -0.000164647 -0.000128575 -0.000106504 -0.000185729 -0.000219813 -0.000317002 -0.000417445 -0.000506022  -0.00061778  -0.00081014 -0.000886172 -0.000380138   0.00023527  -0.00105375   -0.0559009   -0.0753649 -0.000888982   -0.0856835   -0.0901624  -0.00908386 -1.79098e-07    0.0312854   -0.0038474
    0.243431     0.245378     0.283921     0.254097     0.205238     0.237558     0.240773     0.256135     0.163925     0.223063     0.209861     0.183395     0.245428      0.45415     -1.56536      7.36181     -2.50061    -0.166019     0.251307      0.24493     0.232497     0.244177     0.270952     0.268344     0.254263     0.276693     0.285664     0.285456     0.276302     0.263335     0.284184     0.284341     0.259376     0.227959     0.277847      0.26987     0.249524     0.254595     0.258535      0.26219      0.24972     0.283241     0.261086     0.263439     0.249009     0.223036     0.198552     0.196093      0.23326     0.110254     0.123727    0.0471875   0.00787512     0.221774     0.247809   0.00337614     0.224342   0.00625177     0.227863     0.135917  -0.00389394   0.00100633   0.00085445  0.000709552  0.000857541     0.001111   0.00142895   0.00172862   0.00186496   0.00200569   0.00211469   0.00214359   0.00205808   0.00172977    0.0014478 -0.000152316  0.000121353  0.000528889  0.000483014  0.000407415  0.000397338  0.000415098  0.000445362   0.00046897  0.000503135  0.000521094  0.000514641  0.000509085  0.000501474  0.000480872  0.000459282  0.000429927  0.000363445  0.000322818  0.000211494  0.000110624  2.18488e-05 -0.000112648 -0.000168053 -0.000177541 -0.000168645 -0.000138856 -0.000120763 -0.000187706 -0.000215859 -0.000297409 -0.000382063 -0.000458636 -0.000559442 -0.000737419 -0.000828376 -0.000410009  9.92491e-05 -0.000910803   -0.0497542   -0.0659836   -0.0007213   -0.0748825   -0.0776326  -0.00758962 -2.60471e-07    0.0259391   -0.0028992
     0.26318     0.256938     0.283787     0.265685     0.223019     0.251253     0.253663     0.270504     0.182972     0.247928     0.239023     0.214956     0.224724     0.293944    0.0770815     -2.50061      7.83766     -2.52721   -0.0135939     0.293322       0.2385     0.237746     0.270535       0.2739      0.26417     0.291298     0.303231      0.30322     0.292137     0.278165     0.300563     0.300606     0.272093     0.238396     0.292322     0.284386     0.262361     0.268437     0.271918     0.274483     0.262292     0.299862     0.277612     0.280038     0.266072     0.240028     0.215511     0.216007     0.265735     0.133808     0.166165    0.0797597    0.0258511     0.240466     0.258486   0.00310072     0.239842   0.00630502     0.238573     0.147857  -0.00422027   0.00106885  0.000971829   0.00086621   0.00103965   0.00132999   0.00170156   0.00207758   0.00229446   0.00256923   0.00286621   0.00311038   0.00328968   0.00327726   0.00302039   0.00227257 -0.000612051  0.000241648  0.000520624  0.000388102  0.000349976  0.000352995  0.000378486  0.000399782  0.000429591  0.000440608  0.000428183  0.000418161  0.000406139  0.000383666  0.000360111  0.000330362   0.00025803  0.000214794  0.000107761   9.1197e-06 -7.73916e-05 -0.000206997 -0.000261269 -0.000271223 -0.000261394 -0.000229888 -0.000204382 -0.000260527 -0.000278256 -0.000353662 -0.000440418 -0.000535104 -0.000683371 -0.000970282  -0.00126392 -0.000966709 -0.000510089  -0.00161808    -0.053783   -0.0684616 -0.000800049   -0.0767404    -0.081663   -0.0083135 -3.06022e-07     0.022184  -0.00276924
    0.286909     0.269978     0.279361     0.278324     0.244111     0.266809     0.268104     0.286409     0.204475     0.274762     0.269587     0.253718     0.257988       0.2426      0.29628    -0.166019     -2.52721      6.74499     -2.43696     0.092756     0.295458     0.251944      0.26755     0.272976     0.269946     0.304326     0.321613     0.322986     0.310004     0.295079     0.319397     0.319237     0.286154     0.249719     0.308481     0.300697     0.276657     0.284053     0.286869     0.287922     0.276274     0.318918      0.29677      0.29923     0.286036     0.260187     0.235892      0.24036     0.306441     0.163976     0.221242     0.122467    0.0496132     0.262815     0.269951   0.00258435     0.257982   0.00616072     0.249762     0.162215  -0.00463735  0.000983459  0.000920418  0.000820344    0.0009948   0.00127366   0.00163881   0.00203072   0.00231408   0.00267657   0.00310255    0.0035095   0.00391212   0.00419059   0.00428609   0.00410181   0.00277709 -0.000315089  0.000445848  0.000288879  0.000208622  0.000209449  0.000238121  0.000264817  0.000299385  0.000309197  0.000294551  0.000281791  0.000265863  0.000242024  0.000216526   0.00018701  0.000107684  6.20471e-05 -3.56133e-05 -0.000128549 -0.000210181 -0.000331019 -0.000382488 -0.000392545   -0.0003813 -0.000347546 -0.000311946 -0.000352568 -0.000355961 -0.000422195 -0.000510816 -0.000628639 -0.000838306  -0.00126648  -0.00182624  -0.00169416  -0.00131129   -0.0027809   -0.0574582   -0.0699199 -0.000911326   -0.0771854   -0.0853403  -0.00923211 -3.04396e-07    0.0169286  -0.00268976
    0.294153      0.27387     0.275836     0.281716      0.25021     0.271174     0.272089     0.290749     0.210868      0.28353       0.2815     0.271549     0.282278     0.255214     0.292308     0.251307   -0.0135939     -2.43696      6.22146       -2.439   0.00872312     0.263129     0.262898     0.253651     0.254926     0.296461     0.321258     0.326952     0.315037     0.300331     0.325296     0.324927     0.290229     0.252857     0.313008     0.305263     0.280623     0.288467     0.291057     0.291603     0.280182     0.324441     0.302406     0.304882     0.291997     0.266293     0.242137     0.247937     0.319398     0.173747     0.239321     0.136645    0.0575633     0.269597     0.273028   0.00237237     0.263343   0.00603248     0.252583      0.16659   -0.0047872   0.00082072  0.000738871  0.000603049  0.000753926  0.000984507   0.00129075   0.00162912   0.00191829   0.00226671    0.0026858   0.00310647   0.00355605   0.00393905    0.0042779   0.00442227   0.00421398   0.00296597  0.000369078  0.000296228  0.000159129  0.000213909  0.000224844  0.000251491  0.000279261  0.000283638  0.000262565  0.000244161  0.000224446   0.00019735  0.000169608  0.000139606  5.82053e-05  1.24907e-05 -7.97173e-05 -0.000169467 -0.000249292 -0.000368769 -0.000419127 -0.000429141 -0.000417465 -0.000382994 -0.000343804 -0.000378713 -0.000377062 -0.000439835 -0.000528763 -0.000654026 -0.000883634  -0.00135777  -0.00200568  -0.00193173  -0.00157558  -0.00360211   -0.0581818   -0.0699207 -0.000958575   -0.0767704   -0.0861288  -0.00955463 -2.76372e-07    0.0150833  -0.00265658
    0.299152     0.289599     0.309583     0.298136     0.252677     0.282867     0.285195     0.304327     0.210583     0.289573     0.291728     0.283333     0.299905     0.278464     0.310769      0.24493     0.293322     0.092756       -2.439      6.59549     -2.60583    -0.292425     0.184058     0.232928     0.234889     0.281012     0.316765      0.33306     0.327749     0.314507     0.340515     0.340173     0.306646     0.268014     0.328972     0.320036     0.295029     0.302233     0.305915     0.308343     0.295009     0.338282     0.313711     0.316475     0.301266     0.272461     0.245316     0.247082     0.307347     0.157714     0.201419     0.101864    0.0361836     0.273424     0.290021   0.00326515     0.271357     0.006824     0.267452     0.168302  -0.00488399  0.000792929  0.000619213  0.000402613  0.000534792  0.000739409   0.00100409    0.0012808   0.00152218   0.00178501   0.00210244   0.00242633   0.00277921   0.00309078   0.00341423   0.00360304   0.00362796   0.00336477   0.00218543  0.000755284  0.000483188  0.000718475  0.000639452  0.000566808  0.000563393  0.000546206  0.000502951  0.000468462  0.000441591  0.000403271  0.000368958  0.000332831  0.000250886  0.000204289  9.51362e-05 -9.35277e-06 -0.000104569 -0.000254306 -0.000313938 -0.000325051 -0.000313946  -0.00027828 -0.000245991 -0.000302254 -0.000316805 -0.000396944 -0.000493419 -0.000605359 -0.000787946  -0.00114772  -0.00155467  -0.00128319 -0.000803482  -0.00389457   -0.0605471   -0.0763291 -0.000963016   -0.0850695   -0.0917491  -0.00963803 -2.76918e-07    0.0229108  -0.00298595
    0.286267     0.278542     0.299587     0.286757     0.241705     0.271617     0.273987     0.292223     0.200707     0.276803     0.279744     0.272814     0.290786     0.273295     0.309055     0.232497       0.2385     0.295458   0.00872312     -2.60583      8.53298     -2.70851    -0.519235     0.077304     0.170153       0.2251     0.271866     0.302466     0.307755      0.30004      0.32718      0.32777     0.295982     0.258652     0.316688     0.307631     0.283601     0.290354     0.294027      0.29662     0.283614     0.324811     0.301097     0.303871     0.289091     0.261203     0.234886     0.236067     0.292255     0.148744     0.188005    0.0933787    0.0321673     0.261811     0.279183   0.00337434     0.260243   0.00677821     0.257985     0.161047  -0.00466071  0.000758284   0.00058482  0.000370094  0.000496544  0.000694813  0.000949456   0.00121361    0.0014415    0.0016892   0.00199253   0.00230895   0.00266507   0.00299815   0.00340879   0.00376001   0.00395783   0.00402131   0.00369656   0.00301817   0.00146074   0.00140987   0.00114291  0.000667974  0.000659203  0.000616363   0.00055201  0.000500431  0.000463921  0.000415719  0.000375467  0.000337311  0.000260017  0.000216548  0.000112706  1.31834e-05 -7.89799e-05 -0.000229233 -0.000287234 -0.000298104 -0.000287791   -0.0002537 -0.000223576 -0.000279709 -0.000295306 -0.000373722 -0.000466637 -0.000572088 -0.000741517  -0.00107302  -0.00143639  -0.00115692 -0.000688124  -0.00390069   -0.0594876   -0.0750908 -0.000909749    -0.083765   -0.0893613  -0.00919784 -2.37301e-07    0.0227878  -0.00269749
    0.293468     0.273015     0.271595      0.28036     0.249613     0.270134     0.270917      0.28923     0.209422     0.281872     0.282024     0.276681     0.294782     0.277626     0.312153     0.244177     0.237746     0.251944     0.263129    -0.292425     -2.70851      9.51103     -2.73918    -0.600858   -0.0198432     0.144348     0.223867     0.271709     0.288807     0.289933     0.322684     0.326034     0.291989     0.254071     0.313354     0.304561     0.279627     0.287338     0.289903     0.290451     0.279054     0.323298     0.301621     0.304359     0.291725     0.266251     0.242232     0.248235     0.320287     0.174711     0.242034     0.139497    0.0593692     0.269578     0.272001   0.00264431     0.262784   0.00630141     0.252812      0.16652  -0.00475556  0.000671179   0.00056149  0.000386735  0.000513899  0.000704167  0.000958333   0.00124507   0.00152454   0.00183788   0.00222149   0.00262665   0.00309307   0.00355485   0.00418251   0.00483101   0.00531775   0.00567025   0.00576727   0.00550933   0.00469918   0.00218943   0.00160399  0.000411967  0.000481963  0.000442879  0.000375381  0.000309873  0.000261552  0.000204852    0.0001573  0.000118834   4.1706e-05  -1.7492e-07 -8.35848e-05 -0.000165421  -0.00024156 -0.000368975 -0.000417778 -0.000427688 -0.000416405 -0.000382165 -0.000341976 -0.000374645 -0.000371121 -0.000431934 -0.000519811 -0.000645985 -0.000879499  -0.00136307  -0.00203388  -0.00198553  -0.00164967  -0.00409727   -0.0605946    -0.072295 -0.000939275   -0.0791809    -0.087804  -0.00952432 -1.53781e-07    0.0144562  -0.00212886
    0.306955     0.287295      0.28782      0.29491     0.260667     0.283561     0.284618     0.303784     0.218267     0.294421     0.294763     0.289123     0.308834      0.29193     0.332793     0.270952     0.270535      0.26755     0.262898     0.184058    -0.519235     -2.73918      9.78368     -2.63686    -0.754912    -0.102731     0.149966     0.242581     0.275731     0.288483     0.331116     0.340421     0.307448     0.268314     0.330397      0.32055     0.294166     0.301897     0.304686     0.305542     0.293285     0.339221     0.316277     0.319289     0.305817     0.278803     0.253295     0.258929     0.332321     0.179776     0.246779     0.140413    0.0588014      0.28188     0.286462     0.002845     0.275376   0.00660245      0.26557     0.173946  -0.00497127  0.000621083  0.000468835  0.000248937   0.00036237  0.000528759  0.000752765   0.00100815    0.0012838   0.00156783    0.0019099   0.00227212   0.00268935   0.00310886   0.00369937   0.00434823   0.00486945   0.00527079   0.00547679   0.00534347   0.00478769   0.00291464    0.0016858  0.000340097  0.000461382   0.00050331  0.000473303  0.000387018  0.000323527  0.000252616  0.000193318  0.000148025  7.24785e-05  2.99478e-05 -6.03724e-05 -0.000145105 -0.000223508 -0.000360512 -0.000410473 -0.000420068 -0.000407957 -0.000371775 -0.000330854  -0.00036805 -0.000366661 -0.000432411 -0.000524974 -0.000654367 -0.000890384  -0.00137644   -0.0020403  -0.00196664   -0.0016019  -0.00405928   -0.0619996   -0.0751357 -0.000976477   -0.0825174   -0.0913211  -0.00993505 -7.24722e-08    0.0162352  -0.00211844
    0.279953      0.27854     0.308036     0.286684     0.235219     0.269464     0.272594     0.290481     0.193695     0.269836     0.273722      0.26687     0.286912     0.272909     0.322014     0.268344       0.2739     0.272976     0.253651     0.232928     0.077304    -0.600858     -2.63686      10.9538     -2.41731    -0.844448   -0.0685659     0.178545     0.234876     0.254088     0.301818     0.318622       0.2956     0.260885     0.318116     0.307627     0.283374     0.288974     0.292989     0.296549     0.282676     0.321803     0.297549     0.300677     0.285211     0.256557     0.229409      0.22824     0.276117     0.134789     0.160672    0.0711706    0.0193406     0.255764     0.280088   0.00373664     0.256439   0.00687434     0.257333      0.15678  -0.00454713  0.000605742  0.000347957  5.47365e-05   0.00014094  0.000276037  0.000447414  0.000618909  0.000802102  0.000950322   0.00112291   0.00130679   0.00151602   0.00172332   0.00202654   0.00237931   0.00267112   0.00288516   0.00298004   0.00281022   0.00230194   0.00123281 -2.01985e-06  0.000846107  0.000505331  0.000698105  0.000805313  0.000698028  0.000616862  0.000538921  0.000473889  0.000422392  0.000360764  0.000321481   0.00020834    0.0001106  2.13697e-05 -0.000139932 -0.000194832 -0.000203332 -0.000192419 -0.000157968 -0.000132612 -0.000198665 -0.000222431 -0.000307249 -0.000400748 -0.000494748  -0.00063105 -0.000884676  -0.00110197 -0.000737427  -0.00022543   -0.0031845   -0.0559937   -0.0740715 -0.000866345    -0.083367   -0.0876302  -0.00890596 -7.13776e-09    0.0263921  -0.00239931
    0.263357     0.260296     0.285196     0.267848     0.221479     0.252354     0.255092     0.271894     0.182773     0.253572     0.256612     0.250103     0.268665     0.255552     0.301671     0.254263      0.26417     0.269946     0.254926     0.234889     0.170153   -0.0198432    -0.754912     -2.41731       11.563     -2.48373    -0.688116    0.0473249     0.196589      0.21736     0.264843     0.288634      0.27218     0.242309     0.297543     0.288416     0.265483     0.270657     0.274152     0.277156     0.264299     0.301298     0.278793     0.281714     0.267528     0.241026     0.215917      0.21547     0.262406     0.129692     0.157574    0.0726568    0.0216202     0.240724     0.261522   0.00348927      0.24061    0.0064177     0.240378     0.147626  -0.00428057  0.000545925  0.000308914  3.54445e-05  0.000113397  0.000233635  0.000388142  0.000546408  0.000724346  0.000868337   0.00103534   0.00121407   0.00141876   0.00162564   0.00193329   0.00230719   0.00263697   0.00290729   0.00309844   0.00314657   0.00295238   0.00246862    0.0015937   0.00204844  0.000387867  0.000486698  0.000825986   0.00068953  0.000552809  0.000481294  0.000417477  0.000367253  0.000315434  0.000279256  0.000170169  8.06678e-05  1.90957e-06 -0.000143207 -0.000189758 -0.000195463 -0.000183886   -0.0001509  -0.00012583 -0.000184653 -0.000204401 -0.000281345  -0.00036812 -0.000458552 -0.000593447 -0.000848123  -0.00108885 -0.000781749 -0.000320788  -0.00271264   -0.0531172   -0.0695017 -0.000811981   -0.0779648   -0.0824657  -0.00839736   7.3694e-08    0.0236662  -0.00218525
