    47    47     1
     10.4474     0.235727     0.254193     0.281887     0.293243     0.296304     0.290611     0.300218     0.292598     0.291729     0.293193     0.293059      0.28546     0.300177     0.293648     0.292305     0.293114     0.293994     0.295032     0.295971      0.29563     0.288944      5.59135      1.93021     0.434958    -0.109194    -0.314921    -0.405458     -0.43217    -0.481281    -0.469213    -0.438612    -0.413553    -0.414102    -0.423703    -0.498289    -0.470884    -0.449652    -0.445362    -0.444163    -0.436925    -0.433107    -0.451231     -0.44766  3.82663e-08    0.0351038     0.370992
    0.235727     0.799599     0.787151     0.786315     0.785556     0.785087     0.784404     0.788814     0.780479     0.780821     0.782076     0.782489     0.780648     0.788002     0.774995     0.777676     0.780717      0.78238     0.783104     0.783336     0.790629    0.0716131    -0.236028    -0.121465   -0.0116594    0.0237092      0.04131    0.0519099    0.0539369     0.025885     0.038702    0.0470266    0.0525007    0.0534681    0.0357419  -0.00347255    0.0464875    0.0560348    0.0515896    0.0405953   0.00999158   -0.0565084     -0.11787   -0.0789167 -5.76745e-10   0.00701375   -0.0401375
    0.254193     0.787151     0.800111       0.7817     0.782278     0.781541      0.78108     0.784848     0.776802     0.777133     0.778328     0.778779     0.777418     0.784065     0.771222     0.773954     0.776971     0.778606       0.7793     0.779511     0.786804    0.0712568    -0.251184    0.0673161    -0.102948    -0.012014    0.0253697    0.0457158    0.0487247    0.0254212    0.0379379    0.0451326    0.0493914    0.0503695    0.0338841  -0.00236973    0.0461435    0.0547549    0.0500853    0.0390838   0.00840548   -0.0579023    -0.118264   -0.0792709 -2.96182e-09   0.00504282   -0.0387709
    0.281887     0.786315       0.7817     0.802217     0.778448     0.780739      0.77973      0.78348     0.775439     0.775765     0.776962     0.777401      0.77594     0.782723     0.769878     0.772588       0.7756     0.777238     0.777938     0.778154      0.78542    0.0718772    -0.281361    0.0038346     0.130332   -0.0736379  -0.00281223    0.0316973    0.0355187    0.0233791    0.0361212    0.0435316    0.0480674    0.0490808    0.0324693  -0.00441131    0.0442579    0.0530647    0.0484665    0.0375121   0.00697792   -0.0591136    -0.119479     -0.08062 -2.52646e-09   0.00545756   -0.0375923
    0.293243     0.785556     0.782278     0.778448     0.806718     0.776259     0.779076      0.78288     0.774896     0.775226      0.77642     0.776843     0.775305     0.782182     0.769333     0.772028     0.775039     0.776678     0.777383     0.777603     0.784854    0.0722364    -0.293641   -0.0289741    0.0723491     0.155937   -0.0579364  0.000921521   0.00549393    0.0219411    0.0353106    0.0427642    0.0474917    0.0485716     0.031839  -0.00544696    0.0433667    0.0523206    0.0477729    0.0368397    0.0063745   -0.0596128    -0.120011   -0.0812245 -2.30134e-09   0.00575515    -0.037146
    0.296304     0.785087     0.781541     0.780739     0.776259     0.812295     0.773809     0.782202     0.775104     0.775476     0.776496     0.777012     0.776809     0.781694     0.769178     0.772062     0.775039     0.776615     0.777237     0.777391     0.784736    0.0725744    -0.296181   -0.0429257    0.0312645     0.103089     0.169721    -0.062704   -0.0552216    0.0239935    0.0381988    0.0417651    0.0429171      0.04414    0.0304458   0.00190392    0.0471101    0.0534396     0.048177    0.0370421   0.00588262   -0.0604471    -0.118678   -0.0792834 -2.60098e-09  0.000107723   -0.0369746
    0.290611     0.784404      0.78108      0.77973     0.779076     0.773809     0.821553     0.778825     0.778584      0.77914     0.778919     0.780182     0.789877     0.780176     0.770053     0.774346     0.777082     0.778195     0.778213     0.777882     0.785969    0.0733379    -0.285095   -0.0545439  -0.00571575    0.0138861    0.0283993     0.039037    0.0222547    0.0457578    0.0610436    0.0372257    0.0123562    0.0143171    0.0230944    0.0583055    0.0770982    0.0640159    0.0534056    0.0407826   0.00447459    -0.064701    -0.107382   -0.0633553 -5.57357e-09   -0.0414675   -0.0367518
    0.300218     0.788814     0.784848      0.78348      0.78288     0.782202     0.778825      0.79163     0.773331     0.777221     0.779042     0.779448     0.776439     0.785732       0.7724     0.774895     0.777959     0.779679     0.780487     0.780792     0.787964    0.0723556    -0.300531    -0.046107   0.00698725    0.0295985     0.039302    0.0397379    0.0403733    0.0554944    0.0358161     0.045481    0.0544831    0.0551794     0.035404   -0.0126765    0.0403585     0.052266    0.0484977    0.0378411   0.00819048   -0.0576506    -0.120876    -0.082672 -2.34843e-09    0.0122848   -0.0374659
    0.292598     0.780479     0.776802     0.775439     0.774896     0.775104     0.778584     0.773331     0.878264     0.766799     0.772381     0.772952     0.775555     0.776954     0.765074     0.768313     0.771229     0.772678     0.773133     0.773151     0.780651     0.071139    -0.294436   -0.0515716  -0.00110832    0.0184989     0.028632    0.0462222    0.0477169      0.35085     -0.21908  0.000333545    0.0399751    0.0429081    0.0321544    0.0158457    0.0537911    0.0550896    0.0483856    0.0367079   0.00421416   -0.0624442    -0.116313    -0.075903 -1.68051e-09   -0.0104405   -0.0340687
    0.291729     0.780821     0.777133     0.775765     0.775226     0.775476      0.77914     0.777221     0.766799     0.887145     0.756167     0.772482     0.775465     0.777414     0.765216     0.768501     0.771457      0.77293     0.773409     0.773453     0.780976    0.0699809    -0.295115   -0.0516598  -0.00111748    0.0184036    0.0286287    0.0476752    0.0493964    0.0838094     0.281079    -0.197764   -0.0109486    0.0405297    0.0427499    0.0166445    0.0542287    0.0553372    0.0484888    0.0368942   0.00468219   -0.0620162    -0.116478   -0.0760866  -1.6453e-09   -0.0100449   -0.0348566
    0.293193     0.782076     0.778328     0.776962      0.77642     0.776496     0.778919     0.779042     0.772381     0.756167     0.889246     0.750791     0.774315     0.778725     0.766176     0.769291     0.772278     0.773815     0.774389     0.774525     0.781995    0.0699938    -0.296572    -0.050744  0.000377531    0.0207632    0.0315289    0.0480325    0.0499221     0.022144     0.101026     0.227135    -0.136131  -0.00136095    0.0330221   0.00947745    0.0505655    0.0539061    0.0477837    0.0366707   0.00560046   -0.0606621    -0.117661   -0.0778589 -1.89888e-09  -0.00497441   -0.0358337
    0.293059     0.782489     0.778779     0.777401     0.776843     0.777012     0.780182     0.779448     0.772952     0.772482     0.750791     0.893376      0.75028     0.778438     0.766868     0.770117     0.772968     0.774393     0.774892     0.775003     0.782573    0.0701917    -0.295283   -0.0511971 -0.000831778    0.0182785    0.0277994    0.0459411    0.0480937    0.0230919    0.0415322     0.110452     0.203364   -0.0974774    -0.029431      0.01246    0.0522192    0.0529232     0.047014    0.0366781   0.00602505   -0.0601972    -0.116391   -0.0762238 -1.95877e-09  -0.00886515   -0.0362714
     0.28546     0.780648     0.777418      0.77594     0.775305     0.776809     0.789877     0.776439     0.775555     0.775465     0.774315      0.75028      0.89551     0.769393     0.766837     0.772473     0.774689     0.775276     0.774925      0.77443     0.782752    0.0708556    -0.282434   -0.0581603   -0.0148027  -0.00735518  -0.00782978    0.0325787    0.0357769     0.057119    0.0595976    0.0519123    0.0726881    0.0849237   -0.0880135     0.071753    0.0829679    0.0572849    0.0477965    0.0385317   0.00363347   -0.0653295     -0.10464   -0.0594474 -1.93019e-09   -0.0533607    -0.036032
    0.300177     0.788002     0.784065     0.782723     0.782182     0.781694     0.780176     0.785732     0.776954     0.777414     0.778725     0.778438     0.769393     0.799068     0.757346     0.771351     0.776581     0.778844     0.779783      0.78007     0.787221     0.073218     -0.30014   -0.0466317   0.00678244    0.0308301    0.0440409    0.0503854     0.051899    0.0210008    0.0356221    0.0453091    0.0419821    0.0113025   -0.0388422    0.0784239    0.0752956    0.0648866    0.0517623    0.0378857   0.00673021    -0.059244    -0.120826   -0.0824822 -2.24008e-09    0.0108045   -0.0371539
    0.293648     0.774995     0.771222     0.769878     0.769333     0.769178     0.770053       0.7724     0.765074     0.765216     0.766176     0.766868     0.766837     0.757346      1.00294     0.756387     0.768867     0.766485     0.766467     0.766984     0.774567    0.0695234    -0.295798    -0.050602  0.000333965    0.0213528    0.0323531    0.0447066    0.0466933     0.022774    0.0331303    0.0371738    0.0446999    0.0680972    0.0833364     0.665524    -0.462216    -0.109253    0.0178352    0.0392673     0.012781    -0.055322    -0.118624   -0.0804065  -1.9566e-09  0.000498462   -0.0331815
    0.292305     0.777676     0.773954     0.772588     0.772028     0.772062     0.774346     0.774895     0.768313     0.768501     0.769291     0.770117     0.772473     0.771351     0.756387     0.979326     0.739948     0.768985     0.768831     0.769372     0.777363    0.0666117     -0.29496   -0.0511867 -0.000843043    0.0186807    0.0283531    0.0439808    0.0461568    0.0281672    0.0379814     0.037148     0.035396     0.050086    0.0709153      0.16114     0.364501    -0.316489   -0.0587115    0.0238605     0.015268    -0.050734    -0.114898   -0.0767031 -2.03254e-09   -0.0057885   -0.0343373
    0.293114     0.780717     0.776971       0.7756     0.775039     0.775039     0.777082     0.777959     0.771229     0.771457     0.772278     0.772968     0.774689     0.776581     0.768867     0.739948     0.951786     0.737502     0.771088     0.772048     0.780124    0.0651369    -0.295588   -0.0503106  0.000469596    0.0203692     0.030288    0.0453197    0.0474402    0.0288263    0.0391596    0.0389765    0.0355418    0.0423512    0.0533461     0.018511     0.150921     0.278924    -0.204658   -0.0447178  -0.00334593   -0.0487878    -0.111563   -0.0744907 -2.19521e-09  -0.00474817   -0.0357108
    0.293994      0.78238     0.778606     0.777238     0.776678     0.776615     0.778195     0.779679     0.772678      0.77293     0.773815     0.774393     0.775276     0.778844     0.766485     0.768985     0.737502     0.931774     0.739856     0.772768      0.78148     0.065903    -0.296255   -0.0496041   0.00161725    0.0220994    0.0324609    0.0463497    0.0483602    0.0281178    0.0389971    0.0403704    0.0379001    0.0410848    0.0434636  -0.00418991    0.0586296     0.144315     0.233813    -0.169305   -0.0613185    -0.059589    -0.108153   -0.0729351 -2.25301e-09  -0.00272002   -0.0364924
    0.295032     0.783104       0.7793     0.777938     0.777383     0.777237     0.778213     0.780487     0.773133     0.773409     0.774389     0.774892     0.774925     0.779783     0.766467     0.768831     0.771088     0.739856     0.911015     0.745215     0.781689    0.0714879    -0.296877   -0.0490101   0.00262566    0.0238047    0.0347163    0.0470873    0.0489606    0.0265926    0.0380357    0.0413939     0.040979    0.0425561    0.0376944  -0.00425247    0.0398388    0.0642281      0.12316     0.192221     -0.17242    -0.100597    -0.107555   -0.0770983 -2.27278e-09 -8.52693e-05   -0.0367951
    0.295971     0.783336     0.779511     0.778154     0.777603     0.777391     0.777882     0.780792     0.773151     0.773453     0.774525     0.775003      0.77443      0.78007     0.766984     0.769372     0.772048     0.772768     0.745215     0.889013     0.762604    0.0752911    -0.297132   -0.0484899   0.00341448    0.0251233    0.0364567    0.0475907     0.049366    0.0253559    0.0372326    0.0422536     0.043812    0.0448664    0.0343896  -0.00248345    0.0410585    0.0467717    0.0542044    0.0947725     0.142775    -0.202093    -0.112496    -0.109171 -2.40483e-09   0.00201071   -0.0368851
     0.29563     0.790629     0.786804      0.78542     0.784854     0.784736     0.785969     0.787964     0.780651     0.780976     0.781995     0.782573     0.782752     0.787221     0.774567     0.777363     0.780124      0.78148     0.781689     0.762604     0.888308   -0.0850686    -0.295668   -0.0455376   0.00669953    0.0278594    0.0385587    0.0513863    0.0533503    0.0325283    0.0440185    0.0474409    0.0474784    0.0484234     0.036504   0.00863137    0.0521068    0.0548356     0.046459     0.042638    0.0549557    0.0968322   -0.0647347    -0.381877 -4.97003e-09  -0.00131947   -0.0413412
    0.288944    0.0716131    0.0712568    0.0718772    0.0722364    0.0725744    0.0733379    0.0723556     0.071139    0.0699809    0.0699938    0.0701917    0.0708556     0.073218    0.0695234    0.0666117    0.0651369     0.065903    0.0714879    0.0752911   -0.0850686       14.455    -0.304654    -0.347039    -0.378877     -0.38796    -0.387183     -0.38086    -0.389835    -0.419566    -0.415579    -0.407282     -0.40577    -0.405648     -0.37762    -0.416082    -0.429909    -0.441684     -0.42666    -0.256224     0.324897      1.58996      2.70326      2.32794 -9.41107e-10   0.00174976      0.38666
     5.59135    -0.236028    -0.251184    -0.281361    -0.293641    -0.296181    -0.285095    -0.300531    -0.294436    -0.295115    -0.296572    -0.295283    -0.282434     -0.30014    -0.295798     -0.29496    -0.295588    -0.296255    -0.296877    -0.297132    -0.295668    -0.304654       10.357     -2.14243    -0.493197    0.0955352     0.321432      0.44188     0.473682     0.474361     0.476082     0.448331     0.421675     0.427507       0.4701     0.512877     0.487147      0.46679     0.460926     0.459074     0.455565     0.455605       0.4738      0.47006 -3.61659e-08   -0.0485338     0.230129
     1.93021    -0.121465    0.0673161    0.0038346   -0.0289741   -0.0429257   -0.0545439    -0.046107   -0.0515716   -0.0516598    -0.050744   -0.0511971   -0.0581603   -0.0466317    -0.050602   -0.0511867   -0.0503106   -0.0496041   -0.0490101   -0.0484899   -0.0455376    -0.347039     -2.14243      9.47833     -1.88325    -0.305098     0.335659     0.570223     0.616677     0.603104     0.618594     0.634086     0.656689     0.663556     0.651824     0.572225      0.61396     0.631976     0.634312     0.630478     0.622481     0.599842     0.565997     0.567376  4.98686e-08    0.0317376    0.0701137
    0.434958   -0.0116594    -0.102948     0.130332    0.0723491    0.0312645  -0.00571575   0.00698725  -0.00110832  -0.00111748  0.000377531 -0.000831778   -0.0148027   0.00678244  0.000333965 -0.000843043  0.000469596   0.00161725   0.00262566   0.00341448   0.00669953    -0.378877    -0.493197     -1.88325      10.0163     -2.27461    -0.427049      0.33692     0.413585     0.658684     0.681027     0.710387     0.750782     0.759184     0.729939     0.607274     0.671598     0.702938     0.708435     0.704338     0.695532     0.666484     0.615899     0.617733  1.64276e-08    0.0599831   0.00673782
   -0.109194    0.0237092    -0.012014   -0.0736379     0.155937     0.103089    0.0138861    0.0295985    0.0184989    0.0184036    0.0207632    0.0182785  -0.00735518    0.0308301    0.0213528    0.0186807    0.0203692    0.0220994    0.0238047    0.0251233    0.0278594     -0.38796    0.0955352    -0.305098     -2.27461      10.8495     -2.10911    -0.462748    -0.376109     0.642499     0.683946     0.738113     0.809292     0.820305     0.764887     0.570486     0.666861     0.720651     0.732223     0.729373     0.724748     0.695803     0.625246     0.623128  7.14841e-09     0.107602   -0.0182462
   -0.314921      0.04131    0.0253697  -0.00281223   -0.0579364     0.169721    0.0283993     0.039302     0.028632    0.0286287    0.0315289    0.0277994  -0.00782978    0.0440409    0.0323531    0.0283531     0.030288    0.0324609    0.0347163    0.0364567    0.0385587    -0.387183     0.321432     0.335659    -0.427049     -2.10911      11.5915     -2.17808     -2.15465     0.590709     0.673979     0.747616     0.845158     0.859438     0.780281     0.528835     0.651389     0.724119     0.740812     0.738913       0.7383     0.711189     0.625377     0.619288  3.42506e-09     0.147635   -0.0307695
   -0.405458    0.0519099    0.0457158    0.0316973  0.000921521    -0.062704     0.039037    0.0397379    0.0462222    0.0476752    0.0480325    0.0459411    0.0325787    0.0503854    0.0447066    0.0439808    0.0453197    0.0463497    0.0470873    0.0475907    0.0513863     -0.38086      0.44188     0.570223      0.33692    -0.462748     -2.17808      11.2793     -4.91224     0.594977     0.739591     0.750244     0.786495      0.80141     0.764711       0.6696     0.731994     0.760309     0.764258      0.75755     0.743893     0.710661      0.66156     0.666375 -5.58355e-09    0.0521469   -0.0399614
    -0.43217    0.0539369    0.0487247    0.0355187   0.00549393   -0.0552216    0.0222547    0.0403733    0.0477169    0.0493964    0.0499221    0.0480937    0.0357769     0.051899    0.0466933    0.0461568    0.0474402    0.0483602    0.0489606     0.049366    0.0533503    -0.389835     0.473682     0.616677     0.413585    -0.376109     -2.15465     -4.91224      10.6762     0.605889     0.764964     0.775467     0.809213     0.822759     0.783078     0.698858     0.758887     0.784807     0.787633     0.780111      0.76554     0.731782     0.683875     0.689376  -6.1262e-09     0.047652   -0.0416219
   -0.481281     0.025885    0.0254212    0.0233791    0.0219411    0.0239935    0.0457578    0.0554944      0.35085    0.0838094     0.022144    0.0230919     0.057119    0.0210008     0.022774    0.0281672    0.0288263    0.0281178    0.0265926    0.0253559    0.0325283    -0.419566     0.474361     0.603104     0.658684     0.642499     0.590709     0.594977     0.605889       3.1907     -1.19036      0.60605     0.810217     0.763057     0.796941     0.892251      0.84192     0.787342      0.76813     0.756983     0.724411     0.677321     0.687216     0.711475 -9.12628e-09    -0.117922  -0.00651841
   -0.469213     0.038702    0.0379379    0.0361212    0.0353106    0.0381988    0.0610436    0.0358161     -0.21908     0.281079     0.101026    0.0415322    0.0595976    0.0356221    0.0331303    0.0379814    0.0391596    0.0389971    0.0380357    0.0372326    0.0440185    -0.415579     0.476082     0.618594     0.681027     0.683946     0.673979     0.739591     0.764964     -1.19036      5.71303     -2.11947     0.292284     0.825669     0.964204     0.875419     0.837259     0.794645     0.777565     0.766911     0.738253     0.692707     0.689823     0.710948 -3.68999e-10   -0.0886119   -0.0313985
   -0.438612    0.0470266    0.0451326    0.0435316    0.0427642    0.0417651    0.0372257     0.045481  0.000333545    -0.197764     0.227135     0.110452    0.0519123    0.0453091    0.0371738     0.037148    0.0389765    0.0403704    0.0413939    0.0422536    0.0474409    -0.407282     0.448331     0.634086     0.710387     0.738113     0.747616     0.750244     0.775467      0.60605     -2.11947      7.50663     -2.50182     0.215518     0.977687      0.70391      0.74639     0.763879      0.76245     0.756592     0.744979     0.709181     0.662034     0.670253 -1.64053e-09    0.0162604   -0.0334063
   -0.413553    0.0525007    0.0493914    0.0480674    0.0474917    0.0429171    0.0123562    0.0544831    0.0399751   -0.0109486    -0.136131     0.203364    0.0726881    0.0419821    0.0446999     0.035396    0.0355418    0.0379001     0.040979     0.043812    0.0474784     -0.40577     0.421675     0.656689     0.750782     0.809292     0.845158     0.786495     0.809213     0.810217     0.292284     -2.50182      8.69064     -2.18812     -0.15096     0.395424     0.601243     0.712309     0.743278     0.749392     0.760992     0.737805     0.638455     0.631927 -2.67237e-09      0.13083   -0.0343134
   -0.414102    0.0534681    0.0503695    0.0490808    0.0485716      0.04414    0.0143171    0.0551794    0.0429081    0.0405297  -0.00136095   -0.0974774    0.0849237    0.0113025    0.0680972     0.050086    0.0423512    0.0410848    0.0425561    0.0448664    0.0484234    -0.405648     0.427507     0.663556     0.759184     0.820305     0.859438      0.80141     0.822759     0.763057     0.825669     0.215518     -2.18812       9.8345     -4.07589    0.0793192     0.476155     0.638577     0.714275     0.743849     0.765262      0.74472     0.643995     0.637743 -2.30892e-09     0.131833   -0.0389506
   -0.423703    0.0357419    0.0338841    0.0324693     0.031839    0.0304458    0.0230944     0.035404    0.0321544    0.0427499    0.0330221    -0.029431   -0.0880135   -0.0388422    0.0833364    0.0709153    0.0533461    0.0434636    0.0376944    0.0343896     0.036504     -0.37762       0.4701     0.651824     0.729939     0.764887     0.780281     0.764711     0.783078     0.796941     0.964204     0.977687     -0.15096     -4.07589      7.10388     0.131315     0.512827     0.585312     0.683189     0.729726     0.716386     0.674984     0.661871     0.675565 -2.25416e-09    0.0293598    -0.037759
   -0.498289  -0.00347255  -0.00236973  -0.00441131  -0.00544696   0.00190392    0.0583055   -0.0126765    0.0158457    0.0166445   0.00947745      0.01246     0.071753    0.0784239     0.665524      0.16114     0.018511  -0.00418991  -0.00425247  -0.00248345   0.00863137    -0.416082     0.512877     0.572225     0.607274     0.570486     0.528835       0.6696     0.698858     0.892251     0.875419      0.70391     0.395424    0.0793192     0.131315      6.38721     -2.40717     0.172597     0.861445     0.891838     0.777576     0.674842     0.714275     0.748385 -1.05278e-09    -0.247512   0.00450393
   -0.470884    0.0464875    0.0461435    0.0442579    0.0433667    0.0471101    0.0770982    0.0403585    0.0537911    0.0542287    0.0505655    0.0522192    0.0829679    0.0752956    -0.462216     0.364501     0.150921    0.0586296    0.0398388    0.0410585    0.0521068    -0.429909     0.487147      0.61396     0.671598     0.666861     0.651389     0.731994     0.758887      0.84192     0.837259      0.74639     0.601243     0.476155     0.512827     -2.40717      8.23325     -2.35292     0.117272     0.804077     0.852085     0.751437      0.71422     0.733008 -5.57902e-10    -0.129964   -0.0304734
   -0.449652    0.0560348    0.0547549    0.0530647    0.0523206    0.0534396    0.0640159     0.052266    0.0550896    0.0553372    0.0539061    0.0529232    0.0572849    0.0648866    -0.109253    -0.316489     0.278924     0.144315    0.0642281    0.0467717    0.0548356    -0.441684      0.46679     0.631976     0.702938     0.720651     0.724119     0.760309     0.784807     0.787342     0.794645     0.763879     0.712309     0.638577     0.585312     0.172597     -2.35292      8.83107     -2.58053   -0.0946509     0.706466     0.815505     0.728234     0.730342 -1.31684e-09   -0.0434146   -0.0363303
   -0.445362    0.0515896    0.0500853    0.0484665    0.0477729     0.048177    0.0534056    0.0484977    0.0483856    0.0484888    0.0477837     0.047014    0.0477965    0.0517623    0.0178352   -0.0587115    -0.204658     0.233813      0.12316    0.0542044     0.046459     -0.42666     0.460926     0.634312     0.708435     0.732223     0.740812     0.764258     0.787633      0.76813     0.777565      0.76245     0.743278     0.714275     0.683189     0.861445     0.117272     -2.58053      9.02286     -2.72956    -0.207634     0.704184     0.776963     0.776413 -1.16285e-09   -0.0196377    -0.034356
   -0.444163    0.0405953    0.0390838    0.0375121    0.0368397    0.0370421    0.0407826    0.0378411    0.0367079    0.0368942    0.0366707    0.0366781    0.0385317    0.0378857    0.0392673    0.0238605   -0.0447178    -0.169305     0.192221    0.0947725     0.042638    -0.256224     0.459074     0.630478     0.704338     0.729373     0.738913      0.75755     0.780111     0.756983     0.766911     0.756592     0.749392     0.743849     0.729726     0.891838     0.804077   -0.0946509     -2.72956      9.15441     -2.81569    -0.101398     0.776351     0.816087  3.89264e-10   -0.0135636   -0.0281773
   -0.436925   0.00999158   0.00840548   0.00697792    0.0063745   0.00588262   0.00447459   0.00819048   0.00421416   0.00468219   0.00560046   0.00602505   0.00363347   0.00673021     0.012781     0.015268  -0.00334593   -0.0613185     -0.17242     0.142775    0.0549557     0.324897     0.455565     0.622481     0.695532     0.724748       0.7383     0.743893      0.76554     0.724411     0.738253     0.744979     0.760992     0.765262     0.716386     0.777576     0.852085     0.706466    -0.207634     -2.81569      9.03237     -2.56588     0.426808     0.597739  4.63525e-09   0.00869574   -0.0102163
   -0.433107   -0.0565084   -0.0579023   -0.0591136   -0.0596128   -0.0604471    -0.064701   -0.0576506   -0.0624442   -0.0620162   -0.0606621   -0.0601972   -0.0653295    -0.059244    -0.055322    -0.050734   -0.0487878    -0.059589    -0.100597    -0.202093    0.0968322      1.58996     0.455605     0.599842     0.666484     0.695803     0.711189     0.710661     0.731782     0.677321     0.692707     0.709181     0.737805      0.74472     0.674984     0.674842     0.751437     0.815505     0.704184    -0.101398     -2.56588       8.7342     -1.08878     -0.71697  9.62562e-09    0.0216616    0.0286621
   -0.451231     -0.11787    -0.118264    -0.119479    -0.120011    -0.118678    -0.107382    -0.120876    -0.116313    -0.116478    -0.117661    -0.116391     -0.10464    -0.120826    -0.118624    -0.114898    -0.111563    -0.108153    -0.107555    -0.112496   -0.0647347      2.70326       0.4738     0.565997     0.615899     0.625246     0.625377      0.66156     0.683875     0.687216     0.689823     0.662034     0.638455     0.643995     0.661871     0.714275      0.71422     0.728234     0.776963     0.776351     0.426808     -1.08878      10.3365     -5.56831 -6.09814e-09     -0.04652    0.0641913
    -0.44766   -0.0789167   -0.0792709     -0.08062   -0.0812245   -0.0792834   -0.0633553    -0.082672    -0.075903   -0.0760866   -0.0778589   -0.0762238   -0.0594474   -0.0824822   -0.0804065   -0.0767031   -0.0744907   -0.0729351   -0.0770983    -0.109171    -0.381877      2.32794      0.47006     0.567376     0.617733     0.623128     0.619288     0.666375     0.689376     0.711475     0.710948     0.670253     0.631927     0.637743     0.675565     0.748385     0.733008     0.730342     0.776413     0.816087     0.597739     -0.71697     -5.56831      9.63056 -1.37632e-08   -0.0670796    0.0456755
 3.82663e-08 -5.76745e-10 -2.96182e-09 -2.52646e-09 -2.30134e-09 -2.60098e-09 -5.57357e-09 -2.34843e-09 -1.68051e-09  -1.6453e-09 -1.89888e-09 -1.95877e-09 -1.93019e-09 -2.24008e-09  -1.9566e-09 -2.03254e-09 -2.19521e-09 -2.25301e-09 -2.27278e-09 -2.40483e-09 -4.97003e-09 -9.41107e-10 -3.61659e-08  4.98686e-08  1.64276e-08  7.14841e-09  3.42506e-09 -5.58355e-09  -6.1262e-09 -9.12628e-09 -3.68999e-10 -1.64053e-09 -2.67237e-09 -2.30892e-09 -2.25416e-09 -1.05278e-09 -5.57902e-10 -1.31684e-09 -1.16285e-09  3.89264e-10  4.63525e-09  9.62562e-09 -6.09814e-09 -1.37632e-08         2.25 -1.19443e-08  1.40245e-09
   0.0351038   0.00701375   0.00504282   0.00545756   0.00575515  0.000107723   -0.0414675    0.0122848   -0.0104405   -0.0100449  -0.00497441  -0.00886515   -0.0533607    0.0108045  0.000498462   -0.0057885  -0.00474817  -0.00272002 -8.52693e-05   0.00201071  -0.00131947   0.00174976   -0.0485338    0.0317376    0.0599831     0.107602     0.147635    0.0521469     0.047652    -0.117922   -0.0886119    0.0162604      0.13083     0.131833    0.0293598    -0.247512    -0.129964   -0.0434146   -0.0196377   -0.0135636   0.00869574    0.0216616     -0.04652   -0.0670796 -1.19443e-08     0.184476  -0.00254965
    0.370992   -0.0401375   -0.0387709   -0.0375923    -0.037146   -0.0369746   -0.0367518   -0.0374659   -0.0340687   -0.0348566   -0.0358337   -0.0362714    -0.036032   -0.0371539   -0.0331815   -0.0343373   -0.0357108   -0.0364924   -0.0367951   -0.0368851   -0.0413412      0.38666     0.230129    0.0701137   0.00673782   -0.0182462   -0.0307695   -0.0399614   -0.0416219  -0.00651841   -0.0313985   -0.0334063   -0.0343134   -0.0389506    -0.037759   0.00450393   -0.0304734   -0.0363303    -0.034356   -0.0281773   -0.0102163    0.0286621    0.0641913    0.0456755  1.40245e-09  -0.00254965    0.0275687
* row and column names
in_inst:0_usecol:1_direct_idx0:18.75
in_inst:0_usecol:1_direct_idx0:21.25
in_inst:0_usecol:1_direct_idx0:23.75
in_inst:0_usecol:1_direct_idx0:26.25
in_inst:0_usecol:1_direct_idx0:28.75
in_inst:0_usecol:1_direct_idx0:31.25
in_inst:0_usecol:1_direct_idx0:33.75
in_inst:0_usecol:1_direct_idx0:36.25
in_inst:0_usecol:1_direct_idx0:38.75
in_inst:0_usecol:1_direct_idx0:41.25
in_inst:0_usecol:1_direct_idx0:43.75
in_inst:0_usecol:1_direct_idx0:46.25
in_inst:0_usecol:1_direct_idx0:48.75
in_inst:0_usecol:1_direct_idx0:51.25
in_inst:0_usecol:1_direct_idx0:53.75
in_inst:0_usecol:1_direct_idx0:56.25
in_inst:0_usecol:1_direct_idx0:58.75
in_inst:0_usecol:1_direct_idx0:61.25
in_inst:0_usecol:1_direct_idx0:63.75
in_inst:0_usecol:1_direct_idx0:66.25
in_inst:0_usecol:1_direct_idx0:68.75
in_inst:0_usecol:1_direct_idx0:71.25
out_inst:0_usecol:2_direct_idx0:18.75
out_inst:0_usecol:2_direct_idx0:21.25
out_inst:0_usecol:2_direct_idx0:23.75
out_inst:0_usecol:2_direct_idx0:26.25
out_inst:0_usecol:2_direct_idx0:28.75
out_inst:0_usecol:2_direct_idx0:31.25
out_inst:0_usecol:2_direct_idx0:33.75
out_inst:0_usecol:2_direct_idx0:36.25
out_inst:0_usecol:2_direct_idx0:38.75
out_inst:0_usecol:2_direct_idx0:41.25
out_inst:0_usecol:2_direct_idx0:43.75
out_inst:0_usecol:2_direct_idx0:46.25
out_inst:0_usecol:2_direct_idx0:48.75
out_inst:0_usecol:2_direct_idx0:51.25
out_inst:0_usecol:2_direct_idx0:53.75
out_inst:0_usecol:2_direct_idx0:56.25
out_inst:0_usecol:2_direct_idx0:58.75
out_inst:0_usecol:2_direct_idx0:61.25
out_inst:0_usecol:2_direct_idx0:63.75
out_inst:0_usecol:2_direct_idx0:66.25
out_inst:0_usecol:2_direct_idx0:68.75
out_inst:0_usecol:2_direct_idx0:71.25
p_inst:0_usecol:1_direct_idx0:diffusioncoefficient
p_inst:0_usecol:1_direct_idx0:dispersivity
tot_inst:0_usecol:1_direct
