   123   123     1
     5.71052     0.260576     0.186296     0.261898     0.258701      0.26495     0.259083     0.285531     0.221146     0.290835     0.286561     0.284052     0.303204     0.287205     0.320486     0.260747     0.277286     0.305417     0.315576     0.323464     0.305817     0.310011     0.324922     0.298651     0.280493     0.312543     0.330073     0.329024     0.304727      0.29204     0.320594     0.317968     0.261852     0.222341     0.292937     0.293474     0.258432      0.27844     0.273655     0.258503     0.260283     0.319904     0.293684      0.28422     0.292846     0.283607     0.265668     0.278767     0.422059     0.286987      0.41581     0.261696     0.127693     0.236878     0.232646   0.00108004     0.261648    0.0386559    -0.837727      -6.1973     0.898252  -0.00920792   -0.0120324   -0.0159873   -0.0167214   -0.0194437   -0.0222164   -0.0241193   -0.0215478   -0.0214132   -0.0222137   -0.0233477   -0.0252044   -0.0268416   -0.0295206   -0.0320857    -0.033336   -0.0342023   -0.0345871   -0.0353732   -0.0358854   -0.0348578   -0.0341021   -0.0359046   -0.0343253   -0.0340378   -0.0334076    -0.033296   -0.0342384   -0.0341015    -0.034278   -0.0339425   -0.0362279   -0.0364415    -0.034033   -0.0327548   -0.0318637   -0.0308626   -0.0304847   -0.0303866   -0.0300798   -0.0297394   -0.0290669   -0.0287799   -0.0282953   -0.0288439   -0.0300044   -0.0324104   -0.0378089    -0.050477   -0.0696139   -0.0626849   -0.0502763    -0.211189    -0.180935    -0.150188  -0.00641691    -0.144895    -0.543572      1.86114 -2.28106e-07  -0.00512645   -0.0352859
    0.260576     0.291806    0.0143569     0.273571     0.122116     0.216533     0.244876     0.255993     0.133159     0.204601     0.219555     0.217779     0.236655     0.235197      0.30124     0.249476     0.256643     0.270986     0.276462      0.29187     0.277308     0.274485     0.291998     0.281137     0.263306      0.28443     0.292332     0.294946     0.284314     0.274148     0.297019     0.301087     0.271111     0.237855     0.293409      0.28613      0.25464     0.270705     0.273183     0.269033     0.258278     0.293421     0.262461     0.262849     0.265645       0.2485     0.223972     0.216663     0.263285     0.119813     0.119759    0.0394681    0.0045957     0.268925     0.228816   0.00354412     0.225072   0.00912379     0.247991     0.134509    -0.024583    0.0169803   0.00777174   0.00713253    0.0064682   0.00723467   0.00822235   0.00876902    0.0083656   0.00796364   0.00755661    0.0070127   0.00635748   0.00548673   0.00462683   0.00391098   0.00336214   0.00280693   0.00243562   0.00243424   0.00279583   0.00344544   0.00404681   0.00452255   0.00519543   0.00569227   0.00587149   0.00597549   0.00600319   0.00582653   0.00562803   0.00524806   0.00448708   0.00407072   0.00283139   0.00171222  0.000693586 -0.000842149  -0.00135397   -0.0014369  -0.00133664  -0.00112019  -0.00136143  -0.00265759  -0.00343692  -0.00457706  -0.00544874  -0.00594537  -0.00645253  -0.00788798  -0.00843426  -0.00273593   0.00283625   -0.0102028   -0.0832932    -0.059733 -0.000666237   -0.0704152   -0.0575379   -0.0391811  1.11316e-09    0.0392678  -0.00660175
    0.186296    0.0143569      5.38321   -0.0613295     0.391159     0.251295     0.248055     0.266506     0.170255     0.232243     0.223409     0.203523     0.208337     0.202542     0.269092      0.22622     0.230484     0.238196     0.239437     0.253767      0.24046     0.234567     0.249866     0.244535     0.228558     0.243323     0.246273     0.248774     0.243391     0.235056     0.253008     0.258333     0.240967     0.214531     0.259251     0.250721      0.22415     0.237335     0.242097     0.242656     0.228971     0.251137     0.220595     0.223503     0.222743     0.203666     0.178636     0.163418     0.163301    0.0335332   -0.0285525   -0.0704433    -0.055894     0.228238     0.230936   0.00557604      0.18132     0.010511     0.248284    0.0983376   -0.0120157    -0.110946    -0.105688   -0.0174922  -0.00807325  -0.00511769  -0.00279497  -0.00108569   0.00100473   0.00212079    0.0032649   0.00467559   0.00606677    0.0071623   0.00814119   0.00905974   0.00968981   0.00994195    0.0100394    0.0104212    0.0109616    0.0113438    0.0116301    0.0122032    0.0123432    0.0125739    0.0124433    0.0123649    0.0124071    0.0121216    0.0119261    0.0114875    0.0110546    0.0107678   0.00912496   0.00773847   0.00646433   0.00447587   0.00386982   0.00382452   0.00385323   0.00402268   0.00345767   0.00163575  0.000450122 -0.000802906  -0.00138305 -0.000903038  0.000553798   0.00378968    0.0114172     0.019716    0.0239233    0.0243098   0.00118572   -0.0224582   0.00506191   -0.0374741   0.00198133   -0.0184165 -1.36541e-07    0.0580063  -0.00876696
    0.261898     0.273571   -0.0613295     0.476704   -0.0933749     0.261323     0.258974     0.270185     0.139892     0.214561     0.228618     0.224401     0.242468     0.241308     0.314023     0.261123     0.267688     0.280879     0.285589      0.30225     0.287194     0.283248     0.301612     0.291885     0.273299     0.294103     0.301065     0.303844     0.293998     0.283588     0.306662     0.311216     0.282516     0.248764     0.305467     0.297375      0.26497     0.281507     0.284752     0.281567     0.269404     0.303716     0.270351     0.271067     0.272875     0.253785     0.227273     0.217371     0.255086     0.105422    0.0876694    0.0114176   -0.0118726     0.277763     0.240041   0.00423117     0.228485    0.0100993     0.263477     0.134476   -0.0241808   0.00617108   0.00932632   -0.0223007   0.00537677   0.00667134   0.00796626   0.00880359   0.00866538   0.00846957   0.00830543   0.00806699   0.00773264   0.00712384   0.00651597   0.00601234   0.00557171    0.0050519   0.00466896   0.00468479   0.00505514   0.00563873   0.00617185   0.00667251   0.00725067   0.00770888   0.00782075   0.00788383   0.00790788   0.00768999   0.00747655   0.00705719    0.0063077   0.00590352   0.00451418   0.00327056   0.00212663   0.00036977 -0.000198573 -0.000266667 -0.000165727  5.89247e-05 -0.000264507  -0.00177742  -0.00271563  -0.00397289  -0.00483071  -0.00508376  -0.00503156  -0.00520021  -0.00335556   0.00355497   0.00900369   -0.0130384   -0.0884386   -0.0671601  0.000167291   -0.0801303   -0.0605153   -0.0380187 -2.70235e-08    0.0487851   -0.0083109
    0.258701     0.122116     0.391159   -0.0933749      1.39666    -0.115983     0.250601     0.217141     0.247072     0.289106     0.263628     0.263164     0.277939     0.250834     0.231892     0.180902     0.200759     0.233737     0.245263     0.241286     0.224749     0.233609     0.241376     0.209969      0.19674     0.226706     0.247819     0.247847     0.224199     0.214683     0.240345     0.240683     0.190915      0.15742     0.210272      0.21103     0.183895      0.19696     0.191782     0.176676      0.17782     0.226137     0.217883     0.218143     0.233857     0.236244     0.229454     0.247115      0.38847     0.282031     0.471764     0.343649     0.178775     0.229072      0.18337  -0.00259773     0.231997  0.000962189     0.133484     0.142948   -0.0243571    0.0252595    0.0375567    0.0340376   -0.0524245   -0.0310901   -0.0355706   -0.0378922   -0.0325663   -0.0303151   -0.0290564   -0.0281451   -0.0278971   -0.0271654   -0.0269288    -0.026314    -0.024603   -0.0226746    -0.020598   -0.0188366   -0.0169139   -0.0143503   -0.0121016   -0.0107458  -0.00874211  -0.00748432  -0.00650857  -0.00588566  -0.00554508  -0.00534533  -0.00540722  -0.00556067  -0.00612816  -0.00679617  -0.00730303  -0.00759746  -0.00761282  -0.00720259  -0.00731713  -0.00762713  -0.00765324  -0.00751922  -0.00709323  -0.00640554   -0.0057642  -0.00577425  -0.00689849   -0.0100467   -0.0167502   -0.0315219   -0.0580218   -0.0666596   -0.0587299     0.201722     0.182276     0.178001  -0.00303905     0.196456     0.142496    -0.042776  3.15169e-08   -0.0691456   0.00914988
     0.26495     0.216533     0.251295     0.261323    -0.115983     0.706575   -0.0111731     0.324285     0.178569     0.236715     0.239179     0.240415      0.25946     0.248244     0.282324     0.229664     0.242229     0.264363     0.272176     0.280034     0.264109     0.265754     0.279756      0.26035     0.243852     0.269043     0.282378     0.283999     0.267903      0.25772     0.282297     0.285024     0.246505     0.212316     0.268239     0.263939     0.233344     0.248625     0.248172     0.239646     0.233224      0.27436     0.251546     0.251999     0.259958     0.250053     0.231842     0.234035     0.318511     0.185715     0.259657      0.15894    0.0724512     0.259471     0.219685    0.0013013     0.233717   0.00620537     0.210936     0.141036   -0.0245014   0.00988406    0.0120601    0.0114567   0.00953185   -0.0188377  -0.00956506   -0.0105737  -0.00875543  -0.00801811  -0.00763878  -0.00745004  -0.00761185  -0.00772917  -0.00805763  -0.00816535  -0.00775443  -0.00728296  -0.00665346  -0.00592935  -0.00492384   -0.0034921  -0.00222245  -0.00138932 -0.000178889  0.000625166   0.00111804   0.00142464   0.00157235    0.0015381   0.00138848   0.00108976  0.000386708 -0.000136465  -0.00111698  -0.00193813  -0.00258632  -0.00339544  -0.00376303  -0.00393745  -0.00388724  -0.00370032  -0.00369379   -0.0042567  -0.00450635  -0.00523107  -0.00621863  -0.00776114   -0.0107165   -0.0174068   -0.0281339   -0.0278323    -0.021105    0.0763964    0.0281079    0.0371584  -0.00128526    0.0376359    0.0256274   -0.0407382  8.30663e-10  -0.00248625 -0.000574677
    0.259083     0.244876     0.248055     0.258974     0.250601   -0.0111731     0.646446   -0.0757865     0.317632     0.276041     0.228937     0.221176     0.242895     0.239501     0.292406     0.240738     0.250238     0.267682     0.273854     0.285812     0.270567     0.269464     0.285328     0.270958     0.253754     0.276394     0.286437     0.288613     0.275831     0.265722     0.289145     0.292701     0.259579     0.226186     0.281501     0.275441     0.244506     0.260127     0.261456     0.255647     0.246582     0.283732     0.256237     0.256795     0.261653       0.2475     0.225614     0.221973     0.282582     0.144023     0.172673    0.0853983    0.0307375     0.263617     0.225585    0.0026865     0.227137   0.00796229     0.232537     0.135586   -0.0239493   0.00635114   0.00573762   0.00454147    0.0051906    0.0050649   -0.0109009  -0.00119886   0.00066531  0.000589997  0.000569561  0.000486119  0.000209942 -0.000189783 -0.000683709   -0.0010216  -0.00107951  -0.00114124  -0.00104943 -0.000709793   -5.244e-05  0.000928519   0.00180929   0.00245606   0.00333825   0.00395958   0.00426055   0.00444482   0.00452927   0.00440814   0.00423067   0.00388024   0.00316401   0.00270694   0.00155017  0.000541351 -0.000333483  -0.00158339  -0.00204073  -0.00216161  -0.00208619  -0.00188597  -0.00203636  -0.00304672  -0.00362307  -0.00459036  -0.00549752  -0.00639506  -0.00785507   -0.0113042    -0.015816   -0.0123228  -0.00632077    0.0307221    -0.029597   -0.0147139 -0.000599718   -0.0207578   -0.0173285   -0.0388005 -1.21235e-08    0.0222425  -0.00422512
    0.285531     0.255993     0.266506     0.270185     0.217141     0.324285   -0.0757865      1.01835     -1.02167    0.0326943     0.244886     0.245151     0.258887     0.255597     0.309926     0.255737     0.268262     0.289912     0.297708     0.309089     0.292147     0.292015     0.308374     0.290488     0.272048     0.297813     0.310176     0.312261     0.296842     0.285793     0.311767     0.315101     0.276451     0.239762     0.300386     0.294674      0.26115     0.278083     0.278642     0.271044     0.262569      0.30505     0.277058     0.277282      0.28381     0.270219     0.248011     0.246817     0.324197     0.176442     0.227754      0.12591    0.0521149     0.282179     0.243497   0.00233082     0.249839   0.00785029     0.244711     0.151332   -0.0262171    0.0109469    0.0121278    0.0125609    0.0140554    0.0147099    0.0142813   -0.0105408  -0.00357155  -0.00227562  -0.00229298  -0.00245201  -0.00286394  -0.00332546  -0.00392115  -0.00434505  -0.00439982  -0.00442945  -0.00426237   -0.0038815  -0.00315854  -0.00198745 -0.000938609  -0.00029937  0.000786933   0.00150386   0.00190951    0.0021499   0.00222269   0.00213489   0.00195373   0.00162172  0.000786046  0.000275115 -0.000775342  -0.00171306  -0.00251202  -0.00361948  -0.00405059  -0.00419547  -0.00411058  -0.00390061  -0.00397466  -0.00486556  -0.00533587   -0.0062762  -0.00729219  -0.00855787   -0.0108376   -0.0161185   -0.0238519   -0.0210229   -0.0139604    0.0391774    -0.015147  -0.00237594  -0.00117022   -0.0067033  -0.00867939   -0.0433838 -1.19487e-08    0.0139851  -0.00309831
    0.221146     0.133159     0.170255     0.139892     0.247072     0.178569     0.317632     -1.02167      9.36606     -2.58317    -0.314807     0.159906     0.198684     0.175624     0.184884     0.152908     0.171925      0.20006     0.211046     0.211808     0.198341     0.203627     0.211306     0.187884     0.175961     0.199765     0.215404     0.215594     0.197445     0.189295     0.210287     0.210385     0.170608     0.142578     0.187963     0.187881     0.164458     0.176207      0.17255     0.161167      0.16133     0.201191     0.190348     0.189164      0.19988     0.198763     0.190412     0.202384     0.310848     0.218278      0.35022     0.245737      0.12545     0.184739     0.164279  -0.00116688     0.192467   0.00184328      0.13445      0.12474    -0.019851     0.018533    0.0259304    0.0312674    0.0356589    0.0382225    0.0390971     0.037653   -0.0215746   -0.0179313   -0.0167542   -0.0162697   -0.0169349   -0.0172543   -0.0178195    -0.018194   -0.0179296   -0.0175072   -0.0168419   -0.0162975    -0.015541   -0.0140838   -0.0127945   -0.0124363   -0.0110375    -0.010276  -0.00960752  -0.00922702  -0.00919865  -0.00906201  -0.00913557  -0.00917921  -0.00995863   -0.0104128   -0.0103684   -0.0103959   -0.0103226   -0.0100074   -0.0100412   -0.0102216   -0.0101664   -0.0100492  -0.00970689  -0.00937282  -0.00898546  -0.00913863   -0.0100157   -0.0122858   -0.0171443   -0.0280186    -0.046812   -0.0499943     -0.04275    0.0746574     0.079747     0.074665  -0.00305597    0.0830731    0.0528842   -0.0364341    8.285e-09   -0.0391521    0.0050122
    0.290835     0.204601     0.232243     0.214561     0.289106     0.236715     0.276041    0.0326943     -2.58317      8.21839     -2.75732    -0.371887     0.223677     0.244263      0.24824     0.204639     0.230979     0.267873      0.28375     0.290142     0.273259     0.277827     0.289906     0.263145     0.246238     0.275569     0.293236     0.293975     0.272838     0.261982     0.289076     0.290071     0.241986     0.205123     0.265455     0.263598     0.231797     0.247894     0.244729     0.232131     0.229711       0.2793     0.260163     0.258753     0.270116     0.264474     0.249651     0.259983     0.382099     0.252052     0.384837      0.25784      0.12752     0.252174     0.227133 -0.000190248     0.252122   0.00420935     0.202069      0.16211   -0.0259527    0.0233407    0.0312262    0.0375026    0.0428968    0.0467503     0.048062     0.045146    0.0150971   -0.0179069    -0.017248   -0.0141904   -0.0147126   -0.0154173   -0.0163191   -0.0169993   -0.0171139   -0.0171098   -0.0167929   -0.0164658   -0.0158203   -0.0143511   -0.0130377   -0.0127582   -0.0112298   -0.0104011  -0.00970162  -0.00931548  -0.00933877  -0.00924221  -0.00936891  -0.00948098   -0.0105351   -0.0110835   -0.0112128   -0.0114439   -0.0115747   -0.0115907   -0.0117281   -0.0119193   -0.0118203    -0.011655    -0.011352   -0.0113468   -0.0111524   -0.0115934   -0.0126888   -0.0151049   -0.0201654   -0.0315845   -0.0507473   -0.0518988   -0.0428736    0.0572161    0.0534111    0.0512199  -0.00333354    0.0561565    0.0309443    -0.046792 -8.62726e-09   -0.0284988   0.00324368
    0.286561     0.219555     0.223409     0.228618     0.263628     0.239179     0.228937     0.244886    -0.314807     -2.75732      8.83418     -2.73943     -0.29538      0.27094     0.265376     0.192956     0.219759     0.260091     0.280017     0.291104     0.275841     0.279456     0.292616     0.268428     0.250981     0.278672     0.294337     0.295211     0.275827     0.265044     0.291439     0.292885      0.24784     0.211558     0.271346     0.268582     0.236727     0.252935     0.250712     0.239585     0.235803     0.283093     0.261588      0.26021     0.269917     0.262048     0.245371     0.252597     0.361703     0.229188     0.337613     0.218223     0.105071     0.253294     0.229301  0.000537762     0.247644   0.00511186     0.212612     0.158594   -0.0255474    0.0207069    0.0271614     0.032664    0.0377366    0.0423704     0.045192    0.0432738    0.0305901    0.0121165   -0.0148436   -0.0115618   -0.0102121   -0.0108861   -0.0120804   -0.0128668    -0.013243   -0.0135476   -0.0135536   -0.0134468   -0.0130088   -0.0118279   -0.0107617   -0.0106073  -0.00929031  -0.00858228  -0.00799948  -0.00768714  -0.00774881  -0.00770058   -0.0078427  -0.00798242  -0.00903996  -0.00955304  -0.00977586   -0.0101057   -0.0103559   -0.0106037   -0.0107887     -0.01095   -0.0108374   -0.0106681   -0.0104479   -0.0106773    -0.010656   -0.0112212   -0.0122687   -0.0143349   -0.0185908   -0.0282583   -0.0440781   -0.0435498   -0.0349128    0.0329498    0.0228959    0.0237862  -0.00295664    0.0252726   0.00828315   -0.0455711 -1.88059e-08   -0.0153951   0.00130128
    0.284052     0.217779     0.203523     0.224401     0.263164     0.240415     0.221176     0.245151     0.159906    -0.371887     -2.73943      8.61949     -2.67186   -0.0141218     0.325775     0.191905     0.200396     0.242787      0.26914     0.283899     0.270936       0.2758      0.28918     0.264949     0.247667     0.275104     0.290632     0.291214     0.271624     0.260912     0.287056     0.288361     0.243339     0.207469     0.266631     0.264122     0.232706     0.248703     0.246313     0.235046     0.231634     0.278789     0.257936     0.256445     0.266271     0.258872     0.242744     0.250486     0.360707     0.230562     0.341832     0.222431     0.107719     0.249457     0.224816   0.00037521     0.244946   0.00486169     0.207511     0.157236   -0.0254883    0.0166277    0.0223406    0.0269868    0.0316972     0.036638    0.0409373    0.0418222    0.0356235    0.0275035    0.0123508   -0.0126568  -0.00980127  -0.00995166   -0.0122369   -0.0131697   -0.0135842   -0.0138854   -0.0138766   -0.0137512   -0.0133054   -0.0121385   -0.0110835   -0.0109484  -0.00965048  -0.00896226  -0.00838465  -0.00807637  -0.00814561  -0.00809238  -0.00823215  -0.00836242  -0.00941756  -0.00992858   -0.0101075   -0.0104011   -0.0106171     -0.01081   -0.0109798   -0.0111384   -0.0110272   -0.0108592   -0.0106222   -0.0107966   -0.0107392   -0.0112751   -0.0123178   -0.0144165    -0.018758   -0.0286048   -0.0447915   -0.0445128   -0.0359107    0.0335549    0.0234962    0.0253498  -0.00312577    0.0273279   0.00891504   -0.0454988 -1.51708e-08   -0.0172206   0.00146895
    0.303204     0.236655     0.208337     0.242468     0.277939      0.25946     0.242895     0.258887     0.198684     0.223677     -0.29538     -2.67186      6.74405     -2.49754     0.212366     0.309952     0.238756     0.249826     0.276363     0.297764     0.287525     0.294236     0.309662     0.284578     0.266169     0.295335     0.311561     0.312038     0.291183      0.27965      0.30751     0.309031     0.261363     0.223062     0.286268     0.283432     0.249807     0.266906     0.264531     0.252698     0.248763       0.2988     0.276204     0.274763       0.2851     0.276912     0.259389     0.267169     0.382988     0.243086     0.358831     0.232422     0.112176     0.268955     0.239872  0.000470252     0.261665   0.00533933     0.222599     0.167056    -0.027414    0.0123786    0.0169559     0.020246    0.0242944    0.0287684    0.0334714    0.0364075    0.0339853     0.031195    0.0256943    0.0110137  -0.00623676  -0.00614007   -0.0118189   -0.0132053   -0.0136756   -0.0140532   -0.0140096   -0.0137984   -0.0132529    -0.011999   -0.0108646   -0.0106541  -0.00930769   -0.0085857  -0.00799538  -0.00767772  -0.00773845  -0.00769487  -0.00784825  -0.00800688  -0.00910498  -0.00965626  -0.00992939   -0.0102986   -0.0105751    -0.010845   -0.0110474   -0.0112155   -0.0111039   -0.0109185   -0.0106886   -0.0109061   -0.0108708    -0.011467   -0.0125833   -0.0147788   -0.0192993   -0.0295415    -0.046359   -0.0460708   -0.0370656    0.0400037    0.0235487    0.0275368  -0.00324494     0.029526    0.0101173   -0.0485429 -1.03808e-08   -0.0169233   0.00129657
    0.287205     0.235197     0.202542     0.241308     0.250834     0.248244     0.239501     0.255597     0.175624     0.244263      0.27094   -0.0141218     -2.49754      5.97231     -2.11623     0.336016     0.336244     0.263036     0.253494     0.275537     0.271497     0.279941     0.297002     0.275767     0.258363     0.285567     0.299937      0.30051     0.281634     0.270529     0.296749     0.298646     0.255171     0.218788     0.278915     0.275465     0.243165     0.259568     0.258038     0.247765     0.242812      0.28899     0.265823     0.264846     0.273759     0.264476     0.246393     0.251568     0.353005     0.216514     0.311022     0.195794    0.0922615     0.261945     0.231165  0.000926562     0.248435   0.00577715      0.21959     0.156603   -0.0261475    0.0076923    0.0102709    0.0117161    0.0144546    0.0175113    0.0211198    0.0242277    0.0243489    0.0243141    0.0233884    0.0194114    0.0108742   0.00185232  -0.00763098  -0.00968414  -0.00979805   -0.0104292   -0.0105612   -0.0103541  -0.00981649  -0.00870526  -0.00768906  -0.00739706  -0.00623454  -0.00558927  -0.00510343  -0.00483797  -0.00487471  -0.00487299  -0.00503053  -0.00522942  -0.00622136  -0.00674341  -0.00720776  -0.00771263  -0.00811697  -0.00859673  -0.00885167  -0.00900397  -0.00890364  -0.00871908  -0.00857767  -0.00895656  -0.00905137  -0.00971562   -0.0107631   -0.0126309   -0.0163947   -0.0249471   -0.0387479   -0.0377958   -0.0296458    0.0367547    0.0105678    0.0172964  -0.00264504    0.0175227    0.0033021   -0.0454852 -8.92783e-09  -0.00810666  0.000106973
    0.320486      0.30124     0.269092     0.314023     0.231892     0.282324     0.292406     0.309926     0.184884      0.24824     0.265376     0.325775     0.212366     -2.11623      4.15285     -2.32703    -0.181068     0.275585     0.308325     0.311582     0.303986     0.315362     0.342834     0.329299     0.310398     0.339307      0.35196     0.353693     0.336572     0.323729     0.352363     0.356105     0.314014     0.273029     0.341141     0.334346      0.29656     0.315738     0.316723     0.308888     0.298842     0.345805     0.312941     0.312923      0.31928     0.302798     0.276819     0.274134     0.355719     0.188678     0.234605     0.122702    0.0478562     0.314355      0.27707   0.00304485     0.278854   0.00924319     0.282806     0.170659    -0.029018   0.00819012    0.0084493    0.0083602    0.0101198    0.0125088    0.0152806    0.0175638    0.0177321     0.017427    0.0162061     0.013638   0.00854019 -0.000714474  0.000410766  -0.00367439  -0.00152146 -0.000943956  -0.00162116  -0.00185201  -0.00156175 -0.000881443 -0.000186644  0.000189882   0.00100014   0.00149831   0.00174041   0.00187227   0.00183506   0.00169085   0.00146637   0.00109911  8.19571e-05 -0.000474197  -0.00159492  -0.00264836  -0.00357882  -0.00490618  -0.00539854  -0.00553165  -0.00541558  -0.00519214  -0.00530481  -0.00641148  -0.00701727  -0.00813123  -0.00923715   -0.0104902     -0.01271   -0.0178929   -0.0250961   -0.0205103   -0.0124904    0.0130019   -0.0414272   -0.0281806  -0.00133692   -0.0356287   -0.0319573   -0.0484624 -3.11815e-08    0.0230093  -0.00411271
    0.260747     0.249476      0.22622     0.261123     0.180902     0.229664     0.240738     0.255737     0.152908     0.204639     0.192956     0.191905     0.309952     0.336016     -2.32703      8.69239     -2.75065    -0.444522     0.210283     0.258453     0.227806     0.235479      0.26542     0.263196     0.252268     0.277689     0.288662     0.290462     0.276838      0.26604     0.288904     0.291781     0.258208      0.22492     0.280452     0.274695     0.243834     0.259581     0.260647     0.254708     0.246191     0.283968     0.256237     0.256025     0.260554     0.246301     0.224429     0.221317     0.284135     0.147233     0.176627    0.0871525    0.0316521     0.254511     0.228389   0.00277023     0.226073     0.007826     0.235913     0.139354   -0.0233122   0.00816841   0.00842282   0.00856642    0.0101138    0.0125086     0.015367    0.0179571    0.0185655    0.0192524    0.0194469    0.0186014     0.016239    0.0106817   0.00713623  -0.00578322   -0.0052098  0.000195954  0.000738998 -6.44622e-05 -0.000201063 -2.97633e-05  0.000286498   0.00044402  0.000861429   0.00106897   0.00111344   0.00111977   0.00100472  0.000849866  0.000649921  0.000355965 -0.000527189 -0.000961629  -0.00181747  -0.00266421  -0.00343685  -0.00456823  -0.00497068  -0.00505898  -0.00495709  -0.00477223  -0.00488654  -0.00585694  -0.00639689  -0.00734867  -0.00823195  -0.00913679   -0.0107185   -0.0144392    -0.019275    -0.014605  -0.00799918  -0.00884404   -0.0486476   -0.0388403  -0.00106196   -0.0466093   -0.0396239   -0.0392112 -3.32713e-08    0.0236636  -0.00393438
    0.277286     0.256643     0.230484     0.267688     0.200759     0.242229     0.250238     0.268262     0.171925     0.230979     0.219759     0.200396     0.238756     0.336244    -0.181068     -2.75065      9.10842     -2.83628    -0.315356     0.262268     0.248396     0.233013     0.259378     0.261648     0.256128     0.286964     0.301858     0.304696     0.289572     0.278053     0.302191     0.304483     0.267136     0.231893     0.290697     0.285368     0.253052     0.269635     0.270127     0.262962     0.255132     0.296421     0.268419     0.267643      0.27311     0.259248     0.237295     0.235964     0.310068     0.168492     0.212457     0.113236     0.045537     0.263171     0.237612   0.00249161     0.239012   0.00765473     0.242399      0.14942   -0.0248401   0.00824899   0.00885823   0.00917994    0.0109782      0.01363    0.0169508    0.0203248    0.0218957    0.0240143      0.02613    0.0274272    0.0276857    0.0253694    0.0215499    0.0135835   -0.0118372  -0.00525088 -0.000786728  -0.00200701  -0.00244583   -0.0023503  -0.00201405  -0.00188993   -0.0014575  -0.00130905  -0.00129116  -0.00131643  -0.00150477   -0.0016595  -0.00187391  -0.00213905  -0.00314442  -0.00359623  -0.00426465  -0.00499431  -0.00567041  -0.00665762  -0.00701958   -0.0071086  -0.00700097  -0.00679701  -0.00684928  -0.00770824  -0.00815266  -0.00908473   -0.0100378   -0.0111725   -0.0133028   -0.0182404   -0.0251432   -0.0206594   -0.0132864    -0.013707   -0.0478534   -0.0380928  -0.00169445   -0.0450992   -0.0413829   -0.0424479 -2.73287e-08    0.0188374  -0.00350951
    0.305417     0.270986     0.238196     0.280879     0.233737     0.264363     0.267682     0.289912      0.20006     0.267873     0.260091     0.242787     0.249826     0.263036     0.275585    -0.444522     -2.83628      8.26536     -2.86705    -0.232947     0.261694     0.262633     0.266007     0.262105     0.261648     0.300959     0.323041     0.328656     0.311907     0.299621     0.326281     0.327932     0.284478      0.24576     0.310184     0.305325     0.270359     0.288382     0.288064      0.27898     0.271966     0.318965     0.290266     0.288812     0.295854     0.282443     0.260092     0.261336     0.353032     0.202216     0.268771      0.15399    0.0670395     0.281475     0.254354   0.00209085     0.261943    0.0075189      0.25478     0.165851   -0.0275233   0.00725516   0.00808122   0.00832162    0.0102846    0.0128828    0.0163138    0.0201689    0.0227994    0.0262687    0.0302174     0.033717    0.0368372    0.0381135    0.0374982     0.034333    0.0188132   -0.0109014  -0.00422667  -0.00511956  -0.00599232  -0.00566031  -0.00521807  -0.00502332  -0.00448197  -0.00433464  -0.00430247  -0.00433987    -0.004599    -0.004751  -0.00498777  -0.00522521  -0.00639212  -0.00688064   -0.0073371  -0.00793191  -0.00849088  -0.00929585  -0.00961285  -0.00971269  -0.00959993   -0.0093634  -0.00932953   -0.0100414   -0.0103558   -0.0112716   -0.0123465   -0.0138452    -0.016813   -0.0236134    -0.033694   -0.0296773   -0.0211602   -0.0126972   -0.0422899   -0.0319267  -0.00254455    -0.037504   -0.0393232   -0.0477169 -1.46068e-08      0.01136  -0.00286106
    0.315576     0.276462     0.239437     0.285589     0.245263     0.272176     0.273854     0.297708     0.211046      0.28375     0.280017      0.26914     0.276363     0.253494     0.308325     0.210283    -0.315356     -2.86705      7.95367     -2.88644    -0.310203     0.198234     0.260669     0.247085      0.24617     0.290967     0.321497     0.333215     0.318791      0.30747     0.335529     0.337006     0.291136     0.250991     0.317364     0.312559     0.276601     0.295138     0.294541     0.284738      0.27805      0.32714     0.298223     0.296516      0.30415     0.290907      0.26842     0.270599     0.368719     0.214532     0.289359     0.168904    0.0749053     0.288186     0.260384   0.00193823     0.270281   0.00746294     0.259171     0.171742   -0.0285094   0.00579347   0.00635561   0.00623235   0.00803515    0.0102089    0.0131888    0.0167442    0.0197377    0.0235125    0.0279706    0.0322887    0.0367205    0.0400284    0.0424032    0.0427321    0.0380617     0.021128   -0.0056599    -0.006155  -0.00748235  -0.00618159  -0.00595192  -0.00585815  -0.00536462   -0.0052834  -0.00531476  -0.00540474  -0.00571027  -0.00589377  -0.00615899  -0.00639314  -0.00761578  -0.00811136  -0.00847568  -0.00900916  -0.00951813   -0.0102517   -0.0105516    -0.010657   -0.0105508   -0.0102922   -0.0102283   -0.0108809   -0.0111414   -0.0120546     -0.01318   -0.0148103   -0.0180925   -0.0255803   -0.0368111   -0.0329981   -0.0240612   -0.0116377   -0.0397503   -0.0291344  -0.00285079   -0.0341502   -0.0380635   -0.0496312 -3.71078e-09   0.00858152  -0.00260455
    0.323464      0.29187     0.253767      0.30225     0.241286     0.280034     0.285812     0.309089     0.211808     0.290142     0.291104     0.283899     0.297764     0.275537     0.311582     0.258453     0.262268    -0.232947     -2.88644      8.18871     -2.88021    -0.592045     0.083731     0.210316     0.223869     0.270725     0.310044     0.332903     0.326496     0.318585     0.349002     0.351595     0.305858     0.264314     0.332371     0.326455     0.289084      0.30822     0.308219     0.298935     0.291094     0.340431     0.309356     0.307911      0.31503     0.300157     0.275857     0.276253     0.370059     0.208669     0.272852     0.152963    0.0651443     0.300416     0.271698   0.00242625     0.277683   0.00824747      0.27404     0.175273   -0.0291119   0.00552404   0.00543611   0.00487484   0.00639983   0.00825176    0.0107661    0.0137204    0.0163658    0.0195672    0.0233989    0.0272099      0.03127    0.0345995    0.0376646    0.0390273    0.0381801    0.0325713    0.0163666 -0.000488145  -0.00354135  -0.00102864  -0.00195707  -0.00350997  -0.00316838  -0.00329292  -0.00354542  -0.00377386  -0.00412506  -0.00441628   -0.0047463  -0.00503847  -0.00625687  -0.00675388  -0.00725583  -0.00789941  -0.00851902  -0.00944033  -0.00979566  -0.00990194  -0.00980779  -0.00952575  -0.00952323   -0.0103358   -0.0107039   -0.0117244   -0.0128735   -0.0143683   -0.0173318   -0.0240997   -0.0338853   -0.0292921   -0.0203485   -0.0164608   -0.0499432   -0.0386728   -0.0025235   -0.0453976   -0.0451689   -0.0502969 -1.40909e-09    0.0154299  -0.00335984
    0.305817     0.277308      0.24046     0.287194     0.224749     0.264109     0.270567     0.292147     0.198341     0.273259     0.275841     0.270936     0.287525     0.271497     0.303986     0.227806     0.248396     0.261694    -0.310203     -2.88021      9.79079     -2.78604    -0.758618   -0.0190149       0.1415     0.209714     0.257875     0.292031     0.297193     0.296475     0.328808     0.333174     0.290462     0.251101     0.315366     0.309337     0.273793      0.29185     0.291875     0.283149     0.275776      0.32241     0.292767     0.291212      0.29773     0.283443     0.260282     0.260476     0.348458     0.195909     0.254382     0.141163    0.0596173     0.282438     0.257332    0.0023642     0.261905   0.00784689     0.260662     0.166041   -0.0274305   0.00487123   0.00454984   0.00385961   0.00518735   0.00678478   0.00895857     0.011513    0.0139119    0.0167503    0.0201876    0.0236952    0.0275744     0.031039    0.0349386    0.0378171    0.0390074    0.0383123    0.0323061    0.0232184   0.00753047   0.00570384   0.00256014  -0.00368793  -0.00302183  -0.00329849  -0.00372501  -0.00408707   -0.0045042  -0.00487819  -0.00526225   -0.0055552  -0.00672228  -0.00717248  -0.00756566  -0.00811134  -0.00865454  -0.00949505  -0.00981571   -0.0099091  -0.00982863   -0.0095432  -0.00953948   -0.0103108   -0.0106553   -0.0116346   -0.0127238   -0.0141034   -0.0168664   -0.0231655   -0.0321299   -0.0274105   -0.0188616   -0.0255197   -0.0544071   -0.0439189  -0.00247142   -0.0509288   -0.0493431   -0.0475962  4.42736e-09    0.0162005  -0.00337105
    0.310011     0.274485     0.234567     0.283248     0.233609     0.265754     0.269464     0.292015     0.203627     0.277827     0.279456       0.2758     0.294236     0.279941     0.315362     0.235479     0.233013     0.262633     0.198234    -0.592045     -2.78604      10.4941     -2.77393    -0.779546    -0.102532     0.111471     0.206561     0.258499     0.275866     0.284686     0.323584     0.331718     0.288729     0.249334     0.314444     0.308586     0.272663     0.290694      0.29013      0.28053     0.274119     0.322333     0.293482     0.291348     0.298481     0.285012     0.262604     0.264402     0.359572      0.20827     0.277536     0.159331    0.0698062     0.279628      0.25643    0.0020308     0.264134   0.00741037     0.257502     0.169361   -0.0278533   0.00385918   0.00359471   0.00281804   0.00413909   0.00556383   0.00759384    0.0101227    0.0127968    0.0158593    0.0195705     0.023443    0.0278609    0.0321265    0.0375777    0.0427268    0.0462415    0.0483243    0.0471809    0.0427784    0.0329769    0.0116488   0.00540758  -0.00725493  -0.00555538  -0.00552862  -0.00587477  -0.00635863  -0.00687473  -0.00732692  -0.00779311  -0.00808292  -0.00929212  -0.00973633  -0.00992399   -0.0102961   -0.0106834   -0.0113164   -0.0115709   -0.0116606   -0.0115839    -0.011278   -0.0112101    -0.011847   -0.0120846   -0.0130119   -0.0141315   -0.0156675   -0.0188319   -0.0260157   -0.0364836   -0.0319985   -0.0230079   -0.0320588    -0.054028   -0.0437529  -0.00300858   -0.0499778   -0.0511633   -0.0489074  1.53575e-08     0.011617  -0.00290935
    0.324922     0.291998     0.249866     0.301612     0.241376     0.279756     0.285328     0.308374     0.211306     0.289906     0.292616      0.28918     0.309662     0.297002     0.342834      0.26542     0.259378     0.266007     0.260669     0.083731    -0.758618     -2.77393      10.5751     -2.64314    -0.892533    -0.195735     0.108295     0.223628     0.260366     0.280575     0.330007      0.34643     0.305924     0.265734     0.334548     0.327678     0.289422     0.308117     0.307815      0.29816     0.290679     0.340506     0.309628     0.307875     0.315143     0.300442     0.276317     0.277156      0.37306     0.212171     0.278795     0.157202    0.0675082     0.298054      0.27152    0.0023528      0.27786   0.00810357     0.273816     0.176737    -0.029206   0.00365777   0.00305844   0.00199538    0.0032044   0.00446646   0.00627492   0.00852421    0.0110721    0.0138189    0.0171198    0.0205792    0.0245495    0.0284741    0.0337364    0.0390809    0.0430558    0.0457408    0.0460197    0.0428568    0.0355009    0.0159952   0.00539691  -0.00716075  -0.00540719  -0.00410255  -0.00376004  -0.00445846  -0.00507056  -0.00566504  -0.00626022  -0.00665934  -0.00780167  -0.00829743  -0.00875164  -0.00926883  -0.00975335   -0.0105327   -0.0108337   -0.0109373   -0.0108765   -0.0105465   -0.0105214   -0.0112775   -0.0115899   -0.0126051   -0.0137836   -0.0153123   -0.0184238    -0.025471   -0.0355952   -0.0308875   -0.0217116   -0.0267556   -0.0556462   -0.0446194  -0.00281287   -0.0515245   -0.0513106   -0.0508641   1.9717e-08    0.0148802  -0.00306227
    0.298651     0.281137     0.244535     0.291885     0.209969      0.26035     0.270958     0.290488     0.187884     0.263145     0.268428     0.264949     0.284578     0.275767     0.329299     0.263196     0.261648     0.262105     0.247085     0.210316   -0.0190149    -0.779546     -2.64314      11.5469     -2.37477    -0.977705     -0.17415     0.133365     0.213262     0.241142     0.293707       0.3188     0.289715     0.254858     0.319446     0.312093     0.275961     0.293066     0.293727     0.286135     0.277224     0.321109     0.290592     0.290033      0.29584     0.280434     0.256305     0.254028     0.330895     0.176751     0.219192     0.113914    0.0444003     0.286262     0.257588   0.00285033     0.257693   0.00845144     0.264123     0.160539   -0.0267938   0.00394039   0.00285499    0.0016124   0.00250474   0.00355745    0.0049719   0.00656018   0.00830724    0.0100251    0.0120671    0.0141923    0.0166079    0.0189633    0.0222255    0.0256421    0.0282046    0.0298096    0.0297792    0.0268259    0.0204723   0.00763729  -0.00413118  0.000717033  -0.00284134 -2.45261e-05   0.00203651   0.00104813  0.000199262 -0.000469955   -0.0011244  -0.00164383  -0.00248494  -0.00299596  -0.00397114  -0.00478148  -0.00547317  -0.00654315  -0.00692058   -0.0070262  -0.00699332   -0.0066854  -0.00678539  -0.00774291  -0.00822217  -0.00928204   -0.0103578   -0.0115063   -0.0137144   -0.0187228   -0.0254096   -0.0206005   -0.0127674   -0.0146192   -0.0549788   -0.0440449  -0.00169798   -0.0520817   -0.0465847   -0.0456336  1.45522e-08    0.0227783  -0.00344742
    0.280493     0.263306     0.228558     0.273299      0.19674     0.243852     0.253754     0.272048     0.175961     0.246238     0.250981     0.247667     0.266169     0.258363     0.310398     0.252268     0.256128     0.261648      0.24617     0.223869       0.1415    -0.102532    -0.892533     -2.37477      12.1149     -2.43362    -0.854739   -0.0664639     0.157749     0.203766     0.254933      0.28508     0.264325     0.235471     0.298128     0.292613     0.258819     0.274701     0.275097     0.267794     0.259604     0.300935     0.272316     0.271522     0.276967     0.262597       0.2401     0.238214      0.31129      0.16724     0.207947     0.108454    0.0425715     0.266969     0.240672   0.00262548     0.241352   0.00785922     0.247101     0.150913   -0.0252289   0.00337467   0.00228885   0.00104155   0.00182421   0.00271641   0.00393321   0.00532025   0.00695221   0.00848935    0.0103005    0.0122007    0.0143798     0.016569    0.0197244    0.0232765    0.0262398    0.0284957    0.0296135    0.0288838    0.0255553    0.0186303   0.00915568     0.013226  -0.00212845  -0.00129623    0.0029309   0.00148207 -0.000380811  -0.00100507  -0.00166051  -0.00217288  -0.00289938  -0.00340752  -0.00439498  -0.00515444  -0.00576172  -0.00671088  -0.00702088  -0.00710122  -0.00706101  -0.00676541  -0.00684371  -0.00772265  -0.00815407  -0.00913855   -0.0101498   -0.0112429   -0.0133521   -0.0181537   -0.0245508   -0.0199211   -0.0124866   -0.0189406   -0.0554287   -0.0444801  -0.00175498   -0.0521184   -0.0471053   -0.0430693  1.60616e-08    0.0212784  -0.00337554
