    47    47     1
     6.23155     0.549249     0.408605     0.417684     0.434885     0.450925     0.484917     0.475979      0.46898     0.469437     0.472881     0.478065     0.491633      0.47526     0.454687     0.463142     0.470608     0.473047     0.473394     0.472427     0.469892     0.310057      1.64531      2.14646      1.44183     0.794694     0.274928   -0.0668523    -0.132127    -0.392856    -0.388058    -0.385773    -0.404148    -0.406112    -0.453484    -0.397483    -0.377071    -0.383784    -0.391614      -0.4011    -0.417624    -0.431479    -0.461931    -0.405454  -1.1643e-08   -0.0395934     0.241574
    0.549249     0.785746     0.775954     0.777033      0.77625     0.774549     0.768419      0.77931     0.760602     0.762159     0.766575     0.766127     0.761874     0.778619     0.738877     0.751595     0.765422     0.769831     0.771302     0.770789     0.767689    0.0957341    -0.117995   -0.0540061   -0.0160858   0.00836227    0.0293556    0.0429808     0.056846   -0.0107829    0.0243028    0.0395732    0.0504102    0.0562975    0.0391178   -0.0225725    0.0507819    0.0536537    0.0420882    0.0369803    0.0246943   -0.0244006    -0.168205    -0.137453   9.7223e-10    0.0134689   -0.0264666
    0.408605     0.775954     0.802901     0.782629     0.785129     0.782795     0.774177     0.785832     0.766683     0.768297     0.772769     0.772045     0.766765     0.785166     0.744723     0.757472     0.771557     0.776077     0.777629     0.777169     0.774052    0.0919797   -0.0598759  -0.00320971    -0.117024   -0.0530958  -0.00423562    0.0275117    0.0393689   -0.0056364    0.0313291     0.048049    0.0607565    0.0667635    0.0500983   -0.0173082    0.0583989    0.0621543    0.0506215    0.0457995    0.0340258   -0.0158978    -0.162719    -0.132591  7.94292e-10     0.016468   -0.0330351
    0.417684     0.777033     0.782629     0.810027     0.777952     0.782181     0.773678      0.78486     0.765812     0.767462     0.771922     0.771236     0.766106     0.784228     0.743875      0.75662     0.770672     0.775182     0.776727     0.776261     0.773143    0.0929124   -0.0508038   -0.0328329    0.0188673   -0.0787016   -0.0234785    0.0109689    0.0191638  -0.00796697    0.0292097    0.0456757      0.05805    0.0640697    0.0472529   -0.0191709    0.0562005    0.0598267    0.0483163    0.0434818    0.0316031   -0.0182322    -0.164542    -0.134218  7.25473e-10    0.0159843   -0.0323574
    0.434885      0.77625     0.785129     0.777952      0.81812     0.770699      0.77253     0.783394     0.764626     0.766363     0.770783     0.770244     0.765755     0.782813     0.742812     0.755586     0.769499     0.773942     0.775437     0.774932     0.771817    0.0938222    -0.050299     -0.05958    0.0097977    0.0678845   -0.0492412   -0.0124582  -0.00885863  -0.00894367    0.0281489    0.0431586    0.0540424    0.0601382    0.0431967    -0.019456    0.0545541    0.0575172    0.0459688    0.0410068    0.0286985   -0.0209585    -0.166079    -0.135474  6.48688e-10    0.0140154   -0.0312885
    0.450925     0.774549     0.782795     0.782181     0.770699      0.83338     0.757853     0.780903     0.763571     0.765665     0.769812     0.769994     0.768861     0.780582     0.742296     0.755315      0.76852     0.772588     0.773793     0.773075     0.769986    0.0933067   -0.0556118   -0.0779262   -0.0137418    0.0634049     0.121447   -0.0698988   -0.0691446 -0.000516872    0.0344088     0.041597    0.0449549    0.0517183    0.0353154   -0.0085363    0.0585266    0.0577937    0.0458184    0.0401342    0.0256173   -0.0236003    -0.164393    -0.133148  3.90938e-10   0.00382861   -0.0299696
    0.484917     0.768419     0.774177     0.773678      0.77253     0.757853      0.87541     0.770808     0.760964     0.765996      0.76882      0.77271     0.789066     0.773287      0.74391     0.758292     0.767807     0.769868     0.769509     0.767649     0.764716    0.0833769   -0.0776649   -0.0988056   -0.0714505   -0.0431586  -0.00902819    0.0146566   -0.0432536    0.0603119    0.0816722    0.0481874    0.0134115    0.0240966    0.0120146    0.0649299    0.0958684    0.0756693    0.0611477    0.0514214    0.0254408   -0.0217466    -0.142003     -0.10866  -1.3449e-09   -0.0490479   -0.0267612
    0.475979      0.77931     0.785832      0.78486     0.783394     0.780903     0.770808     0.788254     0.761075     0.766657     0.771807     0.771272     0.766167     0.784629      0.74414     0.756884     0.770978     0.775506     0.777067     0.776618     0.773507    0.0928378   -0.0450805    -0.116793   -0.0678797   -0.0233159    0.0118122     0.031488    0.0427368    0.0149306    0.0330989    0.0465675    0.0593738    0.0650801    0.0486323   -0.0194636    0.0560928    0.0597973    0.0482509    0.0434755    0.0318222   -0.0180577    -0.164728    -0.134423  4.02154e-10     0.016359   -0.0302439
     0.46898     0.760602     0.766683     0.765812     0.764626     0.763571     0.760964     0.761075      1.04642     0.742266     0.758821     0.756424     0.757742       0.7657     0.729266     0.742255     0.754749     0.758464     0.759401     0.758506     0.755495    0.0860121   -0.0535352    -0.111835   -0.0715267   -0.0360597  -0.00665043    0.0205485    0.0286957     0.601623     -0.41064   -0.0641996    0.0256283     0.058662    0.0505597      0.00724    0.0679222    0.0646107    0.0523068    0.0456332    0.0294933   -0.0183004     -0.15435    -0.123783  1.89116e-09  -0.00349101   -0.0222352
    0.469437     0.762159     0.768297     0.767462     0.766363     0.765665     0.765996     0.766657     0.742266      1.05629     0.714902     0.757019     0.759313     0.767364     0.730218     0.743215     0.755968     0.759823     0.760851     0.760017     0.757017    0.0861161   -0.0548224    -0.113184   -0.0720973   -0.0350276  -0.00215029    0.0331039    0.0456039     0.169638     0.386438    -0.328913   -0.0823786     0.035393    0.0622672   0.00445977    0.0661087    0.0633296    0.0508889    0.0442986    0.0285307   -0.0195691    -0.156623    -0.125912  7.61262e-10  -0.00268679   -0.0239296
    0.472881     0.766575     0.772769     0.771922     0.770783     0.769812      0.76882     0.771807     0.758821     0.714902      1.03436     0.698619     0.758525     0.771667     0.733268     0.746316     0.759562      0.76369     0.764922      0.76424     0.761244    0.0890098   -0.0555777    -0.116689   -0.0739858   -0.0351502 -0.000891777    0.0338813    0.0470076    0.0201443     0.178983      0.27516     -0.19711   -0.0264407    0.0366394   -0.0065589    0.0601073    0.0590005    0.0468834    0.0409637    0.0265807    -0.022087    -0.161776    -0.130887  7.70914e-10   0.00161827   -0.0260344
    0.478065     0.766127     0.772045     0.771236     0.770244     0.769994      0.77271     0.771272     0.756424     0.757019     0.698619      1.06066     0.693962     0.770109     0.733389     0.747497     0.760039     0.763807     0.764787      0.76395     0.761021    0.0887184   -0.0617607    -0.117975   -0.0801508   -0.0467914   -0.0158297    0.0251742    0.0370831   0.00500926       0.0665     0.183138      0.26658    -0.131761   -0.0491041 -0.000801642    0.0635171    0.0574797    0.0460484    0.0405109    0.0249137   -0.0235407    -0.160014    -0.128555  7.20901e-10  -0.00812924    -0.026376
    0.491633     0.761874     0.766765     0.766106     0.765755     0.768861     0.789066     0.766167     0.757742     0.759313     0.758525     0.693962       1.0356     0.756576     0.731483     0.753308     0.761957     0.763401     0.762741     0.760823     0.757993    0.0801941   -0.0800125    -0.113508   -0.0963684   -0.0860128   -0.0685492  9.51155e-05   0.00861682    0.0696962    0.0781836    0.0916145     0.122504    0.0890207   -0.0837525    0.0556259    0.0956755    0.0633524    0.0543136    0.0492698    0.0256091   -0.0210829    -0.140388      -0.1071  4.70768e-10   -0.0529555   -0.0252151
     0.47526     0.778619     0.785166     0.784228     0.782813     0.780582     0.773287     0.784629       0.7657     0.767364     0.771667     0.770109     0.756576     0.794601     0.728368     0.754116     0.770155     0.774943     0.776523     0.776023     0.772889    0.0926464   -0.0455409    -0.115229   -0.0663181   -0.0209945    0.0161675    0.0397391    0.0539665  -0.00480768    0.0319046    0.0464796    0.0507967    0.0360236  -0.00570978    0.0376389    0.0743648    0.0662715     0.050513    0.0441127    0.0313231   -0.0183201    -0.163755    -0.133398  5.10268e-10    0.0148103   -0.0297006
    0.454687     0.738877     0.744723     0.743875     0.742812     0.742296      0.74391      0.74414     0.729266     0.730218     0.733268     0.733389     0.731483     0.728368      1.51096     0.697168      0.73304     0.734228     0.736066     0.736295     0.733983    0.0780517   -0.0486391    -0.107702   -0.0699012   -0.0364194  -0.00569847    0.0330587    0.0476914     0.025504    0.0459614    0.0411938    0.0307253    0.0394106    0.0748193     0.877538     -0.86161   -0.0203347    0.0802247    0.0704461    0.0469223  -0.00675369     -0.14399    -0.115389  6.99564e-10  -0.00681491    -0.018536
    0.463142     0.751595     0.757472      0.75662     0.755586     0.755315     0.758292     0.756884     0.742255     0.743215     0.746316     0.747497     0.753308     0.754116     0.697168      1.31995     0.680851     0.745409     0.747122     0.748136     0.746519    0.0769112   -0.0514124    -0.109641   -0.0727512   -0.0403989   -0.0100434    0.0317797    0.0467344    0.0303304     0.049045    0.0421278    0.0310672    0.0476983    0.0931556     0.151906     0.480703    -0.594828   -0.0112503    0.0756739    0.0623967  0.000995194    -0.144401    -0.116491 -1.17831e-10   -0.0102946   -0.0230664
    0.470608     0.765422     0.771557     0.770672     0.769499      0.76852     0.767807     0.770978     0.754749     0.755968     0.759562     0.760039     0.761957     0.770155      0.73304     0.680851      1.11002     0.696271     0.759338     0.760987     0.759675     0.081741   -0.0509629    -0.113532   -0.0721865   -0.0350422  -0.00203266    0.0336689    0.0484515    0.0160177    0.0413299    0.0431006    0.0402585    0.0508602    0.0672828   0.00514471     0.164852     0.325946    -0.331816   -0.0202043    0.0504338   0.00600072    -0.151494    -0.124197 -9.40781e-11  -0.00122383   -0.0268853
    0.473047     0.769831     0.776077     0.775182     0.773942     0.772588     0.769868     0.775506     0.758464     0.759823      0.76369     0.763807     0.763401     0.774943     0.734228     0.745409     0.696271      1.03279      0.70599     0.763767     0.763594    0.0843345    -0.051029    -0.115438   -0.0718654   -0.0323228   0.00188051     0.033873    0.0481039   0.00746815    0.0363087    0.0429737    0.0450028     0.052983    0.0537473   -0.0107653    0.0676088     0.155799     0.258624    -0.243793   -0.0126884   0.00538571    -0.154124    -0.127001 -4.17044e-11   0.00370644   -0.0283303
    0.473394     0.771302     0.777629     0.776727     0.775437     0.773793     0.769509     0.777067     0.759401     0.760851     0.764922     0.764787     0.762741     0.776523     0.736066     0.747122     0.759338      0.70599      0.99469     0.715351     0.764394     0.087885   -0.0503155    -0.116014   -0.0707631   -0.0294084   0.00561851    0.0344763    0.0481931   0.00149787    0.0328982    0.0430711    0.0487034    0.0554052    0.0471856   -0.0128621    0.0527693    0.0656606     0.127272     0.230199    -0.214396   -0.0249177    -0.154504    -0.128717  1.45928e-10   0.00752388     -0.02892
    0.472427     0.770789     0.777169     0.776261     0.774932     0.773075     0.767649     0.776618     0.758506     0.760017      0.76424      0.76395     0.760823     0.776023     0.736295     0.748136     0.760987     0.763767     0.715351     0.967682     0.731573    0.0985681   -0.0488906    -0.115555   -0.0691281   -0.0264813   0.00910373    0.0355633    0.0490346  -0.00199322    0.0311608    0.0437354    0.0519188    0.0581284    0.0448036   -0.0139938    0.0544068    0.0511474     0.047771     0.104024     0.217163    -0.231191    -0.147451    -0.148986   2.3862e-10    0.0102982   -0.0288897
    0.469892     0.767689     0.774052     0.773143     0.771817     0.769986     0.764716     0.773507     0.755495     0.757017     0.761244     0.761021     0.757993     0.772889     0.733983     0.746519     0.759675     0.763594     0.764394     0.731573     0.946999     0.125921   -0.0468794    -0.113483   -0.0672904    -0.024862     0.010587    0.0372096    0.0510411  0.000729494     0.033703    0.0462775      0.05464    0.0608954    0.0452791   -0.0104281    0.0593728      0.05817    0.0420535    0.0404243    0.0752862      0.20354    0.0285312    -0.583063 -4.39448e-09   0.00989888   -0.0278495
    0.310057    0.0957341    0.0919797    0.0929124    0.0938222    0.0933067    0.0833769    0.0928378    0.0860121    0.0861161    0.0890098    0.0887184    0.0801941    0.0926464    0.0780517    0.0769112     0.081741    0.0843345     0.087885    0.0985681     0.125921       13.866     -0.32954    -0.303363    -0.308797    -0.316753    -0.336696    -0.394113    -0.497144    -0.497706    -0.468731    -0.429038    -0.404376    -0.410236    -0.448186    -0.497066    -0.464564    -0.453413    -0.459335    -0.424457    -0.190029     0.719582      3.42631      3.46253  8.20225e-09     0.025589     0.301363
     1.64531    -0.117995   -0.0598759   -0.0508038    -0.050299   -0.0556118   -0.0776649   -0.0450805   -0.0535352   -0.0548224   -0.0555777   -0.0617607   -0.0800125   -0.0455409   -0.0486391   -0.0514124   -0.0509629    -0.051029   -0.0503155   -0.0488906   -0.0468794     -0.32954      3.17211      0.56663     0.641484     0.633301     0.642534     0.642229     0.791046     0.556305     0.577568     0.585999      0.62032     0.630217     0.697076     0.557954     0.584803     0.596325     0.595711     0.603368     0.623117     0.610214     0.540222     0.482359  1.33887e-08    0.0606041      0.05793
     2.14646   -0.0540061  -0.00320971   -0.0328329     -0.05958   -0.0779262   -0.0988056    -0.116793    -0.111835    -0.113184    -0.116689    -0.117975    -0.113508    -0.115229    -0.107702    -0.109641    -0.113532    -0.115438    -0.116014    -0.115555    -0.113483    -0.303363      0.56663      12.6188     -2.24772     -1.28482    -0.545707   -0.0162522    0.0501159     0.470632     0.462409     0.433601     0.426148     0.441397     0.508975     0.488472     0.470117     0.459132     0.458417     0.464387     0.470459     0.461171     0.432418     0.388965 -7.97303e-09  -0.00721068     0.115714
     1.44183   -0.0160858    -0.117024    0.0188673    0.0097977   -0.0137418   -0.0714505   -0.0678797   -0.0715267   -0.0720973   -0.0739858   -0.0801508   -0.0963684   -0.0663181   -0.0699012   -0.0727512   -0.0721865   -0.0718654   -0.0707631   -0.0691281   -0.0672904    -0.308797     0.641484     -2.24772      13.2318     -1.75259    -0.849369    -0.211012    -0.190596     0.442921     0.471277     0.478611     0.510661     0.524313      0.59063     0.461832      0.48648     0.496677     0.498027     0.508415     0.526607     0.511627     0.449635     0.400629 -5.40809e-09    0.0533638    0.0703583
    0.794694   0.00836227   -0.0530958   -0.0787016    0.0678845    0.0634049   -0.0431586   -0.0233159   -0.0360597   -0.0350276   -0.0351502   -0.0467914   -0.0860128   -0.0209945   -0.0364194   -0.0403989   -0.0350422   -0.0323228   -0.0294084   -0.0264813    -0.024862    -0.316753     0.633301     -1.28482     -1.75259      13.6126     -1.50706    -0.756364    -0.886891     0.398487     0.478972     0.527087     0.602897     0.615221     0.679933     0.432267     0.504195     0.537994     0.541517     0.556467     0.588352     0.568061     0.470602     0.415044 -3.15136e-09     0.120453    0.0307835
    0.274928    0.0293556  -0.00423562   -0.0234785   -0.0492412     0.121447  -0.00902819    0.0118122  -0.00665043  -0.00215029 -0.000891777   -0.0158297   -0.0685492    0.0161675  -0.00569847   -0.0100434  -0.00203266   0.00188051   0.00561851   0.00910373     0.010587    -0.336696     0.642534    -0.545707    -0.849369     -1.50706      13.6371     -1.83807     -2.29092     0.378763     0.521647     0.590414     0.688227     0.700484     0.763858     0.452246     0.551678     0.598702     0.602733     0.618793     0.657517     0.634258     0.512841     0.450913 -1.87068e-09     0.158613    -0.001953
  -0.0668523    0.0429808    0.0275117    0.0109689   -0.0124582   -0.0698988    0.0146566     0.031488    0.0205485    0.0331039    0.0338813    0.0251742  9.51155e-05    0.0397391    0.0330587    0.0317797    0.0336689     0.033873    0.0344763    0.0355633    0.0372096    -0.394113     0.642229   -0.0162522    -0.211012    -0.756364     -1.83807      12.3515      -4.6606     0.524563     0.712139     0.707357     0.732881     0.749492     0.814829     0.670126      0.71283     0.727838     0.725821      0.73074     0.747492     0.727768     0.629078     0.563728 -3.28837e-09    0.0727172   -0.0267695
   -0.132127     0.056846    0.0393689    0.0191638  -0.00885863   -0.0691446   -0.0432536    0.0427368    0.0286957    0.0456039    0.0470076    0.0370831   0.00861682    0.0539665    0.0476914    0.0467344    0.0484515    0.0481039    0.0481931    0.0490346    0.0510411    -0.497144     0.791046    0.0501159    -0.190596    -0.886891     -2.29092      -4.6606      9.89864     0.658654     0.905148     0.899143     0.927128     0.946527      1.02345       0.8613     0.909531     0.925647     0.920825     0.922327     0.940673      0.92001     0.799364     0.717091 -4.15098e-09    0.0825703   -0.0374257
   -0.392856   -0.0107829   -0.0056364  -0.00796697  -0.00894367 -0.000516872    0.0603119    0.0149306     0.601623     0.169638    0.0201443   0.00500926    0.0696962  -0.00480768     0.025504    0.0303304    0.0160177   0.00746815   0.00149787  -0.00199322  0.000729494    -0.497706     0.556305     0.470632     0.442921     0.398487     0.378763     0.524563     0.658654      3.73411     -1.38121     0.377618     0.690085     0.781142     0.900457      1.04988      0.92022     0.842512     0.828608     0.820127     0.789705     0.772161     0.753427     0.694833 -2.00322e-09    -0.166314   0.00331312
   -0.388058    0.0243028    0.0313291    0.0292097    0.0281489    0.0344088    0.0816722    0.0330989     -0.41064     0.386438     0.178983       0.0665    0.0781836    0.0319046    0.0459614     0.049045    0.0413299    0.0363087    0.0328982    0.0311608     0.033703    -0.468731     0.577568     0.462409     0.471277     0.478972     0.521647     0.712139     0.905148     -1.38121      6.98152      -2.4187    -0.192691     0.672091      1.07633     0.941711     0.864294     0.816352     0.803336     0.799233     0.784148     0.762002     0.712232     0.652343  1.23662e-09   -0.0967311   -0.0270858
   -0.385773    0.0395732     0.048049    0.0456757    0.0431586     0.041597    0.0481874    0.0465675   -0.0641996    -0.328913      0.27516     0.183138    0.0916145    0.0464796    0.0411938    0.0421278    0.0431006    0.0429737    0.0430711    0.0437354    0.0462775    -0.429038     0.585999     0.433601     0.478611     0.527087     0.590414     0.707357     0.899143     0.377618      -2.4187      9.26259     -2.68492    -0.176446     0.916163     0.746938     0.764706     0.763079     0.751083     0.751072     0.755205     0.729681     0.646884     0.586083  1.39508e-09   -0.0134618   -0.0329962
   -0.404148    0.0504102    0.0607565      0.05805    0.0540424    0.0449549    0.0134115    0.0593738    0.0256283   -0.0823786     -0.19711      0.26658     0.122504    0.0507967    0.0307253    0.0310672    0.0402585    0.0450028    0.0487034    0.0519188      0.05464    -0.404376      0.62032     0.426148     0.510661     0.602897     0.688227     0.732881     0.927128     0.690085    -0.192691     -2.68492      10.1731     -2.21495    -0.290585     0.502885     0.676166     0.730997     0.724826     0.731055     0.756552     0.727594     0.607717     0.542956  6.26611e-10    0.0733627   -0.0371133
   -0.406112    0.0562975    0.0667635    0.0640697    0.0601382    0.0517183    0.0240966    0.0650801     0.058662     0.035393   -0.0264407    -0.131761    0.0890207    0.0360236    0.0394106    0.0476983    0.0508602     0.052983    0.0554052    0.0581284    0.0608954    -0.410236     0.630217     0.441397     0.524313     0.615221     0.700484     0.749492     0.946527     0.781142     0.672091    -0.176446     -2.21495      10.5718      -4.1194     0.338308     0.649366     0.707141     0.724387     0.743252     0.772914     0.745166     0.625309      0.55969  1.41732e-09    0.0655087   -0.0418476
   -0.453484    0.0391178    0.0500983    0.0472529    0.0431967    0.0353154    0.0120146    0.0486323    0.0505597    0.0622672    0.0366394   -0.0491041   -0.0837525  -0.00570978    0.0748193    0.0931556    0.0672828    0.0537473    0.0471856    0.0448036    0.0452791    -0.448186     0.697076     0.508975      0.59063     0.679933     0.763858     0.814829      1.02345     0.900457      1.07633     0.916163    -0.290585      -4.1194      6.09617     0.441088      0.69187      0.67114     0.744184     0.793892     0.817254     0.798818     0.710781     0.642194  3.08311e-09    0.0528245   -0.0426853
   -0.397483   -0.0225725   -0.0173082   -0.0191709    -0.019456   -0.0085363    0.0649299   -0.0194636      0.00724   0.00445977   -0.0065589 -0.000801642    0.0556259    0.0376389     0.877538     0.151906   0.00514471   -0.0107653   -0.0128621   -0.0139938   -0.0104281    -0.497066     0.557954     0.488472     0.461832     0.432267     0.452246     0.670126       0.8613      1.04988     0.941711     0.746938     0.502885     0.338308     0.441088      3.23714    -0.931032     0.844101      0.97682     0.896067     0.814545     0.780018     0.768258     0.708178 -1.12323e-09    -0.180447  0.000330597
   -0.377071    0.0507819    0.0583989    0.0562005    0.0545541    0.0585266    0.0958684    0.0560928    0.0679222    0.0661087    0.0601073    0.0635171    0.0956755    0.0743648     -0.86161     0.480703     0.164852    0.0676088    0.0527693    0.0544068    0.0593728    -0.464564     0.584803     0.470117      0.48648     0.504195     0.551678      0.71283     0.909531      0.92022     0.864294     0.764706     0.676166     0.649366      0.69187    -0.931032      5.17975     -1.53301     0.603622     0.900269     0.862505     0.789239     0.714299     0.649879  1.17391e-09   -0.0897311   -0.0342451
   -0.383784    0.0536537    0.0621543    0.0598267    0.0575172    0.0577937    0.0756693    0.0597973    0.0646107    0.0633296    0.0590005    0.0574797    0.0633524    0.0662715   -0.0203347    -0.594828     0.325946     0.155799    0.0656606    0.0511474      0.05817    -0.453413     0.596325     0.459132     0.496677     0.537994     0.598702     0.727838     0.925647     0.842512     0.816352     0.763079     0.730997     0.707141      0.67114     0.844101     -1.53301      6.67117     -2.16133     0.285039     0.859952     0.855261     0.697408      0.62426  1.44201e-09   -0.0405838   -0.0348178
   -0.391614    0.0420882    0.0506215    0.0483163    0.0459688    0.0458184    0.0611477    0.0482509    0.0523068    0.0508889    0.0468834    0.0460484    0.0543136     0.050513    0.0802247   -0.0112503    -0.331816     0.258624     0.127272     0.047771    0.0420535    -0.459335     0.595711     0.458417     0.498027     0.541517     0.602733     0.725821     0.920825     0.828608     0.803336     0.751083     0.724826     0.724387     0.744184      0.97682     0.603622     -2.16133      7.65923     -2.47266     0.210736     0.902202     0.716669     0.655666  8.51792e-10   -0.0342364   -0.0318302
     -0.4011    0.0369803    0.0457995    0.0434818    0.0410068    0.0401342    0.0514214    0.0434755    0.0456332    0.0442986    0.0409637    0.0405109    0.0492698    0.0441127    0.0704461    0.0756739   -0.0202043    -0.243793     0.230199     0.104024    0.0404243    -0.424457     0.603368     0.464387     0.508415     0.556467     0.618793      0.73074     0.922327     0.820127     0.799233     0.751072     0.731055     0.743252     0.793892     0.896067     0.900269     0.285039     -2.47266      8.00269     -2.53546     0.429463     0.702207      0.75038  2.91925e-09   -0.0248949    -0.030619
   -0.417624    0.0246943    0.0340258    0.0316031    0.0286985    0.0256173    0.0254408    0.0318222    0.0294933    0.0285307    0.0265807    0.0249137    0.0256091    0.0313231    0.0469223    0.0623967    0.0504338   -0.0126884    -0.214396     0.217163    0.0752862    -0.190029     0.623117     0.470459     0.526607     0.588352     0.657517     0.747492     0.940673     0.789705     0.784148     0.755205     0.756552     0.772914     0.817254     0.814545     0.862505     0.859952     0.210736     -2.53546      7.39539     -2.10294     0.439858     0.843714  1.15596e-08   0.00318838   -0.0255151
   -0.431479   -0.0244006   -0.0158978   -0.0182322   -0.0209585   -0.0236003   -0.0217466   -0.0180577   -0.0183004   -0.0195691    -0.022087   -0.0235407   -0.0210829   -0.0183201  -0.00675369  0.000995194   0.00600072   0.00538571   -0.0249177    -0.231191      0.20354     0.719582     0.610214     0.461171     0.511627     0.568061     0.634258     0.727768      0.92001     0.772161     0.762002     0.729681     0.727594     0.745166     0.798818     0.780018     0.789239     0.855261     0.902202     0.429463     -2.10294      5.99856    -0.853299     0.268986  2.23628e-08 -0.000800382  -0.00233866
   -0.461931    -0.168205    -0.162719    -0.164542    -0.166079    -0.164393    -0.142003    -0.164728     -0.15435    -0.156623    -0.161776    -0.160014    -0.140388    -0.163755     -0.14399    -0.144401    -0.151494    -0.154124    -0.154504    -0.147451    0.0285312      3.42631     0.540222     0.432418     0.449635     0.470602     0.512841     0.629078     0.799364     0.753427     0.712232     0.646884     0.607717     0.625309     0.710781     0.768258     0.714299     0.697408     0.716669     0.702207     0.439858    -0.853299      10.2429     -5.27972 -1.01026e-08   -0.0506327    0.0668034
   -0.405454    -0.137453    -0.132591    -0.134218    -0.135474    -0.133148     -0.10866    -0.134423    -0.123783    -0.125912    -0.130887    -0.128555      -0.1071    -0.133398    -0.115389    -0.116491    -0.124197    -0.127001    -0.128717    -0.148986    -0.583063      3.46253     0.482359     0.388965     0.400629     0.415044     0.450913     0.563728     0.717091     0.694833     0.652343     0.586083     0.542956      0.55969     0.642194     0.708178     0.649879      0.62426     0.655666      0.75038     0.843714     0.268986     -5.27972      9.70839 -2.27783e-08   -0.0564396    0.0609856
 -1.1643e-08   9.7223e-10  7.94292e-10  7.25473e-10  6.48688e-10  3.90938e-10  -1.3449e-09  4.02154e-10  1.89116e-09  7.61262e-10  7.70914e-10  7.20901e-10  4.70768e-10  5.10268e-10  6.99564e-10 -1.17831e-10 -9.40781e-11 -4.17044e-11  1.45928e-10   2.3862e-10 -4.39448e-09  8.20225e-09  1.33887e-08 -7.97303e-09 -5.40809e-09 -3.15136e-09 -1.87068e-09 -3.28837e-09 -4.15098e-09 -2.00322e-09  1.23662e-09  1.39508e-09  6.26611e-10  1.41732e-09  3.08311e-09 -1.12323e-09  1.17391e-09  1.44201e-09  8.51792e-10  2.91925e-09  1.15596e-08  2.23628e-08 -1.01026e-08 -2.27783e-08         2.25  -7.3164e-09  -4.4892e-10
  -0.0395934    0.0134689     0.016468    0.0159843    0.0140154   0.00382861   -0.0490479     0.016359  -0.00349101  -0.00268679   0.00161827  -0.00812924   -0.0529555    0.0148103  -0.00681491   -0.0102946  -0.00122383   0.00370644   0.00752388    0.0102982   0.00989888     0.025589    0.0606041  -0.00721068    0.0533638     0.120453     0.158613    0.0727172    0.0825703    -0.166314   -0.0967311   -0.0134618    0.0733627    0.0655087    0.0528245    -0.180447   -0.0897311   -0.0405838   -0.0342364   -0.0248949   0.00318838 -0.000800382   -0.0506327   -0.0564396  -7.3164e-09     0.132222  -0.00612959
    0.241574   -0.0264666   -0.0330351   -0.0323574   -0.0312885   -0.0299696   -0.0267612   -0.0302439   -0.0222352   -0.0239296   -0.0260344    -0.026376   -0.0252151   -0.0297006    -0.018536   -0.0230664   -0.0268853   -0.0283303     -0.02892   -0.0288897   -0.0278495     0.301363      0.05793     0.115714    0.0703583    0.0307835    -0.001953   -0.0267695   -0.0374257   0.00331312   -0.0270858   -0.0329962   -0.0371133   -0.0418476   -0.0426853  0.000330597   -0.0342451   -0.0348178   -0.0318302    -0.030619   -0.0255151  -0.00233866    0.0668034    0.0609856  -4.4892e-10  -0.00612959     0.020347
* row and column names
in_inst:0_usecol:1_direct_idx0:18.75
in_inst:0_usecol:1_direct_idx0:21.25
in_inst:0_usecol:1_direct_idx0:23.75
in_inst:0_usecol:1_direct_idx0:26.25
in_inst:0_usecol:1_direct_idx0:28.75
in_inst:0_usecol:1_direct_idx0:31.25
in_inst:0_usecol:1_direct_idx0:33.75
in_inst:0_usecol:1_direct_idx0:36.25
in_inst:0_usecol:1_direct_idx0:38.75
in_inst:0_usecol:1_direct_idx0:41.25
in_inst:0_usecol:1_direct_idx0:43.75
in_inst:0_usecol:1_direct_idx0:46.25
in_inst:0_usecol:1_direct_idx0:48.75
in_inst:0_usecol:1_direct_idx0:51.25
in_inst:0_usecol:1_direct_idx0:53.75
in_inst:0_usecol:1_direct_idx0:56.25
in_inst:0_usecol:1_direct_idx0:58.75
in_inst:0_usecol:1_direct_idx0:61.25
in_inst:0_usecol:1_direct_idx0:63.75
in_inst:0_usecol:1_direct_idx0:66.25
in_inst:0_usecol:1_direct_idx0:68.75
in_inst:0_usecol:1_direct_idx0:71.25
out_inst:0_usecol:2_direct_idx0:18.75
out_inst:0_usecol:2_direct_idx0:21.25
out_inst:0_usecol:2_direct_idx0:23.75
out_inst:0_usecol:2_direct_idx0:26.25
out_inst:0_usecol:2_direct_idx0:28.75
out_inst:0_usecol:2_direct_idx0:31.25
out_inst:0_usecol:2_direct_idx0:33.75
out_inst:0_usecol:2_direct_idx0:36.25
out_inst:0_usecol:2_direct_idx0:38.75
out_inst:0_usecol:2_direct_idx0:41.25
out_inst:0_usecol:2_direct_idx0:43.75
out_inst:0_usecol:2_direct_idx0:46.25
out_inst:0_usecol:2_direct_idx0:48.75
out_inst:0_usecol:2_direct_idx0:51.25
out_inst:0_usecol:2_direct_idx0:53.75
out_inst:0_usecol:2_direct_idx0:56.25
out_inst:0_usecol:2_direct_idx0:58.75
out_inst:0_usecol:2_direct_idx0:61.25
out_inst:0_usecol:2_direct_idx0:63.75
out_inst:0_usecol:2_direct_idx0:66.25
out_inst:0_usecol:2_direct_idx0:68.75
out_inst:0_usecol:2_direct_idx0:71.25
p_inst:0_usecol:1_direct_idx0:diffusioncoefficient
p_inst:0_usecol:1_direct_idx0:dispersivity
tot_inst:0_usecol:1_direct
