   123   123     1
      6.4653     0.244032     0.147647     0.245343      0.26684     0.253482      0.24882     0.266963     0.233593     0.290471     0.279655     0.277798     0.291691     0.272401     0.288549     0.243734     0.263402     0.287024     0.294232     0.299365     0.286481     0.293528     0.307038     0.280235     0.263601     0.293617     0.311024     0.308991     0.288722     0.275163     0.302424     0.302971     0.258702     0.221163     0.284357     0.279806     0.253487     0.265056      0.26346     0.256179     0.251221     0.304817     0.291006     0.293238     0.289111     0.273714     0.259361     0.283012     0.410758     0.263689     0.434722     0.310445     0.164754     0.279417     0.238843   0.00718435     0.251259    0.0301274     -1.19618     -5.92572     0.145925 -0.000583493 -0.000753705  -0.00106015  -0.00113432  -0.00135793  -0.00158548  -0.00171839  -0.00142964  -0.00133099  -0.00129403   -0.0012901  -0.00133506  -0.00136647  -0.00142275  -0.00143724  -0.00138166   -0.0013235   -0.0012489  -0.00116721  -0.00104969 -0.000870166 -0.000708658  -0.00061712 -0.000466449 -0.000378374 -0.000323643  -0.00029277 -0.000285017 -0.000285796 -0.000300331 -0.000317477 -0.000389875  -0.00043452  -0.00047688 -0.000519706 -0.000550498 -0.000575424 -0.000596659 -0.000603984 -0.000589935 -0.000556017 -0.000481362 -0.000426841  -0.00035642 -0.000349555 -0.000414113 -0.000605319  -0.00104606   -0.0020346  -0.00380073  -0.00477696  -0.00518657  -0.00478345    0.0741455    0.0670231 -9.77462e-05      0.11543     -0.34929     0.341206 -4.35768e-07   -0.0169717   -0.0235787
    0.244032     0.273091     0.130486      0.25178     0.181866     0.235959     0.243547     0.259131     0.152425     0.225963     0.235163     0.228633     0.248452     0.238225     0.291266     0.245259     0.256836     0.269893      0.27379     0.289483     0.278429     0.272937     0.287207     0.278408     0.260176     0.280829     0.289069      0.29006     0.283063     0.270219     0.291052     0.291157     0.268091     0.236438     0.286042     0.277343     0.257211     0.261619     0.266492     0.271853     0.257834      0.28961     0.265423     0.267899     0.251544      0.22321     0.196402     0.190002     0.215007    0.0915207    0.0823852    0.0101791   -0.0152101     0.220572     0.257961   0.00484644     0.226515   0.00668787     0.233066     0.134273  -0.00412148   0.00200046  0.000641663  0.000411172  0.000399212  0.000486157  0.000597803  0.000657208  0.000654706  0.000611081  0.000560676  0.000507543  0.000448661  0.000379336  0.000316873  0.000285374  0.000274793  0.000258666    0.0002576  0.000294066  0.000369269  0.000470976  0.000565408  0.000640684  0.000723648  0.000781381  0.000798968  0.000809541  0.000816783   0.00079892  0.000779167  0.000746211  0.000686453  0.000645817  0.000516474   0.00040119  0.000297123  0.000137386  7.42393e-05   6.4902e-05  7.40104e-05   0.00010574  0.000118453  3.43822e-05 -9.24502e-06 -0.000105075 -0.000194791 -0.000253104 -0.000291518  -0.00032148   -0.0001312  0.000448108   0.00108965 -0.000267342   -0.0520796   -0.0716215 -0.000750429   -0.0811335   -0.0845759   -0.0078347 -3.42429e-08    0.0330126    -0.003426
    0.147647     0.130486      6.78007    0.0887506     0.261016     0.278107     0.289999     0.304825     0.097843     0.197895     0.224246     0.199572     0.222894     0.219182     0.335738      0.28406     0.284366     0.280488     0.277121     0.310327      0.30024     0.272904     0.289096     0.308359     0.285585     0.293172     0.286558     0.291789     0.305611      0.29262     0.305135     0.304128     0.313834     0.289191     0.322684     0.306307     0.294164     0.287274     0.303745     0.331411     0.300771     0.298776     0.252615     0.254787      0.21468     0.159841     0.107526    0.0467363    -0.108506    -0.204733     -0.53786    -0.526021    -0.338541     0.131987     0.328148    0.0131979     0.191091    0.0147398     0.305107     0.068592  -0.00208568   -0.0155661   -0.0111861 -0.000552772  0.000195434  0.000875062   0.00157256   0.00208625   0.00212071   0.00213793   0.00219653    0.0022874    0.0023966   0.00243407   0.00247518   0.00250198   0.00245961   0.00237247    0.0022785   0.00224724    0.0022461   0.00221852   0.00218955   0.00218473   0.00214909    0.0021366   0.00208235   0.00204582   0.00202555   0.00197583   0.00194433   0.00189275   0.00181993   0.00179105   0.00155584   0.00133929   0.00112363  0.000727831  0.000600091  0.000592344   0.00059606  0.000626686  0.000531535  0.000190697 -5.51737e-05 -0.000345016 -0.000488922 -0.000327798  0.000296673   0.00185521    0.0054196   0.00901278    0.0115586  -0.00656865   -0.0663337    -0.123884 -0.000154095    -0.157544    -0.112165  -0.00273978 -4.10798e-07      0.12683    -0.011205
    0.245343      0.25178    0.0887506     0.405289    0.0990471      0.26054     0.252779     0.269471     0.161299     0.236755     0.245476     0.237449     0.256757     0.245261     0.300968      0.25395     0.265554     0.278214     0.281613     0.297999     0.286625     0.280266     0.294806     0.286535     0.267714     0.288475     0.296326     0.297264     0.290609     0.277425     0.298461     0.298395     0.275736     0.243669     0.294119     0.285066     0.264724     0.268912     0.274282     0.280559      0.26576     0.297169     0.271402     0.273644     0.255839      0.22569     0.197172     0.188381     0.206597    0.0813885    0.0578028   -0.0131264   -0.0298462     0.221455     0.266628   0.00493698     0.230288   0.00699752     0.241768     0.134516  -0.00411448  0.000825094   0.00107814  -0.00243294  1.12591e-05  9.68502e-05  0.000217928  0.000308844  0.000388503  0.000394528   0.00038697  0.000373023  0.000345568  0.000302544  0.000258154   0.00024048  0.000241268  0.000232302  0.000235654  0.000274209  0.000350031  0.000452117  0.000545201  0.000614156  0.000695906  0.000751147  0.000766642  0.000774968    0.0007784  0.000759257  0.000738683  0.000705943  0.000640401   0.00060062  0.000473446  0.000357876  0.000252077  8.36391e-05  1.89651e-05  1.06632e-05  2.05586e-05  5.33174e-05  6.30111e-05 -3.23535e-05  -8.4126e-05 -0.000190165 -0.000284451 -0.000336186 -0.000351739 -0.000323685  1.10656e-05  0.000766163   0.00152582  -0.00129414   -0.0527765   -0.0738077  -0.00075951    -0.084628    -0.085926  -0.00777515 -8.48971e-08    0.0379615  -0.00455567
     0.26684     0.181866     0.261016    0.0990471      0.61494    0.0921636     0.233458     0.221535     0.207283      0.25338     0.242849     0.242647     0.252921     0.234308     0.241749     0.205197     0.222883     0.243854     0.249918     0.252502      0.24155     0.249315     0.260372     0.235131     0.221378     0.247822      0.26349     0.260888      0.24158     0.229986     0.253497     0.253611     0.213121     0.181062     0.235998     0.233123     0.210376      0.22114     0.218742     0.210737     0.208377     0.256632     0.246496     0.247612      0.24554     0.234369     0.224131     0.248172     0.369519     0.244042     0.409452     0.296598     0.159576     0.242658     0.192293  -0.00268494     0.223011   0.00109609     0.177694     0.155617  -0.00437792   0.00252751   0.00317786    0.0030298  -0.00289555  -0.00181236  -0.00209913  -0.00224647  -0.00189628  -0.00175799   -0.0016904  -0.00166166  -0.00169119  -0.00170705   -0.0017612  -0.00178204  -0.00172965  -0.00167255  -0.00159997  -0.00153257  -0.00143706   -0.0012755  -0.00113265  -0.00107582 -0.000935729 -0.000861662 -0.000808777 -0.000781361 -0.000784387 -0.000780465 -0.000791202 -0.000796957 -0.000873621    -0.000908 -0.000900312 -0.000906399  -0.00090727 -0.000891906 -0.000895439 -0.000898235 -0.000883329 -0.000853885  -0.00078129 -0.000715617 -0.000638855 -0.000620637  -0.00067332 -0.000856867  -0.00129623  -0.00228255   -0.0040292  -0.00490577   -0.0052379  -0.00471424   -0.0326469   -0.0269892  -0.00101257   -0.0239227   -0.0474363  -0.00917257    1.408e-08    -0.020281  -0.00184208
    0.253482     0.235959     0.278107      0.26054    0.0921636     0.433259     0.122124     0.280295     0.164133     0.231458     0.238742     0.236349      0.25439     0.241426     0.280992     0.237466     0.251145     0.266679     0.271038     0.282743     0.271502     0.270001     0.283423     0.269356     0.252251     0.275015     0.285606     0.285383     0.274398     0.261734     0.283671       0.2837     0.254878     0.222711     0.274764     0.267788     0.246567     0.253014     0.255723     0.257083     0.246507      0.28379     0.263426     0.265362     0.253008     0.229394     0.207167     0.209779     0.263928     0.138263     0.180657    0.0950801    0.0362962     0.229607     0.241605   0.00237185     0.228468   0.00504807     0.220494     0.142307  -0.00420361   0.00102926  0.000929405  0.000737107  0.000702955  -0.00102702 -0.000364314 -0.000402422 -0.000280805 -0.000249812 -0.000244224 -0.000254906 -0.000293381 -0.000337878 -0.000393726  -0.00042003  -0.00040916 -0.000401809 -0.000379716 -0.000334882 -0.000254934 -0.000134346 -2.53598e-05  3.90032e-05  0.000140424   0.00020206   0.00023033  0.000245281  0.000246736  0.000235522  0.000218312  0.000194701    0.0001255  8.72339e-05  4.94415e-06 -7.40726e-05 -0.000144588 -0.000250079 -0.000294082 -0.000300772 -0.000289325 -0.000257781 -0.000226638 -0.000266831 -0.000274355 -0.000337567 -0.000417614   -0.0005154 -0.000678905  -0.00100517  -0.00139816  -0.00121525 -0.000838983  -0.00247611   -0.0463749   -0.0583022 -0.000840891   -0.0643765    -0.073152  -0.00826471 -3.76856e-08    0.0177097  -0.00340078
     0.24882     0.243547     0.289999     0.252779     0.233458     0.122124     0.496147    0.0716661     0.267096     0.250738     0.231767     0.229016     0.250816     0.240025     0.284872     0.240674      0.25356     0.267997     0.271981     0.285082     0.273879     0.270813     0.284507     0.272484      0.25499     0.276915     0.286554     0.286748     0.277286     0.264565     0.286019     0.286036     0.259472     0.227597     0.278646      0.27104     0.250286     0.255935     0.259484     0.262413     0.250548     0.285604     0.263714     0.265777     0.251806     0.226327     0.202294     0.201266     0.243533     0.119067     0.140309    0.0601708    0.0151504     0.225216     0.247579   0.00323326     0.227168   0.00568337     0.225458     0.138682  -0.00412377   0.00088385  0.000691374  0.000479713  0.000552879  0.000597853 -0.000792761 -8.59374e-05  4.81366e-05  3.55522e-05  2.40014e-05  4.81134e-06 -3.58314e-05 -8.65964e-05 -0.000143161 -0.000171225 -0.000169242  -0.00017202 -0.000160004 -0.000120243 -4.42215e-05  6.78147e-05  0.000169831  0.000235266  0.000329111  0.000388216  0.000412096  0.000424913   0.00042741  0.000413747  0.000395622  0.000369093  0.000302147  0.000263517  0.000166119  7.51778e-05 -6.60722e-06 -0.000131591 -0.000182165 -0.000189498 -0.000178774 -0.000147181 -0.000123344 -0.000180991 -0.000202716 -0.000279037 -0.000362909 -0.000445136 -0.000559978 -0.000770484 -0.000930036 -0.000572367 -8.15108e-05  -0.00153652   -0.0482295   -0.0629998 -0.000794357   -0.0705454    -0.076852  -0.00801054 -4.43895e-08     0.023943  -0.00361635
    0.266963     0.259131     0.304825     0.269471     0.221535     0.280295    0.0716661     0.692248    -0.659842     0.134465     0.243584     0.236337     0.259496     0.252932     0.302286     0.256026     0.270389     0.286286     0.290625     0.304202     0.292106      0.28911     0.303658     0.290364     0.271785     0.295438     0.306009     0.306173     0.295739     0.282159     0.305198     0.305231     0.276319     0.242164     0.296921     0.288915     0.266619     0.272827      0.27643     0.279187     0.266799     0.304775      0.28178      0.28399     0.269467       0.2427     0.217466     0.217274     0.265369     0.132053     0.160124    0.0731868    0.0215817     0.241908     0.263185   0.00335219     0.243188   0.00609004     0.240479     0.149193  -0.00438833   0.00129667   0.00121746    0.0011381    0.0012992   0.00142326   0.00144738 -0.000473336  0.000106599   0.00011917  8.04133e-05  4.35742e-05 -1.11263e-05 -7.70533e-05   -0.0001462 -0.000185162 -0.000193747  -0.00020659 -0.000201711 -0.000166042 -9.04195e-05  2.62625e-05  0.000133305  0.000200254  0.000300956  0.000363881   0.00039008  0.000404137  0.000406446  0.000392494  0.000373378  0.000345833  0.000273561  0.000232248   0.00013116  3.65682e-05 -4.79918e-05 -0.000176064 -0.000228579 -0.000236382 -0.000224859 -0.000191221 -0.000164249  -0.00022196 -0.000241821 -0.000320277 -0.000408991 -0.000500933 -0.000636675 -0.000892755  -0.00112517 -0.000786961 -0.000293102  -0.00145263   -0.0523441   -0.0673536 -0.000838663   -0.0751939   -0.0820702   -0.0085643 -3.57958e-08    0.0240116  -0.00368372
    0.233593     0.152425     0.097843     0.161299     0.207283     0.164133     0.267096    -0.659842      8.22076     -2.35853    -0.128571     0.168247     0.176536     0.174646     0.188497     0.163826     0.182786     0.204177     0.210544      0.21039     0.200537     0.209097     0.217948       0.1936     0.182664     0.206471      0.22152     0.219069     0.200614      0.19091     0.211584      0.21184     0.174097     0.146307     0.194135     0.192491     0.172439     0.182703     0.179389     0.170117     0.170009     0.214347     0.208488     0.209575     0.210624     0.204329     0.198724      0.22525      0.34809     0.239592     0.416698     0.312354     0.172285     0.214188     0.153518  -0.00288844     0.191817  0.000998712     0.147002     0.138652  -0.00365422   0.00277102   0.00371528   0.00458223   0.00510413   0.00564115    0.0059618   0.00585251  -0.00131076  -0.00106967  -0.00108702   -0.0011302  -0.00124052  -0.00133441  -0.00144056  -0.00151719  -0.00153966  -0.00155187  -0.00153901  -0.00152302  -0.00147568  -0.00135699  -0.00124745  -0.00121601  -0.00109451   -0.0010327 -0.000983378 -0.000957547 -0.000961554 -0.000954113 -0.000961615 -0.000961791  -0.00103014  -0.00105993   -0.0010361  -0.00102596  -0.00100962 -0.000961748 -0.000955257 -0.000957778 -0.000944932  -0.00092085 -0.000849299 -0.000767236 -0.000679618 -0.000642874 -0.000681135 -0.000863859  -0.00132304  -0.00236676  -0.00426759  -0.00532502  -0.00582494  -0.00376611   -0.0333534   -0.0235686 -0.000819175   -0.0193227   -0.0404481  -0.00792362  1.00904e-07   -0.0280378  -0.00010326
    0.290471     0.225963     0.197895     0.236755      0.25338     0.231458     0.250738     0.134465     -2.35853      7.02999      -2.4462    -0.122106     0.242462     0.226085     0.256127     0.223002      0.24779     0.274528     0.283267     0.289407     0.276655     0.281606     0.294157     0.269742     0.253468     0.281555      0.29758     0.295928     0.277561     0.264493     0.289997     0.290262     0.249278     0.213648     0.273115     0.268431     0.243717     0.254132     0.253117     0.247163     0.241867      0.29169     0.277663     0.279495     0.274287     0.258291     0.243499     0.263812     0.378373     0.239354     0.387592     0.271286     0.141903     0.265626     0.227784 -0.000644062     0.248911   0.00360861     0.215068     0.168927  -0.00463066    0.0030595   0.00391153   0.00471312   0.00530427   0.00597954   0.00641608   0.00615082   0.00296903 -0.000746961 -0.000743355 -0.000563719 -0.000693342 -0.000828032 -0.000959746  -0.00105553  -0.00111041  -0.00116132  -0.00118192  -0.00117964  -0.00113326  -0.00101224   -0.0008979 -0.000857107 -0.000728679 -0.000659301 -0.000612759 -0.000588336 -0.000591414 -0.000591664 -0.000605511 -0.000616914 -0.000700274 -0.000740771 -0.000766225 -0.000798572 -0.000820877 -0.000835436  -0.00085252  -0.00085806 -0.000843679  -0.00081148 -0.000745987 -0.000707883 -0.000649034  -0.00065373 -0.000720144 -0.000899646  -0.00131235  -0.00222913  -0.00379962  -0.00447148  -0.00465526  -0.00512565   -0.0507528   -0.0494343  -0.00098574   -0.0497176    -0.067542  -0.00968022  6.80733e-08   -0.0116533  -0.00131877
    0.279655     0.235163     0.224246     0.245476     0.242849     0.238742     0.231767     0.243584    -0.128571      -2.4462      7.49463     -2.42898  -0.00375533     0.263145     0.251699     0.209819     0.238924     0.269415     0.281304     0.291591      0.27962     0.281823     0.294561     0.273631     0.256517     0.282699     0.296769     0.295831     0.280352     0.267334      0.29181     0.292072     0.255462      0.22066     0.277875     0.272101     0.248411     0.257315     0.257808     0.254712     0.247165       0.2926     0.275925     0.277932     0.269853     0.250602     0.232681     0.246252     0.338535     0.202764     0.311557     0.205972     0.102539     0.255375     0.236654  0.000799087     0.244465   0.00458161     0.222167     0.160969  -0.00452626   0.00256969   0.00320769   0.00378236   0.00428945   0.00496096    0.0055263   0.00549357   0.00420634   0.00234995 -0.000567676 -0.000174135 -0.000182844 -0.000321927 -0.000460915  -0.00055912 -0.000630956 -0.000704021 -0.000748854  -0.00076001 -0.000725982 -0.000627972 -0.000533029 -0.000495837 -0.000386244 -0.000324846 -0.000288266 -0.000269058 -0.000271233 -0.000276264 -0.000291905 -0.000308476  -0.00038754  -0.00042842 -0.000480366 -0.000533529 -0.000575509 -0.000624703 -0.000653376 -0.000660008 -0.000646999 -0.000614996 -0.000563097 -0.000556574 -0.000523601 -0.000551841 -0.000624622 -0.000774773  -0.00109689  -0.00179862  -0.00293542  -0.00328194  -0.00325411  -0.00566483   -0.0535373   -0.0574419 -0.000947792   -0.0603034   -0.0735217   -0.0092874  2.02466e-08 -0.000291561  -0.00178843
    0.277798     0.228633     0.199572     0.237449     0.242647     0.236349     0.229016     0.236337     0.168247    -0.122106     -2.42898      6.99206     -2.11662     0.237467     0.278015     0.183356     0.214854     0.253534     0.271338     0.283189     0.272683     0.276464     0.288904     0.266776     0.250003      0.27605     0.290333     0.289054     0.272829     0.260136     0.284516     0.284834     0.247404      0.21307     0.269874      0.26463     0.241067     0.250343     0.250241     0.246116     0.239593     0.285697     0.270413     0.272317      0.26553     0.247962     0.231651     0.247514     0.346343     0.212334     0.333933     0.226572     0.115431     0.253675     0.227921  0.000256395     0.240657   0.00404277     0.213888     0.160431  -0.00450346   0.00204232   0.00258643   0.00303177   0.00345352   0.00406879   0.00470471   0.00499392   0.00441061   0.00366504   0.00225779 -0.000511244 -0.000257758 -0.000357811 -0.000546813  -0.00065272  -0.00072057 -0.000787197 -0.000828041 -0.000836979 -0.000802696 -0.000705717 -0.000612078 -0.000577762 -0.000469318 -0.000409605 -0.000372507 -0.000353139 -0.000355859 -0.000359675   -0.0003747 -0.000389667 -0.000467615  -0.00050792 -0.000550968 -0.000596475 -0.000631062 -0.000667262 -0.000691572 -0.000697911  -0.00068478 -0.000653459 -0.000597393 -0.000578548 -0.000536325 -0.000554679 -0.000623311 -0.000781013  -0.00112915  -0.00189423   -0.0031681  -0.00363857   -0.0036951   -0.0053985   -0.0511147   -0.0529887 -0.000955522   -0.0546742   -0.0697911  -0.00929105 -7.25025e-09  -0.00468317   -0.0015658
    0.291691     0.248452     0.222894     0.256757     0.252921      0.25439     0.250816     0.259496     0.176536     0.242462  -0.00375533     -2.11662      4.69074     -1.68772      0.36567      0.24537     0.224611     0.257803     0.282068     0.299752     0.290646     0.294567     0.308615     0.286803     0.268554     0.295425     0.309594     0.308315     0.292129     0.278564     0.304108     0.304436     0.266436     0.230211     0.289872     0.283842     0.259172     0.268427     0.268967     0.265823     0.257892     0.305164      0.28766     0.289732       0.2812     0.261032     0.242225     0.256169      0.35162     0.210201     0.322224     0.212408     0.105434     0.265945     0.246985  0.000778157     0.254682   0.00456076     0.230066     0.167482  -0.00471992   0.00148236   0.00177997   0.00198223   0.00228143   0.00273842   0.00327133   0.00366521   0.00351985   0.00332105   0.00288848    0.0016839  0.000116327  5.05974e-05 -0.000421957 -0.000555796 -0.000628203 -0.000692061 -0.000728338 -0.000729599 -0.000686282 -0.000584189 -0.000486372 -0.000446078   -0.0003373 -0.000276576 -0.000241481 -0.000223295 -0.000225909 -0.000232333 -0.000249268 -0.000267736 -0.000348661 -0.000391673 -0.000448429 -0.000505942 -0.000552009 -0.000607694 -0.000638706 -0.000645817 -0.000632302 -0.000598869 -0.000544781 -0.000538279 -0.000504624 -0.000534521 -0.000610528 -0.000765392  -0.00109505  -0.00181222  -0.00297257   -0.0033302  -0.00329331  -0.00404863   -0.0530121   -0.0573716 -0.000975225   -0.0601516   -0.0750595   -0.0096459 -5.18479e-08  8.49605e-05  -0.00203289
    0.272401     0.238225     0.219182     0.245261     0.234308     0.241426     0.240025     0.252932     0.174646     0.226085     0.263145     0.237467     -1.68772      3.79579      -1.1734     0.454082     0.293833     0.242432     0.255027      0.27832     0.273162     0.277436     0.291735       0.2728     0.255442     0.280232     0.292817     0.291624     0.277119      0.26424     0.288024     0.288316     0.253849     0.219903     0.275614     0.269588     0.246615     0.254884     0.255886     0.253871     0.245627     0.288883     0.271415      0.27341      0.26436     0.244204     0.225352     0.236271     0.318965     0.186385     0.278898     0.178605    0.0862529     0.247977     0.236473   0.00113714     0.239272   0.00448681     0.218751     0.155596  -0.00440437  0.000927312   0.00100551      0.00101   0.00118886   0.00146068   0.00180824   0.00213567   0.00224198   0.00231714   0.00230234   0.00211671   0.00159894  0.000954012 -0.000235819 -0.000392946 -0.000462443 -0.000535076 -0.000565699 -0.000559348 -0.000511876 -0.000415228 -0.000323189 -0.000280485 -0.000182864 -0.000127676 -9.81372e-05 -8.28924e-05  -8.4937e-05 -9.28995e-05 -0.000109631 -0.000129183 -0.000203632 -0.000244386 -0.000306812 -0.000368424 -0.000419413 -0.000485624 -0.000519025 -0.000526065 -0.000513684 -0.000482027 -0.000435128 -0.000439147 -0.000415956 -0.000451995 -0.000525971  -0.00066207 -0.000941421  -0.00154253  -0.00248717  -0.00271803  -0.00261088  -0.00221637   -0.0488444   -0.0547664 -0.000886915   -0.0580993   -0.0714636  -0.00892388 -8.08586e-08   0.00393709   -0.0022066
    0.288549     0.291266     0.335738     0.300968     0.241749     0.280992     0.284872     0.302286     0.188497     0.256127     0.251699     0.278015      0.36567      -1.1734      2.37945     -1.56547    0.0769698     0.296171       0.2922     0.310643     0.308934      0.31205     0.332681     0.321884     0.301551     0.326535     0.336728     0.336783     0.326433     0.311431     0.336278     0.336465     0.306885     0.269716     0.328768     0.319359     0.295302     0.301341     0.306015     0.310376      0.29564     0.335284     0.308915     0.311583     0.294389     0.263542     0.234441     0.231252     0.274252     0.129116     0.143142    0.0525682   0.00697438     0.261694     0.293472   0.00438788     0.265573   0.00727742     0.268241     0.160631  -0.00470072  0.000885942  0.000625046  0.000357292  0.000472991  0.000660945  0.000891896    0.0010829   0.00116255   0.00115204   0.00105017  0.000858326  0.000503532 -0.000154024  0.000445164  0.000229579  0.000362515  0.000326414  0.000252069  0.000237857  0.000276432  0.000349294  0.000423025  0.000473013  0.000546805  0.000592963  0.000603772  0.000608746  0.000607073  0.000586746  0.000563374  0.000529593  0.000452136  0.000405146  0.000276267  0.000159131  5.53047e-05 -0.000102467 -0.000166987 -0.000177187 -0.000165925 -0.000129836 -0.000107578 -0.000186428 -0.000220257 -0.000317199  -0.00041752 -0.000506157 -0.000617991 -0.000811412 -0.000887881 -0.000379256  0.000247703  -0.00100171   -0.0586071   -0.0777174    -0.000868   -0.0875933   -0.0925324  -0.00911522 -1.79024e-07      0.03123  -0.00380821
    0.243734     0.245259      0.28406      0.25395     0.205197     0.237466     0.240674     0.256026     0.163826     0.223002     0.209819     0.183356      0.24537     0.454082     -1.56547      7.36172     -2.50071    -0.166109     0.251216     0.244826     0.232398     0.244089     0.270857     0.268238     0.254166     0.276595     0.285568     0.285353     0.276187     0.263223     0.284068      0.28422      0.25924     0.227833     0.277717     0.269751     0.249408     0.254487     0.258416     0.262058     0.249608     0.283145      0.26101     0.263359      0.24895     0.222998     0.198523     0.196047     0.233098     0.110361     0.123891    0.0471955   0.00762424     0.221602     0.247746   0.00384911     0.224632   0.00645509     0.228097     0.136107    -0.003905    0.0010054  0.000853329  0.000707414  0.000855567   0.00110881   0.00142637   0.00172558   0.00186165   0.00200269   0.00211192   0.00214091    0.0020554   0.00172712   0.00144514 -0.000155007  0.000118716  0.000526332  0.000480548  0.000404991  0.000394941  0.000412775  0.000443101  0.000466682  0.000500921  0.000518903  0.000512502  0.000506974  0.000499349  0.000478782  0.000457215  0.000427908  0.000361404  0.000320824  0.000209821  0.000109209  2.06549e-05  -0.00011352 -0.000168798 -0.000178229   -0.0001693 -0.000139497 -0.000121255 -0.000187904 -0.000215863 -0.000297218 -0.000381772 -0.000458381 -0.000559216  -0.00073803   -0.0008295  -0.00040981  0.000107412 -0.000867759   -0.0519797   -0.0679072 -0.000704269   -0.0764654   -0.0795932  -0.00761518 -2.60419e-07    0.0259024  -0.00286552
    0.263402     0.256836     0.284366     0.265554     0.222883     0.251145      0.25356     0.270389     0.182786      0.24779     0.238924     0.214854     0.224611     0.293833    0.0769698     -2.50071      7.83756     -2.52732   -0.0137114     0.293204     0.238389     0.237631     0.270413     0.273789     0.264066     0.291181     0.303104     0.303091     0.292013     0.278046     0.300432      0.30047     0.271969      0.23829     0.292195     0.284265     0.262251     0.268326     0.271805     0.274372      0.26219      0.29975     0.277512     0.279945     0.265997     0.239971     0.215459     0.215924     0.265484     0.133827     0.166381    0.0801815    0.0262618     0.239727     0.258518   0.00359837     0.240112   0.00652746     0.238916     0.147998  -0.00422985   0.00106994  0.000972888  0.000866338   0.00104012   0.00133079   0.00170261   0.00207866   0.00229507   0.00257014   0.00286747   0.00311195   0.00329157   0.00327949   0.00302308   0.00227576 -0.000608442  0.000245653  0.000524992  0.000392915  0.000355237  0.000358521  0.000384287  0.000406188   0.00043608  0.000447293  0.000434935  0.000425011  0.000413215  0.000390747  0.000367221  0.000337394   0.00026535  0.000222145  0.000114887  1.62206e-05 -7.02456e-05 -0.000199833 -0.000254116 -0.000264022 -0.000254182 -0.000222659 -0.000197008 -0.000252875  -0.00027051 -0.000345738 -0.000432366  -0.00052688 -0.000674578 -0.000961196  -0.00125572 -0.000965666 -0.000517964    -0.001536   -0.0560573   -0.0704601 -0.000781836   -0.0783845    -0.083618  -0.00833577 -3.05982e-07    0.0222109  -0.00274488
    0.287024     0.269893     0.280488     0.278214     0.243854     0.266679     0.267997     0.286286     0.204177     0.274528     0.269415     0.253534     0.257803     0.242432     0.296171    -0.166109     -2.52732      6.74485     -2.43711    0.0926203     0.295331     0.251792     0.267392     0.272858     0.269833     0.304185     0.321447     0.322822     0.309868      0.29495     0.319245      0.31908     0.286044     0.249637     0.308356     0.300572     0.276553     0.283936     0.286762     0.287837     0.276184     0.318784     0.296638     0.299119      0.28594     0.260105     0.235811     0.240228     0.306077     0.163883      0.22153     0.123437    0.0509019     0.261343     0.270101   0.00311828     0.258229   0.00641059      0.25025     0.162289  -0.00464497  0.000987053  0.000924157  0.000823295  0.000998368   0.00127828   0.00164451    0.0020371   0.00231975   0.00268256   0.00310909   0.00351662   0.00392002   0.00419923   0.00429584   0.00411277   0.00278897 -0.000302386  0.000459285  0.000303305  0.000224064  0.000225416  0.000254653  0.000282801   0.00031747   0.00032771  0.000313153  0.000300586  0.000285206  0.000261334  0.000235873  0.000206112  0.000127486  8.18601e-05 -1.67511e-05 -0.000110085 -0.000191903 -0.000313123 -0.000364785 -0.000374805 -0.000363578 -0.000329803 -0.000294059  -0.00033442 -0.000337851 -0.000403927  -0.00049238 -0.000609755 -0.000818057  -0.00124443  -0.00180554  -0.00169183  -0.00134027  -0.00264575    -0.059799   -0.0720231 -0.000891393   -0.0789089   -0.0872856  -0.00924994 -3.04366e-07    0.0170383  -0.00267846
    0.294232      0.27379     0.277121     0.281613     0.249918     0.271038     0.271981     0.290625     0.210544     0.283267     0.281304     0.271338     0.282068     0.255027       0.2922     0.251216   -0.0137114     -2.43711      6.22129     -2.43915   0.00859061     0.262965     0.262728     0.253531     0.254809     0.296311     0.321079     0.326777     0.314896     0.300198     0.325137     0.324762     0.290124     0.252782     0.312883     0.305137      0.28052     0.288348      0.29095     0.291526     0.280095     0.324299     0.302263     0.304764     0.291894     0.266202     0.242047     0.247791        0.319     0.173618     0.239639     0.137804    0.0591505      0.26788     0.273216   0.00291911     0.263582   0.00629216     0.253121     0.166642  -0.00479416  0.000825023  0.000743342  0.000606795  0.000758411  0.000990295   0.00129791    0.0016372   0.00192566   0.00227439   0.00269408   0.00311542   0.00356593   0.00394982      0.00429   0.00443582   0.00422862   0.00298159  0.000385557  0.000313882  0.000177993  0.000233388  0.000244988  0.000273376  0.000301254  0.000306139  0.000285163  0.000266985  0.000247927  0.000220784  0.000193083   0.00016278  8.22192e-05  3.65085e-05 -5.68937e-05 -0.000147166 -0.000227254 -0.000347244 -0.000397855 -0.000407836 -0.000396189 -0.000361695  -0.00032236  -0.00035701  -0.00035544 -0.000418059 -0.000506805 -0.000631529 -0.000859507  -0.00133133  -0.00198078  -0.00192901  -0.00161173  -0.00344889   -0.0605462   -0.0720604  -0.00093804     -0.07852   -0.0880703  -0.00957097 -2.76348e-07    0.0152202  -0.00264996
    0.299365     0.289483     0.310327     0.297999     0.252502     0.282743     0.285082     0.304202      0.21039     0.289407     0.291591     0.283189     0.299752      0.27832     0.310643     0.244826     0.293204    0.0926203     -2.43915      6.59535     -2.60596    -0.292565      0.18391     0.232801     0.234769     0.280873     0.316612     0.332904     0.327606      0.31437     0.340362     0.340013     0.306511     0.267901     0.328829     0.319898     0.294906     0.302106     0.305789     0.308225     0.294897     0.338149     0.313589     0.316365     0.301175      0.27239      0.24525     0.246976     0.307039     0.157706     0.201696     0.102521    0.0369271     0.272369      0.29009   0.00382731      0.27165    0.0070799     0.267883     0.168437  -0.00489399  0.000794568  0.000620775  0.000403218  0.000535948  0.000741178   0.00100643   0.00128351   0.00152458   0.00178769   0.00210549   0.00242978   0.00278317   0.00309524   0.00341941     0.003609   0.00363455   0.00337193   0.00219312  0.000763639   0.00049222  0.000727887  0.000649263   0.00057756  0.000574245  0.000557351  0.000514178  0.000479829  0.000453312  0.000414987  0.000380708  0.000344443  0.000262948  0.000216379  0.000106752  2.12045e-06 -9.31149e-05 -0.000242952 -0.000302652 -0.000313715 -0.000302607 -0.000266921 -0.000234468 -0.000290422 -0.000304907 -0.000384851 -0.000481169 -0.000592835 -0.000774553  -0.00113356  -0.00154174  -0.00128186 -0.000819243  -0.00378704   -0.0630914   -0.0785784  -0.00094235    -0.086915   -0.0939098  -0.00966139 -2.76888e-07    0.0229654  -0.00296354
    0.286481     0.278429      0.30024     0.286625      0.24155     0.271502     0.273879     0.292106     0.200537     0.276655      0.27962     0.272683     0.290646     0.273162     0.308934     0.232398     0.238389     0.295331   0.00859061     -2.60596      8.53286     -2.70864    -0.519373    0.0771836     0.170039     0.224969     0.271723      0.30232      0.30762     0.299911     0.327035      0.32762     0.295852     0.258542     0.316551       0.3075     0.283484     0.290234     0.293906     0.296506     0.283506     0.324686     0.300983     0.303768     0.289007     0.261137     0.234826      0.23597     0.291969     0.148748     0.188267    0.0939591    0.0327912     0.260853     0.279246   0.00390209      0.26052   0.00701687     0.258377     0.161185  -0.00467048  0.000759567  0.000585991  0.000370322  0.000497284   0.00069607  0.000951174   0.00121562   0.00144326   0.00169122   0.00199487   0.00231164   0.00266819    0.0030017   0.00341295   0.00376483   0.00396319   0.00402717   0.00370286   0.00302505    0.0014682   0.00141765   0.00115103  0.000676893  0.000668213  0.000625623  0.000561344  0.000509885  0.000473675  0.000425471   0.00038525  0.000346982  0.000270069   0.00022663  0.000122419  2.28026e-05  -6.9355e-05 -0.000219662 -0.000277707 -0.000288528 -0.000278209   -0.0002441  -0.00021382  -0.00026966 -0.000285181  -0.00036341 -0.000456179 -0.000561402 -0.000730103  -0.00106108  -0.00142569  -0.00115623  -0.00070144  -0.00380542   -0.0619089   -0.0772197 -0.000890428   -0.0855208   -0.0914289  -0.00922074 -2.37288e-07    0.0228323  -0.00267392
    0.293528     0.272937     0.272904     0.280266     0.249315     0.270001     0.270813      0.28911     0.209097     0.281606     0.281823     0.276464     0.294567     0.277436      0.31205     0.244089     0.237631     0.251792     0.262965    -0.292565     -2.70864      9.51086     -2.73935    -0.600976   -0.0199575     0.144199     0.223687     0.271534     0.288669     0.289803     0.322526     0.325871      0.29189     0.254003     0.313234     0.304437     0.279528     0.287222     0.289801     0.290382     0.278972     0.323156     0.301477     0.304242     0.291623      0.26616     0.242141     0.248085     0.319881     0.174572     0.242371     0.140732    0.0610555     0.267739     0.272222   0.00316723     0.263002   0.00655048     0.253345     0.166561  -0.00476202  0.000675598  0.000566023  0.000390572  0.000518548   0.00071021  0.000965838   0.00125359   0.00153237   0.00184601   0.00223023   0.00263608   0.00310346   0.00356615   0.00419518   0.00484517   0.00533302   0.00568652    0.0057844   0.00552767   0.00471876   0.00220962   0.00162485  0.000434616  0.000504713  0.000466145   0.00039874  0.000333461  0.000285813  0.000229062   0.00018155   0.00014277  6.65057e-05  2.46268e-05 -6.00299e-05 -0.000142422 -0.000218849 -0.000346821 -0.000395894 -0.000405774 -0.000394522  -0.00036026 -0.000319933 -0.000352361 -0.000348936 -0.000409605 -0.000497302 -0.000622922 -0.000854781  -0.00133601  -0.00200867  -0.00198375  -0.00168903  -0.00394489   -0.0628885   -0.0743624 -0.000919645   -0.0808896   -0.0896884  -0.00953967 -1.53802e-07    0.0146032  -0.00212295
    0.307038     0.287207     0.289096     0.294806     0.260372     0.283423     0.284507     0.303658     0.217948     0.294157     0.294561     0.288904     0.308615     0.291735     0.332681     0.270857     0.270413     0.267392     0.262728      0.18391    -0.519373     -2.73935      9.78351     -2.63699    -0.755034    -0.102888      0.14978     0.242399     0.275585     0.288344      0.33095     0.340249     0.307337     0.268236     0.330267     0.320418     0.294058     0.301773     0.304574     0.305461     0.293194     0.339073     0.316128     0.319167      0.30571      0.27871     0.253203     0.258779     0.331912      0.17965     0.247135     0.141645    0.0604501     0.280037     0.286677   0.00340318     0.275615   0.00686598     0.266108     0.174001  -0.00497861  0.000625256  0.000473067  0.000252416   0.00036669  0.000534446   0.00075987   0.00101624   0.00129124    0.0015756   0.00191826   0.00228117   0.00269935   0.00311977   0.00371163   0.00436196   0.00488429   0.00528661   0.00549348   0.00536135   0.00480679   0.00293436   0.00170619  0.000362247  0.000483639  0.000526077  0.000496167   0.00041011  0.000347282  0.000276324  0.000217066  0.000171469  9.67731e-05  5.42487e-05 -3.72724e-05  -0.00012253 -0.000201198 -0.000338723 -0.000388939 -0.000398499 -0.000386415  -0.00035021 -0.000309141 -0.000346073 -0.000344764 -0.000410356 -0.000502732 -0.000631584  -0.00086598  -0.00134981   -0.0020156  -0.00196506  -0.00164028  -0.00390506   -0.0644624   -0.0773452 -0.000955566   -0.0843486   -0.0933621  -0.00995227 -7.24996e-08    0.0163772  -0.00210999
    0.280235     0.278408     0.308359     0.286535     0.235131     0.269356     0.272484     0.290364       0.1936     0.269742     0.273631     0.266776     0.286803       0.2728     0.321884     0.268238     0.273789     0.272858     0.253531     0.232801    0.0771836    -0.600976     -2.63699      10.9537     -2.41743    -0.844572    -0.068695     0.178411      0.23474     0.253957     0.301676     0.318475     0.295454     0.260755      0.31797      0.30749     0.283245     0.288849     0.292857     0.296412     0.282555     0.321683     0.297447     0.300578     0.285134     0.256502     0.229363     0.228168     0.275891     0.134861     0.160926    0.0714947    0.0195112     0.255145     0.280092   0.00427456     0.256743   0.00711065     0.257645     0.156958  -0.00455855  0.000605479  0.000347414  5.31623e-05  0.000139797  0.000275042  0.000446453  0.000617946  0.000801133  0.000949592   0.00112239   0.00130646   0.00151589   0.00172342   0.00202692   0.00237999   0.00267208   0.00288641   0.00298156   0.00281203   0.00230404   0.00123511  4.71811e-07  0.000848958  0.000508268  0.000701174  0.000808448  0.000701237  0.000620204  0.000542284  0.000477281   0.00042576    0.0003643  0.000325061  0.000211944  0.000114318   2.5225e-05 -0.000135906 -0.000190748  -0.00019919 -0.000188253 -0.000153786 -0.000128266 -0.000194001 -0.000217612 -0.000302222 -0.000395591  -0.00048951 -0.000625511 -0.000879467  -0.00109794 -0.000737807 -0.000227914  -0.00311391   -0.0585197   -0.0762615 -0.000846834   -0.0851874   -0.0898368  -0.00893231 -7.14311e-09    0.0263923  -0.00236787
    0.263601     0.260176     0.285585     0.267714     0.221378     0.252251      0.25499     0.271785     0.182664     0.253468     0.256517     0.250003     0.268554     0.255442     0.301551     0.254166     0.264066     0.269833     0.254809     0.234769     0.170039   -0.0199575    -0.755034     -2.41743      11.5629     -2.48385    -0.688242    0.0471954     0.196461     0.217237     0.264709     0.288495     0.272048     0.242193     0.297408     0.288289     0.265366     0.270541     0.274032     0.277035     0.264189     0.301184     0.278694      0.28162     0.267454     0.240972     0.215871     0.215396     0.262179     0.129741     0.157822    0.0730456    0.0219176     0.240035     0.261544   0.00398893     0.240885   0.00663933     0.240694     0.147781  -0.00429078  0.000546101   0.00030886  3.44565e-05  0.000112851  0.000233344  0.000388016  0.000546378  0.000724254  0.000868474   0.00103571   0.00121466   0.00141961   0.00162677   0.00193478   0.00230907    0.0026392   0.00290984    0.0031013    0.0031498   0.00295596   0.00247242   0.00159773   0.00205294   0.00039245  0.000491439  0.000830792  0.000694419  0.000557873  0.000486371  0.000422581  0.000372309  0.000320711   0.00028457  0.000175389  8.59319e-05   7.2617e-06 -0.000137762 -0.000184291 -0.000189944  -0.00017835 -0.000145348 -0.000120127 -0.000178658 -0.000198285  -0.00027504 -0.000361689 -0.000452003 -0.000586495 -0.000841243  -0.00108316  -0.00078195 -0.000326487  -0.00263946   -0.0554549    -0.071537 -0.000793823   -0.0796532    -0.084494  -0.00842105  7.36802e-08    0.0236798  -0.00215857
