    47    47     1
     12.9167     0.129344    0.0951238     0.128476     0.142019     0.145781     0.147213     0.148721     0.144062     0.144375     0.145353     0.146016      0.14613     0.150265     0.146198     0.146326     0.146725     0.147169     0.147527     0.147714      0.14758     0.321102      3.74148      3.66777     0.998395   -0.0774985    -0.370509    -0.440713    -0.445495    -0.522628    -0.474529    -0.469801    -0.473351    -0.479323    -0.482624    -0.485208    -0.481742    -0.479571     -0.47583     -0.46712    -0.455065    -0.442959    -0.434603    -0.434559    5.398e-09     0.013952     0.479341
    0.129344     0.800779     0.794049     0.792281     0.791508     0.791343     0.791612      0.79361     0.789772     0.790293     0.790716     0.790929     0.791059     0.790769     0.791327     0.790709     0.790415     0.790216     0.790069     0.790093     0.790803      0.05328    -0.161432    -0.172285   -0.0318772    0.0254705    0.0422933    0.0492501    0.0489806    0.0361097    0.0523205    0.0515848    0.0519672    0.0540471      0.05173    0.0259313    0.0404292    0.0416837    0.0284202   0.00326909   -0.0286403   -0.0592944   -0.0772669   -0.0771246  9.21275e-10   -0.0020038   -0.0486534
   0.0951238     0.794049     0.804291     0.792358     0.791064     0.790608     0.790846     0.792605     0.789161     0.789618     0.789962     0.790157      0.79047     0.789642     0.790479     0.789891     0.789592      0.78938     0.789223     0.789242     0.789959    0.0514159    -0.110813   -0.0958112     -0.13163  -0.00572292    0.0339063    0.0470509    0.0475129    0.0389757    0.0526787    0.0516916    0.0515674    0.0535081    0.0534691    0.0289778    0.0421825    0.0427564    0.0294081   0.00428406   -0.0276014   -0.0582154   -0.0761031   -0.0759595  -9.1963e-10  -0.00773884   -0.0496137
    0.128476     0.792281     0.792358     0.803174     0.789606     0.789123     0.789055     0.790726     0.787362     0.787804     0.788133     0.788326     0.788673      0.78776     0.788633     0.788053     0.787756     0.787544     0.787385     0.787404      0.78812    0.0518343    -0.152538    -0.138242    0.0821843   -0.0719271   0.00815016    0.0377552    0.0392762    0.0376678    0.0510123    0.0500185    0.0497996    0.0516952    0.0520747    0.0278754    0.0408174    0.0412703    0.0279525   0.00292595   -0.0288345   -0.0593235   -0.0771226    -0.076979 -8.93403e-10  -0.00874464   -0.0481252
    0.142019     0.791508     0.791064     0.789606     0.802683     0.788737     0.788441     0.789993     0.786644     0.787077     0.787409     0.787602     0.787936     0.787066     0.787915     0.787333     0.787037     0.786826     0.786669     0.786688     0.787403    0.0522144    -0.168764    -0.154851   0.00652664     0.148398   -0.0496128    0.0132563    0.0172871    0.0368663    0.0503861    0.0494948    0.0493478    0.0512584    0.0514698    0.0271985    0.0402216    0.0407265    0.0274345   0.00244323   -0.0292707   -0.0597159   -0.0774928   -0.0773495 -7.49731e-10    -0.008303   -0.0475936
    0.145781     0.791343     0.790608     0.789123     0.788737     0.802374     0.787983      0.78979      0.78654     0.786943     0.787266     0.787456     0.787787     0.786921     0.787768     0.787186      0.78689     0.786679     0.786522     0.786542     0.787256    0.0525461    -0.172804    -0.159005    -0.017515    0.0682056     0.162675   -0.0371435   -0.0308522    0.0365658    0.0500192    0.0493141    0.0492578    0.0511943    0.0513853    0.0271201    0.0401407    0.0406526    0.0273711    0.0023962   -0.0292969   -0.0597222   -0.0774881   -0.0773448  -9.0383e-10  -0.00825138   -0.0475263
    0.147213     0.791612     0.790846     0.789055     0.788441     0.787983      0.79859     0.789841     0.787351     0.787611     0.787793     0.787952     0.788577     0.786855      0.78814     0.787608     0.787305     0.787075     0.786902     0.786914     0.787638     0.053186    -0.173448    -0.160121   -0.0267551    0.0295795     0.053967    0.0737347    0.0105375    0.0399093    0.0488759      0.04798     0.047223    0.0489422    0.0527581    0.0307262    0.0416073    0.0410223     0.027643   0.00278429   -0.0287768   -0.0590465   -0.0766191   -0.0764739 -7.74175e-09   -0.0174673   -0.0477089
    0.148721      0.79361     0.792605     0.790726     0.789993      0.78979     0.789841     0.797924      0.78585      0.78832     0.789004     0.789284     0.789098     0.789833     0.789841     0.789174     0.788894     0.788723     0.788597      0.78863     0.789327     0.053318    -0.175107    -0.160538   -0.0260067    0.0265507     0.040346    0.0431054    0.0408071    0.0606561    0.0556283     0.052873    0.0537663    0.0559439    0.0495044    0.0214696     0.038423    0.0408535    0.0276928   0.00245702   -0.0295398   -0.0603084   -0.0784593   -0.0783194  -7.1993e-10   0.00853389    -0.047569
    0.144062     0.789772     0.789161     0.787362     0.786644      0.78654     0.787351      0.78585      0.81984     0.783822     0.785787     0.786255     0.787676     0.784387     0.786463     0.786053     0.785747     0.785479     0.785275     0.785274     0.786019      0.05075    -0.175103    -0.162657   -0.0310975    0.0223384    0.0383985    0.0473531    0.0504662     0.236291    -0.120486    0.0271794    0.0473854    0.0460481    0.0545263    0.0367809    0.0428623    0.0395949    0.0257944   0.00108733   -0.0302502   -0.0602366   -0.0774261   -0.0772765 -7.88367e-10   -0.0364244   -0.0464022
    0.144375     0.790293     0.789618     0.787804     0.787077     0.786943     0.787611      0.78832     0.783822     0.821544     0.782597     0.786404     0.787653     0.785345     0.786804     0.786402     0.786131     0.785894     0.785708     0.785714     0.786452    0.0505598    -0.174901    -0.162111   -0.0300414    0.0231143    0.0383338    0.0452686     0.047132    0.0374718     0.219886    -0.082133    0.0165649    0.0439914    0.0556236    0.0367939    0.0441526    0.0408933    0.0267082   0.00174154   -0.0297822   -0.0599554   -0.0773366   -0.0771886 -9.05226e-10   -0.0290831   -0.0469342
    0.145353     0.790716     0.789962     0.788133     0.787409     0.787266     0.787793     0.789004     0.785787     0.782597     0.821069     0.782447     0.787414      0.78595     0.787138     0.786661     0.786396     0.786185     0.786021     0.786037     0.786767    0.0509488    -0.174684    -0.161464   -0.0288313    0.0242497    0.0393944    0.0458929    0.0469142    0.0291756     0.064795     0.189469   -0.0485433    0.0150694     0.045978    0.0317794    0.0426401    0.0409365    0.0270834    0.0021872   -0.0293644   -0.0596859   -0.0772914   -0.0771456 -8.95976e-10   -0.0197735     -0.04724
    0.146016     0.790929     0.790157     0.788326     0.787602     0.787456     0.787952     0.789284     0.786255     0.786404     0.782447     0.821228     0.782529     0.784896     0.787674     0.786973     0.786616     0.786376     0.786208     0.786227     0.786955     0.051249    -0.174338    -0.161029   -0.0283559    0.0246727    0.0397707    0.0461246    0.0469448    0.0351305    0.0441121    0.0766701     0.165344    -0.019648    0.0138426    0.0220184    0.0364041    0.0378855    0.0259986   0.00209068   -0.0290278   -0.0592587   -0.0769169   -0.0767717  -9.0432e-10   -0.0178016   -0.0473863
     0.14613     0.791059      0.79047     0.788673     0.787936     0.787787     0.788577     0.789098     0.787676     0.787653     0.787414     0.782529     0.821798     0.777934     0.788507     0.787653     0.787181      0.78683     0.786597     0.786589     0.787338    0.0514216    -0.172785    -0.160499   -0.0295279    0.0233019    0.0377904     0.043558    0.0457524     0.045517    0.0435696     0.047112    0.0795975     0.125088   -0.0216536    0.0303963     0.035671    0.0347447     0.024324   0.00179984   -0.0284747   -0.0581358   -0.0752768   -0.0751268 -1.10523e-09   -0.0396259   -0.0475584
    0.150265     0.790769     0.789642      0.78776     0.787066     0.786921     0.786855     0.789833     0.784387     0.785345      0.78595     0.784896     0.777934     0.823332     0.774921     0.783813     0.785475     0.785793     0.785714     0.785716     0.786366    0.0575335    -0.175792    -0.160606   -0.0257123    0.0272637    0.0432507    0.0503402    0.0484166    0.0267438     0.056943     0.060516    0.0403177   -0.0504145    -0.222457      0.26406     0.151327    0.0791492    0.0363863   0.00133273   -0.0336428   -0.0647517   -0.0826488   -0.0825104 -5.53781e-10    0.0230062   -0.0467687
    0.146198     0.791327     0.790479     0.788633     0.787915     0.787768      0.78814     0.789841     0.786463     0.786804     0.787138     0.787674     0.788507     0.774921     0.821696     0.786664     0.788226     0.787077       0.7866     0.786542      0.78725    0.0506962    -0.174463    -0.160732   -0.0273279     0.025783    0.0410868    0.0475782    0.0477944    0.0367596    0.0483692    0.0451636     0.053963    0.0975108     0.168811     0.184964    -0.116066   -0.0528249   -0.0128838   -0.0118458   -0.0323888    -0.059011   -0.0761096    -0.075968 -8.52461e-10  -0.00888084   -0.0475045
    0.146326     0.790709     0.789891     0.788053     0.787333     0.787186     0.787608     0.789174     0.786053     0.786402     0.786661     0.786973     0.787653     0.783813     0.786664     0.822735     0.783406     0.786706     0.786216     0.786053     0.786715    0.0526911    -0.174533    -0.160981    -0.028007    0.0250092    0.0401957    0.0465906    0.0470415    0.0376762     0.048636    0.0460282    0.0481162    0.0675125     0.104635       0.1016     0.157301   -0.0766992   -0.0421415   -0.0291914   -0.0412138   -0.0634244   -0.0788951   -0.0787515 -8.86643e-10   -0.0125348    -0.047079
    0.146725     0.790415     0.789592     0.787756     0.787037      0.78689     0.787305     0.788894     0.785747     0.786131     0.786396     0.786616     0.787181     0.785475     0.788226     0.783406     0.822153     0.781409     0.785871     0.785885     0.786492    0.0579123    -0.174517    -0.160952   -0.0280892    0.0248704     0.040046    0.0464322    0.0468461    0.0374855    0.0491268     0.047226     0.046749    0.0537918    0.0695514    0.0500963    0.0949739      0.14331   -0.0441236   -0.0478825   -0.0554123   -0.0725333   -0.0856928   -0.0855466 -8.91989e-10   -0.0121028   -0.0469193
    0.147169     0.790216      0.78938     0.787544     0.786826     0.786679     0.787075     0.788723     0.785479     0.785894     0.786185     0.786376      0.78683     0.785793     0.787077     0.786706     0.781409     0.820307     0.780781     0.785482     0.786323    0.0641213    -0.174494    -0.160869   -0.0280292     0.024887    0.0400813     0.046486    0.0467997    0.0369691    0.0494149    0.0480012    0.0471279    0.0497673    0.0553672    0.0314454    0.0577538    0.0917285     0.108161   -0.0404756   -0.0648922   -0.0820512   -0.0939513   -0.0938092 -8.81208e-10   -0.0106544   -0.0468154
    0.147527     0.790069     0.789223     0.787385     0.786669     0.786522     0.786902     0.788597     0.785275     0.785708     0.786021     0.786208     0.786597     0.785714       0.7866     0.786216     0.785871     0.780781     0.818467     0.781111     0.785967    0.0685013     -0.17446    -0.160786   -0.0279635     0.024919    0.0401296    0.0465526    0.0467888    0.0365468    0.0495306    0.0483574    0.0477026    0.0494281    0.0514446    0.0270651     0.044874    0.0599775    0.0705427     0.059836   -0.0575935   -0.0867871    -0.100246    -0.100146 -8.73961e-10  -0.00949822   -0.0467252
    0.147714     0.790093     0.789242     0.787404     0.786688     0.786542     0.786914      0.78863     0.785274     0.785714     0.786037     0.786227     0.786589     0.785716     0.786542     0.786053     0.785885     0.785482     0.781111     0.817127     0.782801    0.0681115    -0.174385    -0.160688   -0.0278626      0.02501    0.0402286    0.0466584    0.0468591    0.0364398    0.0496474    0.0485811    0.0481461    0.0498302    0.0506709    0.0264032    0.0409509    0.0469764    0.0449595    0.0344153   0.00910302   -0.0811752    -0.102195     -0.10234 -8.87774e-10  -0.00899043   -0.0467466
     0.14758     0.790803     0.789959      0.78812     0.787403     0.787256     0.787638     0.789327     0.786019     0.786452     0.786767     0.786955     0.787338     0.786366      0.78725     0.786715     0.786492     0.786323     0.785967     0.782801     0.818119    0.0505881    -0.174084    -0.160414   -0.0274838    0.0254513    0.0406663    0.0470733    0.0473106    0.0372268    0.0501111    0.0490335    0.0486203    0.0503617    0.0512707    0.0273501    0.0407107    0.0432985    0.0347754    0.0166899  -0.00843746   -0.0391831    -0.100494    -0.103109 -1.04355e-09  -0.00974249   -0.0472528
    0.321102      0.05328    0.0514159    0.0518343    0.0522144    0.0525461     0.053186     0.053318      0.05075    0.0505598    0.0509488     0.051249    0.0514216    0.0575335    0.0506962    0.0526911    0.0579123    0.0641213    0.0685013    0.0681115    0.0505881      14.5854    -0.405263    -0.400586    -0.442868    -0.464527    -0.466856    -0.455924    -0.445457    -0.505569    -0.481763    -0.475777    -0.481831    -0.495704    -0.494635    -0.500096    -0.460445    -0.331729   -0.0315937      0.46255       1.0808       1.6834      2.05172      2.05191  5.08577e-10    0.0122018     0.473779
     3.74148    -0.161432    -0.110813    -0.152538    -0.168764    -0.172804    -0.173448    -0.175107    -0.175103    -0.174901    -0.174684    -0.174338    -0.172785    -0.175792    -0.174463    -0.174533    -0.174517    -0.174494     -0.17446    -0.174385    -0.174084    -0.405263      11.4317     -4.52823       -1.195     0.114175     0.463214     0.551647     0.558743     0.557565     0.583696     0.581191     0.575993     0.574924     0.591376     0.578099     0.581084     0.579581     0.575602     0.569077      0.56108      0.55371     0.550103     0.550176 -2.95294e-09   -0.0361375     0.144441
     3.66777    -0.172285   -0.0958112    -0.138242    -0.154851    -0.159005    -0.160121    -0.160538    -0.162657    -0.162111    -0.161464    -0.161029    -0.160499    -0.160606    -0.160732    -0.160981    -0.160952    -0.160869    -0.160786    -0.160688    -0.160414    -0.400586     -4.52823      11.3927     -1.22754     0.109524      0.46798     0.559476     0.564637     0.552507     0.591823      0.59065     0.588368     0.588235     0.592061      0.57117     0.581494      0.58375     0.579967     0.572735     0.563879     0.555579     0.551061     0.551128  5.90201e-09  -0.00456787     0.139398
    0.998395   -0.0318772     -0.13163    0.0821843   0.00652664    -0.017515   -0.0267551   -0.0260067   -0.0310975   -0.0300414   -0.0288313   -0.0283559   -0.0295279   -0.0257123   -0.0273279    -0.028007   -0.0280892   -0.0280292   -0.0279635   -0.0278626   -0.0274838    -0.442868       -1.195     -1.22754      8.94027     -1.79327    0.0120155      0.51459     0.539637     0.658481     0.712351      0.71281     0.716392     0.719403     0.702464     0.665316     0.689488     0.697736     0.691271     0.676831     0.658686      0.64118       0.6304     0.630473  5.26038e-09    0.0445672    0.0253628
  -0.0774985    0.0254705  -0.00572292   -0.0719271     0.148398    0.0682056    0.0295795    0.0265507    0.0223384    0.0231143    0.0242497    0.0246727    0.0233019    0.0272637     0.025783    0.0250092    0.0248704     0.024887     0.024919      0.02501    0.0254513    -0.464527     0.114175     0.109524     -1.79327      8.86498     -2.00507     -0.10925  -0.00257969      0.70249     0.755174     0.757549     0.762992     0.767158      0.74803     0.707588     0.733943     0.742824     0.735044     0.717753     0.695916       0.6748      0.66173     0.661809  6.01873e-09    0.0490336   -0.0199043
   -0.370509    0.0422933    0.0339063   0.00815016   -0.0496128     0.162675     0.053967     0.040346    0.0383985    0.0383338    0.0393944    0.0397707    0.0377904    0.0432507    0.0410868    0.0401957     0.040046    0.0400813    0.0401296    0.0402286    0.0406663    -0.466856     0.463214      0.46798    0.0120155     -2.00507      9.70161     -1.95365     -1.67046     0.702984     0.760003     0.769178      0.77921     0.784962     0.758881     0.713656      0.74419     0.755232     0.747363     0.729204     0.706268     0.684026     0.670062     0.670138  1.30595e-08    0.0664914   -0.0333763
   -0.440713    0.0492501    0.0470509    0.0377552    0.0132563   -0.0371435    0.0737347    0.0431054    0.0473531    0.0452686    0.0458929    0.0461246     0.043558    0.0503402    0.0475782    0.0465906    0.0464322     0.046486    0.0465526    0.0466584    0.0470733    -0.455924     0.551647     0.559476      0.51459     -0.10925     -1.95365      10.5151     -5.12314     0.687449     0.745912     0.768741      0.78632     0.794437     0.762136     0.713285     0.746997     0.760026     0.752508     0.734306     0.711322     0.688977     0.674749      0.67482  1.42067e-08    0.0821511   -0.0401879
   -0.445495    0.0489806    0.0475129    0.0392762    0.0172871   -0.0308522    0.0105375    0.0408071    0.0504662     0.047132    0.0469142    0.0469448    0.0457524    0.0484166    0.0477944    0.0470415    0.0468461    0.0467997    0.0467888    0.0468591    0.0473106    -0.445457     0.558743     0.564637     0.539637  -0.00257969     -1.67046     -5.12314      10.0385     0.695988     0.734045     0.759502     0.775325     0.782894     0.767658     0.729706     0.752859     0.760726     0.752973     0.735659     0.713705     0.692475     0.679376     0.679454 -2.22573e-08    0.0383369   -0.0420717
   -0.522628    0.0361097    0.0389757    0.0376678    0.0368663    0.0365658    0.0399093    0.0606561     0.236291    0.0374718    0.0291756    0.0351305     0.045517    0.0267438    0.0367596    0.0376762    0.0374855    0.0369691    0.0365468    0.0364398    0.0372268    -0.505569     0.557565     0.552507     0.658481      0.70249     0.702984     0.687449     0.695988      3.00939     -1.36365      0.73531     0.850098     0.753637     0.791156     0.813091     0.773077     0.744441     0.730262     0.713646     0.692822     0.673647     0.664815     0.664963 -1.44824e-08     -0.22312   -0.0229717
   -0.474529    0.0523205    0.0526787    0.0510123    0.0503861    0.0500192    0.0488759    0.0556283    -0.120486     0.219886     0.064795    0.0441121    0.0435696     0.056943    0.0483692     0.048636    0.0491268    0.0494149    0.0495306    0.0496474    0.0501111    -0.481763     0.583696     0.591823     0.712351     0.755174     0.760003     0.745912     0.734045     -1.36365      5.57817     -1.89856     0.520207     0.891969      0.85182     0.782912     0.794668     0.783667     0.763984     0.740628     0.714904     0.690935     0.676157     0.676238 -4.08602e-09    0.0662605   -0.0395122
   -0.469801    0.0515848    0.0516916    0.0500185    0.0494948    0.0493141      0.04798     0.052873    0.0271794    -0.082133     0.189469    0.0766701     0.047112     0.060516    0.0451636    0.0460282     0.047226    0.0480012    0.0483574    0.0485811    0.0490335    -0.475777     0.581191      0.59065      0.71281     0.757549     0.769178     0.768741     0.759502      0.73531     -1.89856      6.94708     -2.37821     0.224194     0.849567     0.778671     0.811896     0.796114     0.768778     0.742372      0.71576     0.691004     0.675193     0.675264 -7.09941e-10    0.0953242   -0.0372206
   -0.473351    0.0519672    0.0515674    0.0497996    0.0493478    0.0492578     0.047223    0.0537663    0.0473854    0.0165649   -0.0485433     0.165344    0.0795975    0.0403177     0.053963    0.0481162     0.046749    0.0471279    0.0477026    0.0481461    0.0486203    -0.481831     0.575993     0.588368     0.716392     0.762992      0.77921      0.78632     0.775325     0.850098     0.520207     -2.37821      8.42279     -2.35009     0.117373     0.344527     0.580919     0.706282     0.740995     0.739722     0.722615     0.698594     0.680052       0.6801   9.1486e-10      0.15653   -0.0371843
   -0.479323    0.0540471    0.0535081    0.0516952    0.0512584    0.0511943    0.0489422    0.0559439    0.0460481    0.0439914    0.0150694    -0.019648     0.125088   -0.0504145    0.0975108    0.0675125    0.0537918    0.0497673    0.0494281    0.0498302    0.0503617    -0.495704     0.574924     0.588235     0.719403     0.767158     0.784962     0.794437     0.782894     0.753637     0.891969     0.224194     -2.35009      10.3736     -2.21382    -0.928765    -0.235769     0.336458     0.607858     0.705422      0.72635     0.712145     0.692992     0.693022  1.61273e-09       0.1757   -0.0423493
   -0.482624      0.05173    0.0534691    0.0520747    0.0514698    0.0513853    0.0527581    0.0495044    0.0545263    0.0556236     0.045978    0.0138426   -0.0216536    -0.222457     0.168811     0.104635    0.0695514    0.0553672    0.0514446    0.0506709    0.0512707    -0.494635     0.591376     0.592061     0.702464      0.74803     0.758881     0.762136     0.767658     0.791156      0.85182     0.849567     0.117373     -2.21382      10.7033     -2.30844     -1.35927    -0.255778     0.365364     0.616304     0.698986     0.710086     0.703301     0.703395 -6.09469e-10   -0.0914713   -0.0495081
   -0.485208    0.0259313    0.0289778    0.0278754    0.0271985    0.0271201    0.0307262    0.0214696    0.0367809    0.0367939    0.0317794    0.0220184    0.0303963      0.26406     0.184964       0.1016    0.0500963    0.0314454    0.0270651    0.0264032    0.0273501    -0.500096     0.578099      0.57117     0.665316     0.707588     0.713656     0.713285     0.729706     0.813091     0.782912     0.778671     0.344527    -0.928765     -2.30844      11.2946     -2.56656    -0.576088     0.321722     0.614731     0.693462     0.704275     0.701337     0.701456 -2.46598e-09    -0.252908   -0.0144518
   -0.481742    0.0404292    0.0421825    0.0408174    0.0402216    0.0401407    0.0416073     0.038423    0.0428623    0.0441526    0.0426401    0.0364041     0.035671     0.151327    -0.116066     0.157301    0.0949739    0.0577538     0.044874    0.0409509    0.0407107    -0.460445     0.581084     0.581494     0.689488     0.733943      0.74419     0.746997     0.752859     0.773077     0.794668     0.811896     0.580919    -0.235769     -1.35927     -2.56656      11.9181      -1.9196    -0.382908     0.289194     0.546556     0.634088     0.656466     0.656583 -9.87826e-10   -0.0976914   -0.0296854
   -0.479571    0.0416837    0.0427564    0.0412703    0.0407265    0.0406526    0.0410223    0.0408535    0.0395949    0.0408933    0.0409365    0.0378855    0.0347447    0.0791492   -0.0528249   -0.0766992      0.14331    0.0917285    0.0599775    0.0469764    0.0432985    -0.331729     0.579581      0.58375     0.697736     0.742824     0.755232     0.760026     0.760726     0.744441     0.783667     0.796114     0.706282     0.336458    -0.255778    -0.576088      -1.9196      11.8936     -2.12357    -0.667009    0.0686673     0.385027     0.489128     0.489346  7.06427e-11   -0.0169553   -0.0318588
    -0.47583    0.0284202    0.0294081    0.0279525    0.0274345    0.0273711     0.027643    0.0276928    0.0257944    0.0267082    0.0270834    0.0259986     0.024324    0.0363863   -0.0128838   -0.0421415   -0.0441236     0.108161    0.0705427    0.0449595    0.0347754   -0.0315937     0.575602     0.579967     0.691271     0.735044     0.747363     0.752508     0.752973     0.730262     0.763984     0.768778     0.740995     0.607858     0.365364     0.321722    -0.382908     -2.12357      12.2968     -2.07351    -0.817541    -0.163538    0.0836951    0.0842171  4.32053e-10    -0.008795   -0.0225413
    -0.46712   0.00326909   0.00428406   0.00292595   0.00244323    0.0023962   0.00278429   0.00245702   0.00108733   0.00174154    0.0021872   0.00209068   0.00179984   0.00133273   -0.0118458   -0.0291914   -0.0478825   -0.0404756     0.059836    0.0344153    0.0166899      0.46255     0.569077     0.572735     0.676831     0.717753     0.729204     0.734306     0.735659     0.713646     0.740628     0.742372     0.739722     0.705422     0.616304     0.614731     0.289194    -0.667009     -2.07351      12.9548     -1.89411    -0.996893    -0.595451    -0.594433   5.3706e-10   -0.0159543  -0.00501034
   -0.455065   -0.0286403   -0.0276014   -0.0288345   -0.0292707   -0.0292969   -0.0287768   -0.0295398   -0.0302502   -0.0297822   -0.0293644   -0.0290278   -0.0284747   -0.0336428   -0.0323888   -0.0412138   -0.0554123   -0.0648922   -0.0575935   0.00910302  -0.00843746       1.0808      0.56108     0.563879     0.658686     0.695916     0.706268     0.711322     0.713705     0.692822     0.714904      0.71576     0.722615      0.72635     0.698986     0.693462     0.546556    0.0686673    -0.817541     -1.89411      13.3902      -1.9252     -1.46352     -1.46203  4.85775e-10   -0.0239834    0.0170616
   -0.442959   -0.0592944   -0.0582154   -0.0593235   -0.0597159   -0.0597222   -0.0590465   -0.0603084   -0.0602366   -0.0599554   -0.0596859   -0.0592587   -0.0581358   -0.0647517    -0.059011   -0.0634244   -0.0725333   -0.0820512   -0.0867871   -0.0811752   -0.0391831       1.6834      0.55371     0.555579      0.64118       0.6748     0.684026     0.688977     0.692475     0.673647     0.690935     0.691004     0.698594     0.712145     0.710086     0.704275     0.634088     0.385027    -0.163538    -0.996893      -1.9252       13.403     -2.35067     -2.34947  6.36963e-11   -0.0338462    0.0382803
   -0.434603   -0.0772669   -0.0761031   -0.0771226   -0.0774928   -0.0774881   -0.0766191   -0.0784593   -0.0774261   -0.0773366   -0.0772914   -0.0769169   -0.0752768   -0.0826488   -0.0761096   -0.0788951   -0.0856928   -0.0939513    -0.100246    -0.102195    -0.100494      2.05172     0.550103     0.551061       0.6304      0.66173     0.670062     0.674749     0.679376     0.664815     0.676157     0.675193     0.680052     0.692992     0.703301     0.701337     0.656466     0.489128    0.0836951    -0.595451     -1.46352     -2.35067      12.9853     -3.01738 -1.16973e-09   -0.0471853    0.0507334
   -0.434559   -0.0771246   -0.0759595    -0.076979   -0.0773495   -0.0773448   -0.0764739   -0.0783194   -0.0772765   -0.0771886   -0.0771456   -0.0767717   -0.0751268   -0.0825104    -0.075968   -0.0787515   -0.0855466   -0.0938092    -0.100146     -0.10234    -0.103109      2.05191     0.550176     0.551128     0.630473     0.661809     0.670138      0.67482     0.679454     0.664963     0.676238     0.675264       0.6801     0.693022     0.703395     0.701456     0.656583     0.489346    0.0842171    -0.594433     -1.46203     -2.34947     -3.01738      12.9796 -1.18926e-09   -0.0473368    0.0506379
   5.398e-09  9.21275e-10  -9.1963e-10 -8.93403e-10 -7.49731e-10  -9.0383e-10 -7.74175e-09  -7.1993e-10 -7.88367e-10 -9.05226e-10 -8.95976e-10  -9.0432e-10 -1.10523e-09 -5.53781e-10 -8.52461e-10 -8.86643e-10 -8.91989e-10 -8.81208e-10 -8.73961e-10 -8.87774e-10 -1.04355e-09  5.08577e-10 -2.95294e-09  5.90201e-09  5.26038e-09  6.01873e-09  1.30595e-08  1.42067e-08 -2.22573e-08 -1.44824e-08 -4.08602e-09 -7.09941e-10   9.1486e-10  1.61273e-09 -6.09469e-10 -2.46598e-09 -9.87826e-10  7.06427e-11  4.32053e-10   5.3706e-10  4.85775e-10  6.36963e-11 -1.16973e-09 -1.18926e-09         2.25 -1.00832e-08  1.18381e-10
    0.013952   -0.0020038  -0.00773884  -0.00874464    -0.008303  -0.00825138   -0.0174673   0.00853389   -0.0364244   -0.0290831   -0.0197735   -0.0178016   -0.0396259    0.0230062  -0.00888084   -0.0125348   -0.0121028   -0.0106544  -0.00949822  -0.00899043  -0.00974249    0.0122018   -0.0361375  -0.00456787    0.0445672    0.0490336    0.0664914    0.0821511    0.0383369     -0.22312    0.0662605    0.0953242      0.15653       0.1757   -0.0914713    -0.252908   -0.0976914   -0.0169553    -0.008795   -0.0159543   -0.0239834   -0.0338462   -0.0471853   -0.0473368 -1.00832e-08     0.677238  0.000357154
    0.479341   -0.0486534   -0.0496137   -0.0481252   -0.0475936   -0.0475263   -0.0477089    -0.047569   -0.0464022   -0.0469342     -0.04724   -0.0473863   -0.0475584   -0.0467687   -0.0475045    -0.047079   -0.0469193   -0.0468154   -0.0467252   -0.0467466   -0.0472528     0.473779     0.144441     0.139398    0.0253628   -0.0199043   -0.0333763   -0.0401879   -0.0420717   -0.0229717   -0.0395122   -0.0372206   -0.0371843   -0.0423493   -0.0495081   -0.0144518   -0.0296854   -0.0318588   -0.0225413  -0.00501034    0.0170616    0.0382803    0.0507334    0.0506379  1.18381e-10  0.000357154    0.0370465
* row and column names
in_inst:0_usecol:1_direct_idx0:18.75
in_inst:0_usecol:1_direct_idx0:21.25
in_inst:0_usecol:1_direct_idx0:23.75
in_inst:0_usecol:1_direct_idx0:26.25
in_inst:0_usecol:1_direct_idx0:28.75
in_inst:0_usecol:1_direct_idx0:31.25
in_inst:0_usecol:1_direct_idx0:33.75
in_inst:0_usecol:1_direct_idx0:36.25
in_inst:0_usecol:1_direct_idx0:38.75
in_inst:0_usecol:1_direct_idx0:41.25
in_inst:0_usecol:1_direct_idx0:43.75
in_inst:0_usecol:1_direct_idx0:46.25
in_inst:0_usecol:1_direct_idx0:48.75
in_inst:0_usecol:1_direct_idx0:51.25
in_inst:0_usecol:1_direct_idx0:53.75
in_inst:0_usecol:1_direct_idx0:56.25
in_inst:0_usecol:1_direct_idx0:58.75
in_inst:0_usecol:1_direct_idx0:61.25
in_inst:0_usecol:1_direct_idx0:63.75
in_inst:0_usecol:1_direct_idx0:66.25
in_inst:0_usecol:1_direct_idx0:68.75
in_inst:0_usecol:1_direct_idx0:71.25
out_inst:0_usecol:2_direct_idx0:18.75
out_inst:0_usecol:2_direct_idx0:21.25
out_inst:0_usecol:2_direct_idx0:23.75
out_inst:0_usecol:2_direct_idx0:26.25
out_inst:0_usecol:2_direct_idx0:28.75
out_inst:0_usecol:2_direct_idx0:31.25
out_inst:0_usecol:2_direct_idx0:33.75
out_inst:0_usecol:2_direct_idx0:36.25
out_inst:0_usecol:2_direct_idx0:38.75
out_inst:0_usecol:2_direct_idx0:41.25
out_inst:0_usecol:2_direct_idx0:43.75
out_inst:0_usecol:2_direct_idx0:46.25
out_inst:0_usecol:2_direct_idx0:48.75
out_inst:0_usecol:2_direct_idx0:51.25
out_inst:0_usecol:2_direct_idx0:53.75
out_inst:0_usecol:2_direct_idx0:56.25
out_inst:0_usecol:2_direct_idx0:58.75
out_inst:0_usecol:2_direct_idx0:61.25
out_inst:0_usecol:2_direct_idx0:63.75
out_inst:0_usecol:2_direct_idx0:66.25
out_inst:0_usecol:2_direct_idx0:68.75
out_inst:0_usecol:2_direct_idx0:71.25
p_inst:0_usecol:1_direct_idx0:diffusioncoefficient
p_inst:0_usecol:1_direct_idx0:dispersivity
tot_inst:0_usecol:1_direct
