   123   123     1
     5.74232     0.257763     0.173068     0.259065     0.259824     0.264931     0.257251     0.287342     0.219339     0.290235     0.286438     0.284358     0.304036     0.288666     0.321581       0.2599     0.275759     0.304745      0.31551     0.322452     0.304183     0.308479     0.323689     0.297996     0.280373     0.312152     0.328672     0.327777     0.303896     0.292948     0.320015     0.319063     0.265379     0.227688     0.295497     0.290794     0.256505     0.277179      0.26971      0.25312     0.258126     0.306425     0.286471      0.27569     0.294567     0.291372     0.271073     0.264455     0.369479      0.27977     0.396807     0.261308     0.137977     0.220153     0.233687  0.000141296     0.269124     0.022883    -0.960011      -5.9294      1.49718   -0.0226706   -0.0289067   -0.0377202   -0.0393596   -0.0452905   -0.0512624    -0.055207   -0.0492744   -0.0487843   -0.0503994   -0.0527176   -0.0566071   -0.0599148   -0.0655678   -0.0709862    -0.073359   -0.0748124   -0.0751557   -0.0764835   -0.0772565   -0.0745446   -0.0725015   -0.0764514    -0.072542   -0.0717981   -0.0702528   -0.0699185   -0.0720999   -0.0718266   -0.0723379   -0.0716622   -0.0771789   -0.0778643   -0.0722568   -0.0689982   -0.0664648   -0.0633908   -0.0625316   -0.0626017   -0.0621445   -0.0617534   -0.0601252   -0.0588872   -0.0574835   -0.0584077    -0.060389   -0.0639242   -0.0714564   -0.0919639    -0.117932    -0.111926   -0.0969495    -0.184592    -0.130857   -0.0957437  -0.00853135    -0.102064    -0.554159      2.67614 -1.56865e-07  -0.00742253   -0.0319006
    0.257763     0.293446   -0.0797234     0.272644     0.120682     0.201778     0.234678     0.246739     0.126521     0.193822     0.209007     0.209425     0.228748     0.229907     0.294528     0.243882     0.250487      0.26473      0.27031     0.284439      0.27032     0.268748      0.28706     0.277127     0.260153     0.280949     0.288026     0.291071      0.28147     0.272251     0.291631     0.294525     0.269408     0.238948     0.285776     0.277758     0.253541     0.263407     0.265073     0.265194     0.255619      0.27953     0.260207     0.264892     0.271354      0.26107     0.241915     0.232819      0.29578     0.162369      0.22151     0.124002    0.0529705     0.260391     0.230306   0.00366837     0.219978    0.0102008     0.242376     0.123115    -0.042459    0.0341976    0.0168995     0.017727    0.0157732    0.0169882    0.0185465    0.0192071    0.0178978    0.0167799    0.0156657    0.0141694    0.0123545    0.0100533    0.0076034   0.00537213   0.00359786     0.001876  0.000683441  0.000225693  0.000575026   0.00182422   0.00299529   0.00362434   0.00517547    0.0063044   0.00678041   0.00702841   0.00699168   0.00660667   0.00617048   0.00541857    0.0029612   0.00203811 -0.000497686  -0.00258814  -0.00452529   -0.0079673  -0.00906497  -0.00955609  -0.00951387  -0.00920662  -0.00960135   -0.0122643   -0.0131998   -0.0153655   -0.0171906    -0.018331   -0.0200916   -0.0269664    -0.035843   -0.0328373   -0.0218504    -0.017222   -0.0530932   -0.0475534   0.00185895   -0.0559177   -0.0421282   -0.0535884  1.24234e-08    0.0392546  -0.00591615
    0.173068   -0.0797234      5.81753     -0.19953     0.486566     0.260005      0.22172     0.254105     0.213198     0.263424     0.235101     0.211993      0.21199     0.197094      0.22926     0.187666     0.195206     0.209728      0.21349     0.220077     0.206584     0.205596     0.217495     0.206012     0.192841     0.209301     0.215996     0.218157      0.20994     0.202965     0.218456     0.222681     0.205307     0.182105      0.21572     0.209352     0.191477     0.196607     0.199642      0.20203     0.190466     0.203536     0.191186     0.199961     0.203053     0.195711     0.183333     0.175974     0.210106    0.0882475     0.129375    0.0754887    0.0266458     0.242241     0.203183   0.00363014     0.172917   0.00766856     0.199694    0.0948186   -0.0159201    -0.225489    -0.247339   -0.0558122    -0.030609   -0.0270294   -0.0253567   -0.0240436   -0.0174183   -0.0141575   -0.0111294  -0.00742481  -0.00376364  1.91876e-05   0.00353536   0.00729395    0.0108953    0.0137962    0.0162348    0.0190124     0.022024    0.0245203    0.0266885    0.0301562    0.0313023    0.0328834    0.0332079    0.0336181    0.0346401    0.0342815     0.034013    0.0328737    0.0326169    0.0315788    0.0263501     0.022878    0.0201576    0.0161708    0.0148134    0.0141121    0.0139641    0.0141519    0.0129508   0.00981118   0.00855801   0.00687605   0.00557679   0.00478442   0.00376181  0.000518387  -0.00440883  -0.00698392    0.0021896     0.140962    0.0953869     0.051583   0.00859586    0.0481997    0.0627741   -0.0219341 -7.21581e-08    0.0139428  -0.00261439
    0.259065     0.272644     -0.19953     0.528946    -0.162293     0.258904     0.249252     0.260482      0.13275     0.203018     0.216745     0.214315     0.232432     0.234375     0.305942     0.254636     0.260504     0.273436     0.278171     0.293637     0.279166     0.276599     0.295925     0.287324     0.269686     0.290017     0.296096     0.299411     0.290875     0.281419     0.300643     0.303736     0.280476     0.249744     0.296678     0.288086     0.263907     0.273354     0.275908     0.277748     0.266704      0.28938     0.268873     0.274896     0.280341     0.268612     0.248428     0.238618     0.300377     0.158138     0.211678      0.11195    0.0444314     0.267923     0.240349    0.0042588     0.222285    0.0112131     0.258975     0.123377   -0.0414501    0.0129777    0.0220012   -0.0523393    0.0161083    0.0189641    0.0210846    0.0221284     0.020777     0.019732    0.0188637    0.0178025    0.0165037    0.0146093    0.0125247     0.010564   0.00879664   0.00691715   0.00546963   0.00482451   0.00496333   0.00588263   0.00673781   0.00725967   0.00848902   0.00948761   0.00976607   0.00988194   0.00979495   0.00931936   0.00885737   0.00805299   0.00552312   0.00465866   0.00185383 -0.000483716  -0.00271238  -0.00675551  -0.00798148  -0.00846745  -0.00844107  -0.00812677  -0.00867556   -0.0118227   -0.0130139   -0.0154322   -0.0172968   -0.0181541   -0.0193476   -0.0252345   -0.0325835   -0.0277858   -0.0159881    -0.021235   -0.0546785   -0.0544424   0.00392365   -0.0646752   -0.0426612   -0.0513038 -2.93119e-09    0.0497173  -0.00773864
    0.259824     0.120682     0.486566    -0.162293      1.58346    -0.196426     0.289422     0.240261     0.261066      0.31174     0.285714     0.283377     0.299116     0.268591     0.248079     0.189766     0.209622      0.24558     0.258779     0.254109     0.235536     0.243611     0.251392     0.218966     0.205218     0.235856     0.256692     0.256796      0.23245     0.223866     0.249767     0.253791      0.20643        0.173     0.225699     0.222019     0.193361     0.206409     0.201589     0.187117     0.185036     0.219225     0.211457     0.210427     0.225984     0.229215     0.220039     0.215901      0.28338     0.185704     0.306734      0.24203     0.129906     0.300791     0.203954 -0.000515942     0.244901   0.00222141     0.133285     0.138689   -0.0416521    0.0466063    0.0769245    0.0642774    -0.130976   -0.0730314   -0.0814301   -0.0849534   -0.0716493   -0.0653761   -0.0613265   -0.0579977   -0.0558762   -0.0525467   -0.0496029   -0.0454941   -0.0390621   -0.0322079   -0.0252176   -0.0185404   -0.0113588  -0.00377008   0.00307462   0.00980398    0.0150413    0.0190086     0.021582    0.0235812    0.0257014     0.026055    0.0258793    0.0246234    0.0249532     0.022802    0.0177486    0.0151348    0.0140915     0.014225    0.0134425    0.0123714    0.0123384    0.0125826    0.0125089    0.0128602    0.0135897    0.0135615    0.0118923   0.00779792  0.000724941   -0.0138668   -0.0364786   -0.0599424   -0.0553904     0.257751     0.140416     0.147249  -0.00909296     0.161843    0.0950696   -0.0625005  4.60659e-09   -0.0823452    0.0106489
    0.264931     0.201778     0.260005     0.258904    -0.196426     0.892032    -0.119019     0.359515     0.198882     0.251505     0.248837     0.250462     0.269916     0.256099     0.280867      0.22515     0.238623     0.264067     0.273397     0.278524     0.261597     0.264606     0.278243     0.256778     0.240932     0.267084     0.281161     0.282802     0.265688     0.256502      0.27964     0.283236     0.246616     0.213837      0.26483     0.258686      0.23162     0.243235     0.241862     0.235003      0.22862     0.258011     0.243824     0.246082     0.257069     0.253057     0.238276     0.231293      0.29765     0.176807     0.267384     0.183807    0.0910569     0.288907     0.226172    0.0017965     0.238701    0.0065769     0.198175     0.134832   -0.0420059    0.0197484    0.0279556    0.0261014    0.0195902    -0.057838   -0.0304504   -0.0326382   -0.0271762   -0.0246308   -0.0230428   -0.0219185    -0.021571    -0.020896   -0.0205268   -0.0194988   -0.0171399   -0.0145886   -0.0117258  -0.00863658  -0.00489265 -0.000486386   0.00349858   0.00718772    0.0106028    0.0131793    0.0146831    0.0157866    0.0168139    0.0167748     0.016455    0.0154285    0.0142909    0.0127417   0.00884033    0.0063963    0.0048118   0.00297653   0.00199405   0.00119759   0.00119872   0.00148189   0.00118999 -0.000143446 -0.000319928  -0.00151516  -0.00330937  -0.00590957   -0.0103047   -0.0210934   -0.0368469    -0.046537   -0.0381344     0.121199    0.0463798    0.0491204  -0.00295557    0.0516378     0.027624   -0.0581949  2.75371e-09   -0.0192014   0.00199263
    0.257251     0.234678      0.22172     0.249252     0.289422    -0.119019      0.81188    -0.210566     0.357618     0.301664     0.233266     0.220999     0.242652     0.239768     0.286518     0.234126     0.243922     0.263152       0.2702     0.279945     0.264459     0.264828     0.280778      0.26567     0.249298       0.2723      0.28243      0.28483     0.271992     0.262864     0.283759     0.287033     0.257226     0.226021     0.274163     0.267017       0.2418     0.252209     0.252645     0.249866     0.241521     0.267312     0.250504     0.254389     0.262647     0.255192     0.238216     0.230087     0.293171     0.165149     0.237098     0.147614    0.0681369     0.273125      0.22805   0.00287746     0.226478   0.00855123      0.22201     0.127069   -0.0409889    0.0126467    0.0133567     0.011267    0.0127935    0.0116438    -0.034471  -0.00854376  -0.00293877  -0.00291732  -0.00281202  -0.00284984   -0.0033115  -0.00390516   -0.0047325  -0.00517444  -0.00485413   -0.0044799  -0.00372507  -0.00247395 -0.000508364   0.00217875   0.00462871    0.0067522    0.0090815     0.010871    0.0117848    0.0124134    0.0129031    0.0126661    0.0122877    0.0113904   0.00962009    0.0084163   0.00512695   0.00279846  0.000963433  -0.00182858  -0.00289628  -0.00353269   -0.0035184  -0.00322644  -0.00362315  -0.00574989  -0.00638051  -0.00811007  -0.00990118   -0.0116567    -0.014515    -0.022891   -0.0345361   -0.0373406   -0.0275325    0.0520663  -0.00178487 -5.50686e-05  0.000186028  -0.00345656   -0.0059368   -0.0540292  1.18042e-09    0.0127515  -0.00244499
    0.287342     0.246739     0.254105     0.260482     0.240261     0.359515    -0.210566       1.2608     -1.21499   -0.0203155     0.251838     0.257926     0.266723     0.259995     0.307596      0.25195      0.26538     0.289868     0.299074      0.30816     0.290507      0.29188     0.308305     0.289031     0.271127     0.297777     0.310459      0.31269     0.296678     0.286598     0.310494     0.313983     0.277956     0.242995      0.29748      0.29011     0.261496     0.273733     0.273231     0.268173     0.260327     0.290771     0.273173       0.2762     0.286638     0.279866     0.261915      0.25349     0.325469     0.189723     0.276797     0.178951    0.0855307     0.301232     0.249426   0.00266277     0.253697   0.00844163     0.235388     0.144549   -0.0453088    0.0213419    0.0260016    0.0268186    0.0298589    0.0305774    0.0286805   -0.0345125   -0.0166685   -0.0120013   -0.0112802   -0.0111417   -0.0116803   -0.0121038   -0.0128095   -0.0130616   -0.0123201   -0.0114677   -0.0101556   -0.0084159  -0.00590413  -0.00245831  0.000669513   0.00317404   0.00611689   0.00828204   0.00951546    0.0103542    0.0109503    0.0107847    0.0103876   0.00944723   0.00752961   0.00611975     0.002764  0.000456781  -0.00124894  -0.00368435  -0.00472292  -0.00544724   -0.0054145  -0.00509443  -0.00540622  -0.00731712  -0.00775732  -0.00943157   -0.0113974   -0.0136893   -0.0175825   -0.0281855   -0.0430329   -0.0478284   -0.0371915    0.0690125    0.0095468    0.0120284  -0.00144221    0.0101511 -0.000145223   -0.0616391  1.83688e-09   0.00203017  -0.00100787
    0.219339     0.126521     0.213198      0.13275     0.261066     0.198882     0.357618     -1.21499      9.73528     -2.61935     -0.35339     0.173485     0.223288     0.188692     0.189594     0.154194     0.173918     0.204698      0.21717     0.217145     0.202536     0.207665     0.215202     0.190633     0.178724     0.202748     0.218153     0.218061     0.199238     0.191938     0.212544      0.21482     0.176734     0.149442      0.19372      0.19042     0.166794     0.178287     0.174229     0.162888     0.162159     0.191397     0.182809     0.180547     0.193149     0.194167     0.184635     0.180741     0.240646     0.162955     0.256394     0.191833     0.102105     0.222824     0.170784 -0.000100939     0.198256   0.00223006     0.128811     0.119391   -0.0333528    0.0312133    0.0468974    0.0548849    0.0632455    0.0665083    0.0671863    0.0631117    -0.058631   -0.0480712   -0.0430159   -0.0401163   -0.0402332    -0.039394   -0.0388244   -0.0376455   -0.0349921   -0.0320237   -0.0286522   -0.0254513   -0.0217741   -0.0170855   -0.0128659  -0.00977364  -0.00596544  -0.00344044  -0.00161446 -0.000367085  0.000482834  0.000733076  0.000534648 -6.28871e-05  -0.00101646  -0.00242952  -0.00435449  -0.00531475  -0.00550003  -0.00492628  -0.00523003  -0.00588916  -0.00582318  -0.00560402  -0.00541067  -0.00513338  -0.00449239  -0.00475622  -0.00613483  -0.00920472   -0.0148515   -0.0274963   -0.0458369   -0.0575875   -0.0512611     0.116494     0.062771    0.0673158   -0.0073503    0.0742952    0.0344709   -0.0520876  5.96478e-09   -0.0486868   0.00630116
    0.290235     0.193822     0.263424     0.203018      0.31174     0.251505     0.301664   -0.0203155     -2.61935      8.48726     -2.81831    -0.418129     0.238295     0.266174     0.252642     0.202323     0.229981     0.270864     0.289044     0.293911     0.275893     0.281152     0.292928     0.264308     0.247569     0.277622     0.295334     0.295711     0.273387     0.263598     0.289781     0.292653     0.246246     0.210579     0.268255      0.26307     0.232534     0.247156     0.243001     0.230688     0.228258     0.265072     0.251571     0.249724     0.264732     0.263588     0.249128     0.243029     0.321429     0.211263     0.323699     0.232307     0.120953     0.289156     0.232136  0.000663273     0.258646   0.00445838     0.191654     0.155624   -0.0440377    0.0414514    0.0589635    0.0693436    0.0798631    0.0852223    0.0855584    0.0789468    0.0151686   -0.0544845   -0.0504025    -0.041129   -0.0404681   -0.0402254   -0.0403097   -0.0396779   -0.0376084   -0.0352856    -0.032381   -0.0294612   -0.0258657   -0.0208898   -0.0163968   -0.0134514  -0.00920354   -0.0064059   -0.0043931  -0.00306858  -0.00231494   -0.0021243  -0.00243425  -0.00314424  -0.00489786  -0.00655411  -0.00870192  -0.00991274   -0.0103455    -0.010269   -0.0107393   -0.0115127   -0.0114147   -0.0111132   -0.0109328   -0.0111444    -0.010612   -0.0113592   -0.0132159   -0.0167408   -0.0232446   -0.0385592    -0.060315    -0.071069   -0.0614467     0.106787    0.0502014    0.0550525   -0.0075441    0.0601014    0.0223571   -0.0670569  4.95756e-09   -0.0423712   0.00530686
    0.286438     0.209007     0.235101     0.216745     0.285714     0.248837     0.233266     0.251838     -0.35339     -2.81831       9.0938     -2.79302    -0.350812     0.282744     0.277485     0.191736      0.21713     0.260806     0.283124      0.29265     0.276597     0.281335      0.29427      0.26826     0.251108      0.27966      0.29546      0.29597     0.275351     0.265575     0.290768     0.293479     0.249951     0.215037     0.271466     0.265895     0.236177     0.250304     0.246874     0.236242     0.233072      0.26838     0.253792     0.252549     0.266413     0.263842     0.248479     0.241925     0.318916     0.206265     0.310675     0.216826     0.111222     0.281337     0.232149     0.001105     0.252865   0.00525821     0.201126     0.152078     -0.04354     0.037335     0.051958    0.0617756    0.0719337    0.0792948    0.0825852    0.0772746    0.0511388     0.011195   -0.0468532   -0.0378648   -0.0327059    -0.032407   -0.0336175   -0.0335684   -0.0323797   -0.0310105   -0.0290414   -0.0269052   -0.0240864   -0.0199065   -0.0161182   -0.0138797   -0.0101981  -0.00779372  -0.00605122   -0.0049403  -0.00442715  -0.00432191  -0.00465617  -0.00530175  -0.00733897  -0.00884431   -0.0106778   -0.0118046   -0.0123162   -0.0126088   -0.0131023   -0.0138018   -0.0136956   -0.0133905   -0.0132428   -0.0137692   -0.0134194    -0.014386   -0.0162366   -0.0194016   -0.0252567   -0.0395613   -0.0595763    -0.067329    -0.057112    0.0762252    0.0290128    0.0337248  -0.00625921    0.0362509   0.00763632   -0.0652354  4.02333e-09   -0.0288276    0.0033961
    0.284358     0.209425     0.211993     0.214315     0.283377     0.250462     0.220999     0.257926     0.173485    -0.418129     -2.79302      8.90743     -2.76324   -0.0766369     0.341973     0.202895     0.202478     0.244489     0.272563     0.286167     0.272637     0.278544      0.29195     0.265888     0.249024     0.277187     0.292876     0.292994     0.272179     0.262418     0.287429     0.290008     0.246398     0.211807     0.267992     0.262597     0.233049     0.247229     0.243632     0.232756     0.229967     0.265355      0.25095     0.249365     0.263315     0.260939     0.245766     0.239358     0.316241     0.206075     0.310347     0.216932     0.111635     0.277098     0.228507   0.00100813     0.250461   0.00509452     0.197371     0.150821   -0.0435679    0.0290862     0.041986    0.0504525    0.0601916     0.068842    0.0758436      0.07633    0.0643683    0.0470942    0.0135138   -0.0398864   -0.0319209   -0.0302451   -0.0342842   -0.0346422   -0.0335823   -0.0322592   -0.0302624   -0.0280883   -0.0252605   -0.0211161   -0.0173575   -0.0152132   -0.0114346  -0.00901473   -0.0072724  -0.00618167  -0.00571881  -0.00560203  -0.00593476  -0.00655061  -0.00861196   -0.0100993   -0.0117581   -0.0127671    -0.013182   -0.0133348   -0.0137867   -0.0144683   -0.0143548   -0.0140514   -0.0138553   -0.0142787   -0.0138822   -0.0148077   -0.0166402   -0.0198148   -0.0256972   -0.0400553   -0.0601213   -0.0678507   -0.0577921    0.0729143    0.0264077    0.0327651  -0.00657957    0.0354289   0.00604351   -0.0652915  6.14948e-09   -0.0295063   0.00338056
    0.304036     0.228748      0.21199     0.232432     0.299116     0.269916     0.242652     0.266723     0.223288     0.238295    -0.350812     -2.76324      7.15288     -2.65103     0.141214     0.329302     0.253254      0.25593     0.279848     0.299785     0.289269     0.297557     0.312865     0.286182     0.267928     0.298267     0.314483      0.31454     0.292224     0.281668     0.308275     0.311012     0.264721     0.227763     0.287807     0.281988      0.25045     0.265545     0.261834     0.250469     0.247292     0.284912     0.269323     0.267802     0.282539     0.279774     0.263398     0.256455     0.338429     0.219522     0.329966     0.229778     0.117918     0.297344     0.244555   0.00115542      0.26764   0.00565581      0.21225     0.160314   -0.0470287    0.0204386    0.0311873    0.0372908    0.0460105    0.0544184    0.0631927    0.0685777    0.0643901    0.0587111    0.0464857    0.0132572   -0.0248169   -0.0226384   -0.0341864   -0.0356944   -0.0346447   -0.0335078   -0.0313815   -0.0288938   -0.0257334   -0.0212506   -0.0172007   -0.0148017    -0.011047  -0.00861386  -0.00681444  -0.00566622  -0.00516681  -0.00505797  -0.00541672  -0.00609343  -0.00828754     -0.00987   -0.0117118   -0.0128417   -0.0133386   -0.0136063   -0.0141179    -0.014843   -0.0147233   -0.0143966   -0.0141995   -0.0147097   -0.0143256    -0.015352   -0.0173192   -0.0206613   -0.0268178    -0.041915    -0.063023   -0.0712114   -0.0605304    0.0779603      0.02613    0.0340049  -0.00683664    0.0366767   0.00590817    -0.069822  8.38119e-09   -0.0297378   0.00326915
    0.288666     0.229907     0.197094     0.234375     0.268591     0.256099     0.239768     0.259995     0.188692     0.266174     0.282744   -0.0766369     -2.65103      6.52263     -2.37093     0.254735     0.341773     0.276173     0.258628     0.275896     0.271949     0.282358     0.300145     0.277517     0.260755     0.288703     0.303252       0.3034     0.283474      0.27322     0.297986     0.300697     0.258945      0.22394     0.280391     0.274377     0.244791      0.25862     0.255898     0.246696     0.242464     0.276847     0.261104     0.260744     0.273752     0.269869     0.253516     0.246385     0.322947     0.204085     0.303552     0.206782     0.104341     0.285754     0.236586   0.00154568     0.253615   0.00627208     0.211668     0.150054   -0.0450443    0.0121009    0.0186549    0.0214572    0.0275694    0.0336228    0.0408676     0.047225     0.047943    0.0478751    0.0456767    0.0357457    0.0150255  -0.00616888    -0.024433   -0.0280575   -0.0261913   -0.0259891   -0.0247642   -0.0227138   -0.0199726   -0.0161491   -0.0126486   -0.0104862  -0.00698514  -0.00470554   -0.0031799  -0.00222457   -0.0017954  -0.00177906   -0.0021416  -0.00284192  -0.00496217  -0.00642172  -0.00846829  -0.00980624   -0.0105768    -0.011404    -0.012024   -0.0127061   -0.0126089   -0.0122948   -0.0122168   -0.0130796   -0.0129306    -0.014113   -0.0160097   -0.0189166   -0.0241932    -0.037505   -0.0560491    -0.062544   -0.0521609    0.0661839    0.0160724    0.0230339  -0.00513591    0.0240516  0.000829236   -0.0652298    8.233e-09   -0.0184739   0.00178368
    0.321581     0.294528      0.22926     0.305942     0.248079     0.280867     0.286518     0.307596     0.189594     0.252642     0.277485     0.341973     0.141214     -2.37093      4.77394     -2.53336    -0.286243     0.254563     0.309913      0.30762     0.297681     0.311427     0.340281     0.326593     0.308809     0.338783     0.351474     0.353229       0.3355     0.323652     0.349488      0.35285     0.313844     0.275158     0.335979     0.327559     0.295848     0.309596     0.309222     0.304288      0.29565     0.329558     0.308797     0.311852     0.323074     0.314491     0.293463     0.283749     0.365241     0.213907      0.30648     0.192478    0.0908301     0.325081     0.279453   0.00322606     0.280308   0.00980638     0.272595     0.162245     -0.05005    0.0152522    0.0175956    0.0183762     0.022375    0.0272589    0.0329088    0.0375936     0.037855    0.0369046    0.0338132    0.0272751    0.0143293  -0.00831403  -0.00987519   -0.0194683   -0.0127911   -0.0093938  -0.00971753  -0.00936206   -0.0078026  -0.00536305   -0.0029146   -0.0011314   0.00112587   0.00276097   0.00368612   0.00427162    0.0045132    0.0042479   0.00377171   0.00288165  0.000207062  -0.00123369  -0.00416986   -0.0063649  -0.00810815   -0.0108213   -0.0118859   -0.0126018   -0.0125351   -0.0121729   -0.0124422   -0.0146782   -0.0152107   -0.0172334   -0.0194276   -0.0217698   -0.0258614    -0.037632   -0.0535972    -0.055303   -0.0423131    0.0334995   -0.0148238   -0.0123888  -0.00114781   -0.0170695   -0.0203051   -0.0684772  3.46656e-09    0.0131876  -0.00223735
      0.2599     0.243882     0.187666     0.254636     0.189766      0.22515     0.234126      0.25195     0.154194     0.202323     0.191736     0.202895     0.329302     0.254735     -2.53336      9.06554     -2.79857    -0.529446     0.186519     0.257209     0.224824     0.231406      0.26124     0.259046     0.249461     0.275451     0.286438     0.288219      0.27444     0.264468     0.284748     0.287087     0.256457      0.22535      0.27433     0.267355     0.241939     0.252985     0.252926     0.249568     0.242416     0.269497     0.252065     0.254601     0.263283     0.255656     0.238085     0.229991     0.296015     0.172771     0.244401     0.149917    0.0697703     0.257924     0.227405   0.00280901     0.224967   0.00822245     0.226827     0.131264    -0.039968    0.0154269     0.017166    0.0181939    0.0214398     0.026125    0.0317044    0.0367718    0.0378613    0.0388583     0.038538    0.0356976    0.0290847    0.0149263   0.00594752   -0.0240539   -0.0229563  -0.00851516  -0.00549184  -0.00660869  -0.00621906  -0.00504645  -0.00356784  -0.00261823   -0.0010748 -4.46458e-05  0.000413805  0.000659054  0.000627021  0.000338412 -7.24794e-05 -0.000726841  -0.00314259  -0.00423285  -0.00627821  -0.00792594  -0.00932043   -0.0116206   -0.0124639   -0.0130007    -0.012938   -0.0126437   -0.0128497   -0.0147783   -0.0152677   -0.0170096   -0.0187848   -0.0205293   -0.0236238    -0.032932   -0.0452914   -0.0447061   -0.0335776   0.00574216   -0.0240586    -0.023295 -0.000415297   -0.0285639   -0.0260858   -0.0547204  1.62935e-09    0.0173431  -0.00258511
    0.275759     0.250487     0.195206     0.260504     0.209622     0.238623     0.243922      0.26538     0.173918     0.229981      0.21713     0.202478     0.253254     0.341773    -0.286243     -2.79857      9.42399     -2.88863    -0.401492     0.241029     0.248239     0.232403     0.256495     0.257685     0.253411      0.28511     0.300047     0.302718     0.287035       0.2764      0.29798     0.299844      0.26508     0.232056     0.284792     0.277942     0.250651     0.263037     0.262154     0.257115     0.250935     0.281139     0.263193     0.264556      0.27466     0.267516     0.249366     0.241227     0.312978     0.188477     0.268226     0.167944    0.0800859     0.266888      0.23595   0.00259588     0.237953   0.00802089     0.232345     0.140577   -0.0424931    0.0146975    0.0170296    0.0181049    0.0217891     0.026906    0.0334426    0.0402901    0.0437801    0.0480965    0.0521369    0.0540986    0.0534538    0.0467498    0.0372491     0.018071   -0.0391238   -0.0234539   -0.0105929   -0.0122245   -0.0122411    -0.010875  -0.00902616  -0.00763472  -0.00603783  -0.00514435  -0.00467812  -0.00443802  -0.00461746   -0.0048528  -0.00528979  -0.00588052  -0.00855915  -0.00969577   -0.0112479   -0.0125637   -0.0136593   -0.0154929   -0.0162249   -0.0167625   -0.0166677   -0.0163556   -0.0164081     -0.01806   -0.0183661   -0.0200475   -0.0219055   -0.0239475   -0.0276622   -0.0384147   -0.0526757   -0.0524084   -0.0407202   0.00224857   -0.0257262   -0.0223286  -0.00172821   -0.0270418   -0.0285662   -0.0593406  2.59124e-09    0.0121668  -0.00213147
    0.304745      0.26473     0.209728     0.273436      0.24558     0.264067     0.263152     0.289868     0.204698     0.270864     0.260806     0.244489      0.25593     0.276173     0.254563    -0.529446     -2.88863      8.62296     -2.93246    -0.323259     0.242483     0.264195     0.267243     0.260407      0.26074     0.301502     0.323892     0.328974     0.310918     0.299421     0.323749     0.325089     0.283315     0.246679     0.306062     0.299235     0.268562     0.283138     0.281036     0.273361     0.268396     0.303784     0.284845      0.28464     0.297076     0.290631     0.271364     0.262998     0.344325     0.214814     0.308653     0.198479    0.0972677     0.288504     0.253769   0.00232934     0.262718   0.00791544     0.244145     0.156768    -0.047232    0.0114393    0.0141506    0.0146842    0.0187389    0.0237018    0.0305707    0.0387501    0.0450517    0.0527876    0.0613156    0.0686182    0.0748028    0.0765956     0.074376    0.0664129    0.0294887   -0.0381581   -0.0211245   -0.0211939   -0.0216898   -0.0190884   -0.0164676   -0.0147041   -0.0124408   -0.0113273   -0.0106908   -0.0103824   -0.0106338   -0.0108677   -0.0113539   -0.0119005   -0.0149133   -0.0161562   -0.0171681   -0.0180905   -0.0187996   -0.0200047   -0.0206105    -0.021175   -0.0210359   -0.0206903   -0.0205391   -0.0218224   -0.0218727   -0.0234848   -0.0255074   -0.0280539   -0.0327643   -0.0457927   -0.0631446   -0.0639916   -0.0513284   0.00629826   -0.0235493   -0.0162116  -0.00365581   -0.0197676   -0.0285257   -0.0672674  5.65851e-09   0.00330707  -0.00135557
     0.31551      0.27031      0.21349     0.278171     0.258779     0.273397       0.2702     0.299074      0.21717     0.289044     0.283124     0.272563     0.279848     0.258628     0.309913     0.186519    -0.401492     -2.93246      8.34698     -2.94657    -0.386238     0.178269     0.259903     0.246706      0.24651      0.29297     0.324229      0.33524       0.3189     0.308305     0.334112      0.33517     0.290221      0.25201     0.314037     0.307185     0.275122     0.290646     0.287999     0.279195     0.274851     0.312395     0.293061     0.292118     0.305503     0.299333      0.27966     0.271213     0.356337     0.225185     0.324366     0.210248     0.103866     0.296285     0.260283   0.00221215     0.272062   0.00783105     0.248553     0.162827   -0.0490052   0.00798857    0.0100907   0.00970114    0.0134293    0.0174871    0.0234569    0.0311763    0.0385661    0.0473111    0.0574008     0.066988    0.0767162    0.0837961    0.0884775    0.0887511     0.076676    0.0353712   -0.0265102   -0.0259224   -0.0272517   -0.0217397   -0.0193722   -0.0173583   -0.0150112   -0.0139923   -0.0134281   -0.0131574   -0.0135276   -0.0137276   -0.0142695   -0.0147974   -0.0179467   -0.0192057   -0.0198872   -0.0205755   -0.0210799    -0.021983     -0.02253   -0.0230991   -0.0229413   -0.0225823   -0.0223281   -0.0234327   -0.0233698   -0.0249481   -0.0270319   -0.0297702   -0.0348546   -0.0487509   -0.0672541   -0.0684642    -0.055509   0.00785726   -0.0224895    -0.013357  -0.00438083    -0.016461   -0.0279952   -0.0702408  6.53453e-09 -0.000145244  -0.00107978
    0.322452     0.284439     0.220077     0.293637     0.254109     0.278524     0.279945      0.30816     0.217145     0.293911      0.29265     0.286167     0.299785     0.275896      0.30762     0.257209     0.241029    -0.323259     -2.94657      8.52525     -2.90673    -0.644182     0.064972     0.205581     0.222901     0.271887     0.312024     0.334071     0.325614     0.318292     0.346033     0.347677     0.302927      0.26359     0.326465     0.318842     0.286179      0.30172     0.299551     0.291619     0.286394      0.32392     0.303501     0.303261     0.316289     0.309142     0.288414     0.279403     0.365544     0.227306     0.324889     0.206994     0.100832     0.304875     0.269984   0.00258578     0.277941   0.00862181     0.262066     0.165488   -0.0498683   0.00768796   0.00849185   0.00737252    0.0104585    0.0137659      0.01862    0.0249425    0.0315066    0.0390763    0.0479217     0.056622    0.0657902    0.0732154    0.0799085    0.0826477    0.0800786    0.0652473    0.0254176   -0.0146396   -0.0202898   -0.0119041   -0.0123214   -0.0148827   -0.0125389   -0.0119277   -0.0118292   -0.0118254   -0.0122217   -0.0126941   -0.0133587   -0.0139557   -0.0172019   -0.0184332   -0.0192204   -0.0200299   -0.0207106   -0.0219929   -0.0226444    -0.023228   -0.0230812   -0.0227129   -0.0225213   -0.0239073    -0.023984    -0.025741   -0.0278891   -0.0305064   -0.0353384   -0.0489076   -0.0668408   -0.0669325   -0.0532308   0.00167539   -0.0276641   -0.0201357  -0.00342942    -0.024483   -0.0315657   -0.0706429  6.09901e-09   0.00662938  -0.00181558
    0.304183      0.27032     0.206584     0.279166     0.235536     0.261597     0.264459     0.290507     0.202536     0.275893     0.276597     0.272637     0.289269     0.271949     0.297681     0.224824     0.248239     0.242483    -0.386238     -2.90673      9.99211     -2.78548    -0.783616   -0.0279568     0.140631     0.212194     0.261499     0.294556     0.297104     0.296704     0.326285     0.329226     0.286709     0.249366     0.309014     0.301521      0.27038     0.285296     0.283044     0.275379     0.270885     0.306777     0.287221     0.286544     0.298938     0.292033     0.272274     0.263713     0.345717     0.216214     0.307366     0.194415    0.0945626     0.283755     0.254376   0.00245541     0.261509   0.00813564      0.24916     0.156308   -0.0468871   0.00660619   0.00675808   0.00534795    0.0079478    0.0106534    0.0146553    0.0199342    0.0257931    0.0323733    0.0401872     0.048046    0.0567126    0.0644693    0.0728791    0.0789468    0.0812616    0.0788873    0.0633906    0.0410298   0.00460254    0.0023503   -0.0036126   -0.0178941   -0.0142571   -0.0138982   -0.0141509   -0.0143707   -0.0149473   -0.0154734   -0.0162513   -0.0167988   -0.0199712   -0.0210541   -0.0213167   -0.0217586   -0.0221864   -0.0231956   -0.0237497   -0.0242681   -0.0241167   -0.0237659   -0.0235006   -0.0247274   -0.0247619   -0.0264317   -0.0284563   -0.0308882   -0.0354093     -0.04827   -0.0650794   -0.0641488   -0.0509894  -0.00942477   -0.0318339   -0.0241622  -0.00318481   -0.0288235   -0.0338021   -0.0665609  5.03935e-09   0.00842886  -0.00204391
    0.308479     0.268748     0.205596     0.276599     0.243611     0.264606     0.264828      0.29188     0.207665     0.281152     0.281335     0.278544     0.297557     0.282358     0.311427     0.231406     0.232403     0.264195     0.178269    -0.644182     -2.78548      10.5951     -2.77444     -0.78783    -0.101451     0.117588     0.213697     0.264055     0.278275     0.287216      0.32365     0.329866     0.285766      0.24803     0.309616     0.302069     0.269806     0.285536     0.282442     0.273217     0.270148     0.308102     0.288544     0.286492     0.299875     0.293664     0.273822     0.265498      0.35039     0.224454     0.319346     0.203773     0.100423     0.281065      0.25347    0.0021985     0.264445   0.00777166      0.24674     0.159264   -0.0476592    0.0041988   0.00424719   0.00243915   0.00498206   0.00727134    0.0108987    0.0160362    0.0224397    0.0294067    0.0376567    0.0462169    0.0559498    0.0653755    0.0773756    0.0885991    0.0963161     0.100737    0.0973877     0.086582    0.0633931    0.0152717   0.00196871   -0.0286339   -0.0215092   -0.0200761   -0.0199743    -0.020356   -0.0209797   -0.0217385   -0.0227176   -0.0232395   -0.0265077   -0.0275524   -0.0270717   -0.0269303   -0.0268604   -0.0272027   -0.0275861   -0.0280698   -0.0278845   -0.0275245   -0.0270617   -0.0279203   -0.0277541   -0.0293145   -0.0313489   -0.0339531    -0.038856   -0.0526032   -0.0704704   -0.0693448   -0.0557978   -0.0158016    -0.034372   -0.0236047  -0.00422103   -0.0278041   -0.0356971   -0.0683838  6.49414e-09   0.00453035  -0.00179899
    0.323689      0.28706     0.217495     0.295925     0.251392     0.278243     0.280778     0.308305     0.215202     0.292928      0.29427      0.29195     0.312865     0.300145     0.340281      0.26124     0.256495     0.267243     0.259903     0.064972    -0.783616     -2.77444       10.599     -2.65429    -0.892473    -0.186782     0.116935     0.229279     0.263505     0.284739     0.331795     0.346172     0.304771     0.266076     0.330224     0.321421     0.287406     0.303209     0.300419     0.291924     0.287441     0.326102     0.305353     0.304337     0.317781     0.310588      0.28962     0.280533     0.368176     0.231288     0.328784     0.208258     0.101523     0.301094     0.269934   0.00255432     0.278342   0.00858684     0.263949     0.166276   -0.0500048   0.00407201   0.00346357   0.00117432   0.00348239   0.00543488   0.00855825    0.0130286    0.0190447    0.0252283     0.032533    0.0401072    0.0488257    0.0575336    0.0690752    0.0807817    0.0895491     0.095411    0.0955188    0.0875662    0.0697861    0.0238213  0.000880497   -0.0299941   -0.0218301   -0.0166145   -0.0145783   -0.0153746   -0.0160725   -0.0170793   -0.0183854   -0.0192017   -0.0222481   -0.0234505   -0.0237993   -0.0241022   -0.0243659    -0.025214   -0.0257878   -0.0263713   -0.0262214   -0.0258507   -0.0255014   -0.0266852    -0.026661   -0.0283991   -0.0305539   -0.0331766   -0.0380437   -0.0518385   -0.0698396   -0.0688832   -0.0548576   -0.0095805   -0.0332165   -0.0242914   -0.0035481   -0.0290801   -0.0351438   -0.0709696  6.06482e-09   0.00804441  -0.00189745
    0.297996     0.277127     0.206012     0.287324     0.218966     0.256778      0.26567     0.289031     0.190633     0.264308      0.26826     0.265888     0.286182     0.277517     0.326593     0.259046     0.257685     0.260407     0.246706     0.205581   -0.0279568     -0.78783     -2.65429      11.5116      -2.3945     -0.97209    -0.165203     0.136225     0.214045     0.244174     0.295627     0.319154     0.290897     0.257283     0.315172     0.305816     0.275014     0.287721     0.286783     0.281594     0.274714     0.307224     0.287459     0.289224     0.299932     0.291811     0.271742     0.262676     0.339865     0.202708     0.286663     0.177096    0.0834537     0.290076     0.257852   0.00298575     0.257537   0.00903346     0.255998     0.151087   -0.0458773   0.00588947   0.00440926   0.00214445   0.00380552   0.00543378   0.00776022    0.0107495    0.0147288    0.0185607    0.0230415    0.0276569    0.0328979    0.0380405    0.0451617     0.052512    0.0579756    0.0611919    0.0604816      0.05266    0.0367312   0.00537475   -0.0221957  -0.00984913   -0.0156625  -0.00612893  0.000541314   -0.0010849  -0.00222091  -0.00354331  -0.00505081  -0.00623122  -0.00843936  -0.00974909   -0.0118837    -0.013256   -0.0143597   -0.0163864   -0.0172868    -0.017955   -0.0179036   -0.0175749   -0.0175954   -0.0194166   -0.0197742   -0.0216497   -0.0236748   -0.0257925   -0.0295861   -0.0408024   -0.0555513   -0.0546062   -0.0416498    0.0011328   -0.0280457   -0.0255521  -0.00118406   -0.0312449   -0.0304141   -0.0632898  3.89768e-09    0.0169224  -0.00220399
    0.280373     0.260153     0.192841     0.269686     0.205218     0.240932     0.249298     0.271127     0.178724     0.247569     0.251108     0.249024     0.267928     0.260755     0.308809     0.249461     0.253411      0.26074      0.24651     0.222901     0.140631    -0.101451    -0.892473      -2.3945      12.0557     -2.44775    -0.841441   -0.0606165     0.156455       0.2047     0.257112     0.287242     0.266327     0.238268     0.295332     0.287503     0.258014     0.270283     0.268741     0.263319     0.257467     0.288909     0.270162     0.271064     0.281527     0.273998     0.255142     0.246658     0.320359     0.193569     0.272777     0.168197    0.0796205     0.268792     0.240584   0.00272365     0.241665   0.00838819      0.23984     0.142167    -0.043329   0.00484314   0.00325984  0.000947091   0.00239888   0.00372556   0.00567041   0.00824058    0.0119512    0.0153498    0.0193107    0.0234105    0.0281455     0.032989    0.0399594    0.0478274    0.0544595    0.0594887    0.0617775    0.0595328    0.0510636    0.0339475    0.0110836    0.0215414    -0.016512   -0.0116485    0.0013828  -0.00153201   -0.0054184  -0.00658893  -0.00818473  -0.00937163    -0.011261   -0.0125722    -0.014531   -0.0155993   -0.0163517   -0.0178981    -0.018609   -0.0191962   -0.0191245   -0.0188099   -0.0187167   -0.0202464   -0.0204908   -0.0222135   -0.0241149   -0.0261305   -0.0297649   -0.0405415   -0.0545666   -0.0530998   -0.0408058  -0.00649891   -0.0308375    -0.026284  -0.00140483   -0.0317425   -0.0310956   -0.0599053  3.64184e-09    0.0159633  -0.00236013
