   123   123     1
     5.95743     0.256557     0.181913      0.25748      0.26913     0.268354     0.259141     0.289451     0.226929      0.29663     0.290732     0.288439     0.307205      0.29102     0.320291      0.26187     0.277342     0.305665     0.315054     0.321369     0.303449     0.308364     0.324431     0.299454      0.28222     0.312922     0.327694     0.326985     0.304583     0.294766     0.319801     0.321689     0.274528     0.238836     0.301315     0.291808     0.260082     0.278897     0.271853     0.257517     0.262518     0.298714     0.284625     0.275193      0.29762     0.296327      0.28003      0.26855     0.324217     0.273321     0.344698     0.265175     0.160695     0.239804     0.240503  -0.00145945     0.276638   0.00318619     -1.24403     -5.87469      1.70168   -0.0294561   -0.0373283   -0.0485636   -0.0506569    -0.057761   -0.0648036   -0.0692674   -0.0613089   -0.0601065   -0.0613932   -0.0635047   -0.0674947   -0.0705531    -0.076368   -0.0817202   -0.0833721   -0.0840318   -0.0833778   -0.0839248   -0.0838361   -0.0797217   -0.0765043   -0.0799829   -0.0748785   -0.0735022   -0.0715124   -0.0709403   -0.0731546   -0.0729135   -0.0736438   -0.0731988   -0.0798138   -0.0812614   -0.0766102   -0.0739001   -0.0716652   -0.0686259    -0.068024   -0.0686117   -0.0681803   -0.0680435   -0.0664083   -0.0650362   -0.0630583   -0.0639392   -0.0661889   -0.0695643   -0.0755102   -0.0936859    -0.110988    -0.118029    -0.117659    -0.158195    -0.103839   -0.0692128   -0.0148272   -0.0821358    -0.572164      2.67806 -1.39976e-07   -0.0115752   -0.0276918
    0.256557     0.289895   -0.0748618     0.267166     0.132113     0.200874     0.229309      0.24249     0.129027     0.195739     0.209639     0.209631     0.227833     0.227886     0.288108     0.241887     0.247895     0.261252     0.265502     0.279616     0.266486     0.265123     0.283682     0.275417      0.25887     0.278767     0.284413     0.287528     0.279473     0.270857     0.287095     0.288444     0.268351     0.240712     0.279474     0.270724     0.253047      0.25771     0.258792     0.261609     0.254314     0.269914     0.258974     0.264732     0.270152     0.264285     0.250748     0.240092     0.288102     0.191462      0.25208     0.174817    0.0912624     0.248107     0.233825    0.0039917     0.216944    0.0117896     0.235101     0.120762    -0.049799     0.043017    0.0208386     0.021684    0.0190624    0.0203638     0.022117     0.022825    0.0212934    0.0198412    0.0183369    0.0163656    0.0139935    0.0109766   0.00779886    0.0049159   0.00264821  0.000518221 -0.000959246  -0.00146377 -0.000873331  0.000840784   0.00251344   0.00326344   0.00559673   0.00716064   0.00792822    0.0084221   0.00833331   0.00794748   0.00740067   0.00649093   0.00291479   0.00174548  -0.00147344  -0.00359692  -0.00557256  -0.00989673   -0.0112898   -0.0122309   -0.0122642    -0.012207   -0.0122912   -0.0150071   -0.0153002   -0.0176185   -0.0199332   -0.0212744   -0.0227343   -0.0305601   -0.0375079   -0.0466696    -0.041771   -0.0253699   -0.0276362   -0.0434722   0.00364239   -0.0513315   -0.0420752   -0.0518362  2.50869e-08    0.0381706  -0.00574479
    0.181913   -0.0748618      5.46877    -0.209644      0.45876     0.256294     0.224475     0.254824     0.212464     0.261897     0.233776     0.211396     0.211696     0.197688     0.229905     0.190948     0.198089     0.211742     0.214945     0.221855     0.209333     0.208731     0.221344      0.21091     0.197874     0.214548     0.220431      0.22259     0.214723     0.208102     0.221786     0.224252     0.208208     0.186343     0.216294       0.2098     0.196139     0.197992     0.200065     0.203838     0.195012     0.203819     0.197291     0.205604     0.206126     0.202421     0.194419     0.186738     0.220533      0.12131     0.174409     0.125125    0.0593736     0.236662     0.209987   0.00493547     0.175129   0.00926647     0.204443      0.10092    -0.018669    -0.283956     -0.31962   -0.0665859    -0.034595   -0.0294736   -0.0271679   -0.0257159   -0.0182948   -0.0147559   -0.0113837  -0.00699005  -0.00253708   0.00186371   0.00613069    0.0106577    0.0149054    0.0182828    0.0210281    0.0244295    0.0283251    0.0313908    0.0342388    0.0387264    0.0404768    0.0426084    0.0432081    0.0439166    0.0453546    0.0449211    0.0446217     0.043175    0.0426814    0.0415556    0.0353234    0.0318663    0.0293442    0.0248345    0.0232903    0.0223218    0.0221881    0.0222846    0.0212788    0.0180452     0.017202    0.0154149    0.0137369     0.012843    0.0124378   0.00939618   0.00765667   -0.0063092 -0.000120514     0.127644      0.10436    0.0368029    0.0115426    0.0301469    0.0444781   -0.0203434 -5.57906e-08    0.0152296  -0.00515874
     0.25748     0.267166    -0.209644     0.543916    -0.141233     0.259121     0.242588     0.255247     0.135182     0.204571     0.216784     0.213916     0.230983     0.231692     0.298326     0.251697     0.256955     0.268966     0.272415     0.287831     0.274502     0.272124     0.291598     0.284853     0.267648     0.287084     0.291709     0.295184     0.288356     0.279511     0.295348     0.296494     0.278606     0.250924     0.288838     0.279801     0.262981     0.266431     0.268401     0.273332     0.264613     0.278614     0.267315     0.274902     0.278749     0.271917     0.257874     0.246774     0.296036     0.190811     0.251683     0.170251    0.0860452     0.254381      0.24244   0.00454866     0.218642    0.0128574     0.252064     0.120388   -0.0483812    0.0171185    0.0306057   -0.0735599    0.0203378    0.0235135    0.0258882    0.0269983    0.0253089    0.0238796    0.0226209    0.0211673    0.0194395    0.0168613    0.0141359    0.0115734   0.00926455    0.0068931    0.0050231   0.00425964   0.00460304    0.0058527   0.00712655    0.0076844    0.0096469      0.01102    0.0115617    0.0119204    0.0117647    0.0112804    0.0107114   0.00974893   0.00604771   0.00496677     0.001407 -0.000983953  -0.00330039  -0.00846119   -0.0100283   -0.0109984   -0.0110783   -0.0110398   -0.0112755   -0.0145821   -0.0151229   -0.0177409    -0.020142   -0.0212559   -0.0223535   -0.0297605   -0.0362225   -0.0440686   -0.0375719   -0.0271861   -0.0260156   -0.0486045   0.00633623   -0.0581184   -0.0411231   -0.0485687  1.52087e-08    0.0482119  -0.00751914
     0.26913     0.132113      0.45876    -0.141233      1.39194    -0.159023     0.295507     0.245304     0.258237     0.308587     0.283963     0.281935     0.297124     0.268754     0.252949     0.197382      0.21651     0.250915     0.262613     0.258542     0.240341     0.249305     0.258598       0.2265     0.213235     0.243676     0.263113     0.262399     0.237377     0.229613     0.254768     0.260301     0.212362     0.179485     0.234982       0.2281     0.198116     0.214054     0.207795     0.191466     0.193307     0.223797     0.217013     0.210358     0.227746     0.231813     0.224389     0.217107     0.256367     0.194671     0.272115     0.237154       0.1438     0.295724     0.227435   0.00177878     0.248296   0.00396033     0.130246     0.150086   -0.0496684    0.0530224     0.090828    0.0746983    -0.163714   -0.0902618    -0.100006    -0.103969   -0.0876745   -0.0799248   -0.0747934   -0.0705618   -0.0678771   -0.0634331   -0.0597557   -0.0545421   -0.0463854   -0.0377788   -0.0289068   -0.0205048   -0.0115907   -0.0019052   0.00671205    0.0157434      0.02224    0.0275147    0.0307377    0.0331938    0.0361056    0.0364102    0.0361525    0.0344307    0.0350261    0.0324657    0.0266841    0.0243402    0.0241297    0.0259223    0.0253145    0.0242052    0.0244902    0.0248291    0.0250896    0.0265216    0.0278237    0.0281773    0.0264443    0.0227995    0.0188653    0.0106788   0.00373247   -0.0325748   -0.0410515     0.212907      0.13074     0.109145   -0.0109589     0.116834    0.0548468   -0.0686862 -2.13386e-08   -0.0767743    0.0065224
    0.268354     0.200874     0.256294     0.259121    -0.159023     0.860771    -0.120945     0.357581     0.202125     0.253329     0.249479     0.250871     0.269217     0.255111     0.277679      0.22567     0.238756     0.263405      0.27148     0.276369     0.260124     0.263972     0.278129     0.257237     0.241944     0.267791      0.28069      0.28188     0.264846     0.256447     0.277689      0.28125     0.246381     0.215375     0.263677     0.255677     0.231272     0.241743     0.239153     0.232341     0.229407     0.252849     0.243835     0.243571     0.255069     0.254155     0.243504     0.234325      0.27889     0.196537      0.26743     0.210293     0.119668     0.280183     0.237961    0.0030482     0.238617   0.00804203     0.189556     0.139663   -0.0493929    0.0227095    0.0334506    0.0309867    0.0228453   -0.0777359   -0.0407144   -0.0434028   -0.0362721   -0.0329384    -0.030817   -0.0292682   -0.0287308   -0.0276313   -0.0270361   -0.0255373   -0.0222883   -0.0187926   -0.0148834   -0.0107303  -0.00577448  9.71261e-05    0.0053949    0.0104708    0.0149787     0.018487    0.0205203    0.0220287    0.0234984    0.0234521    0.0230444    0.0216866    0.0202095    0.0183047    0.0136273    0.0113116     0.010179   0.00885421   0.00782747   0.00677186   0.00689691   0.00710039   0.00714336    0.0064126   0.00689949   0.00588258   0.00381778   0.00127959  -0.00147227  -0.00961869   -0.0166332   -0.0398546   -0.0413327     0.100976    0.0584844    0.0359575  -0.00318444     0.035672    0.0098404    -0.060328 -3.10934e-09   -0.0200377  0.000313276
    0.259141     0.229309     0.224475     0.242588     0.295507    -0.120945      0.83875    -0.230594     0.367307     0.305202     0.234002     0.222499     0.243667     0.239429     0.281145     0.232528     0.242169     0.261066     0.267048     0.276276     0.261525     0.262645     0.278778     0.264249     0.248425     0.271107     0.280286     0.282433     0.270023     0.261588     0.280164     0.282631     0.255541     0.226491     0.269546     0.261246     0.240472     0.247812     0.247177     0.245416     0.240126     0.259204     0.249375     0.252385     0.260492     0.257098     0.245187     0.235359     0.281132     0.190866     0.256215     0.189793       0.1035     0.263799     0.235382   0.00360566     0.225898   0.00990594     0.212479     0.129168   -0.0481252     0.015092    0.0167588    0.0141207     0.015731     0.014184   -0.0501603    -0.015187  -0.00750412   -0.0073557  -0.00711891  -0.00703117  -0.00751246  -0.00808354  -0.00898068  -0.00932779  -0.00861206  -0.00777932  -0.00647745  -0.00455845  -0.00170994   0.00206454   0.00553855   0.00855723    0.0119128    0.0144475    0.0158187    0.0168139    0.0175538    0.0173278     0.016859    0.0157038    0.0132853    0.0117637   0.00768944   0.00540715   0.00380988  0.000911134 -0.000316115   -0.0013147  -0.00127678  -0.00114704  -0.00121604  -0.00301148   -0.0029594  -0.00463261  -0.00680183  -0.00869738    -0.010722   -0.0184673   -0.0251828   -0.0413798   -0.0394516    0.0434524    0.0206951  -0.00112769  0.000814028  -0.00531658   -0.0125912   -0.0543998  5.86284e-09   0.00916587  -0.00292157
    0.289451      0.24249     0.254824     0.255247     0.245304     0.357581    -0.230594      1.28942     -1.22891  0.000387209     0.262901     0.261494     0.267566     0.259817     0.302866     0.251158     0.264245     0.288135     0.295999      0.30457     0.287692     0.289878     0.306664     0.287994     0.270751     0.296941     0.308464     0.310322     0.294711     0.285441     0.306918     0.309922      0.27674     0.244054     0.293749     0.284726     0.260306      0.26991     0.268251     0.264035      0.25956      0.28267     0.272018     0.273602     0.284269     0.281496     0.268703      0.25811      0.30813     0.214163     0.287559      0.21755     0.121101     0.292114     0.258254   0.00358441      0.25299   0.00994986     0.225206     0.147595   -0.0531084    0.0249572    0.0314451    0.0322665    0.0357192    0.0360702    0.0332246   -0.0508547   -0.0254735   -0.0189672   -0.0178852     -0.01754   -0.0180544   -0.0183075   -0.0189778   -0.0189984   -0.0176739   -0.0161724   -0.0141016   -0.0115165  -0.00795381   -0.0031876   0.00115718   0.00473035   0.00888041    0.0119128    0.0136789    0.0149228    0.0158095    0.0156566    0.0151549    0.0139244    0.0113519    0.0095729   0.00543301    0.0032207   0.00185078 -0.000459676  -0.00162361  -0.00270892  -0.00261656  -0.00245063  -0.00241125  -0.00387466  -0.00357854   -0.0051537  -0.00748791  -0.00984047   -0.0125075   -0.0216653   -0.0296433   -0.0489156   -0.0478136    0.0563815    0.0292862   0.00709089  -0.00112974    0.0038067   -0.0105989   -0.0625148  4.02076e-09 -0.000691702  -0.00181361
    0.226929     0.129027     0.212464     0.135182     0.258237     0.202125     0.367307     -1.22891       9.4998     -2.62203    -0.299354     0.201685     0.232721     0.193842     0.193902     0.159727     0.179498     0.210095     0.221489     0.220665     0.205932     0.212199      0.22026     0.194913      0.18329     0.207761     0.222544     0.221753     0.201803     0.195175     0.215376     0.219075     0.180323     0.153438     0.199381     0.193406     0.168928     0.182336     0.177068     0.164121     0.166365     0.192015     0.185333       0.1793      0.19428     0.196684     0.189181     0.182615     0.216853     0.170048     0.230756     0.195227     0.118658     0.226061      0.18514   0.00109945     0.203139   0.00322701     0.121946     0.128665   -0.0397751    0.0358598     0.056467    0.0660928    0.0759163    0.0789979    0.0793011    0.0741011    -0.083356   -0.0670108   -0.0596118   -0.0554779   -0.0552283   -0.0534205   -0.0521214   -0.0499323   -0.0457351   -0.0411812   -0.0361015   -0.0313702   -0.0261566    -0.019566   -0.0137225  -0.00907648  -0.00400147 -0.000475054   0.00197957   0.00364371   0.00496496   0.00525183    0.0049718   0.00407483   0.00308492   0.00125416  -0.00109992  -0.00183301  -0.00138292  0.000537817  0.000372917 -0.000403181 -0.000132242  0.000102363  0.000549456   0.00168949   0.00288344   0.00294919   0.00148764  -0.00139803  -0.00505754   -0.0137428   -0.0213793   -0.0440403   -0.0484787     0.102289    0.0637147    0.0531368  -0.00934335    0.0571796    0.0160221   -0.0567635 -8.55184e-09   -0.0506308   0.00487016
     0.29663     0.195739     0.261897     0.204571     0.308587     0.253329     0.305202  0.000387209     -2.62203      8.21698      -2.8066    -0.354586     0.267647     0.271918     0.254934     0.207974     0.235431     0.275565     0.291897     0.295846     0.277944      0.28431     0.296774     0.267859     0.251643     0.281713     0.298341     0.298001     0.275053     0.266138     0.291042     0.295121     0.249614     0.215169     0.272438     0.264163     0.234342     0.249699     0.244271     0.231125     0.232145     0.262891     0.253262     0.247929     0.265166      0.26633     0.255233     0.245885       0.2928     0.223183     0.300057      0.24473     0.145604     0.289994     0.246552   0.00195478     0.262013   0.00586938     0.183064     0.164013   -0.0520472    0.0477628    0.0704625    0.0828394    0.0951311     0.100501    0.0998109     0.091262    0.0120986   -0.0774355   -0.0699329   -0.0569994   -0.0557688   -0.0547255   -0.0541885   -0.0526246   -0.0491284   -0.0453409   -0.0408229   -0.0363879   -0.0312023   -0.0242028   -0.0179507    -0.013461  -0.00766315  -0.00375981  -0.00102509  0.000782927   0.00195874   0.00219597   0.00177121  0.000730482  -0.00136784  -0.00351178   -0.0062011  -0.00717384  -0.00696642  -0.00571027  -0.00610137  -0.00709725  -0.00680723  -0.00655367  -0.00605685  -0.00542797  -0.00419465   -0.0046549  -0.00670121   -0.0100339   -0.0143329   -0.0256348   -0.0356085   -0.0601777   -0.0632374       0.0904    0.0551208    0.0409176   -0.0091112    0.0430642   0.00346337   -0.0709711 -3.51884e-09   -0.0436854    0.0038716
    0.290732     0.209639     0.233776     0.216784     0.283963     0.249479     0.234002     0.262901    -0.299354      -2.8066      8.82598     -2.78771    -0.286205     0.301399     0.277461      0.19574     0.221721      0.26465     0.284846     0.293228     0.277307     0.282914     0.296394     0.270365     0.253782     0.282077     0.296704     0.296627     0.275805     0.266906     0.290469     0.294025     0.252273     0.218931     0.273561     0.265198     0.237171     0.251061     0.246524     0.235722     0.235716     0.264343     0.254368     0.250513     0.266145     0.266163     0.254533     0.244937     0.292152     0.219475     0.293296     0.233939     0.137392     0.280537     0.243801   0.00219117      0.25464   0.00668673      0.19251     0.158245   -0.0511948    0.0427103    0.0614614    0.0731234    0.0850582    0.0930866    0.0961087    0.0889551    0.0580112   0.00804707   -0.0676032   -0.0536167   -0.0462059   -0.0451046   -0.0459185   -0.0450774   -0.0427112    -0.040148   -0.0368638   -0.0334329   -0.0292212   -0.0233065   -0.0179786   -0.0145262  -0.00933882  -0.00594625  -0.00354532  -0.00199693  -0.00118233  -0.00102751  -0.00147941  -0.00241463  -0.00495122  -0.00690597  -0.00925451   -0.0101772   -0.0101619  -0.00960525   -0.0100768   -0.0110359   -0.0107857   -0.0105679   -0.0101148   -0.0099628  -0.00892976  -0.00968682   -0.0117692    -0.014789   -0.0187342   -0.0298059   -0.0395959   -0.0607243   -0.0621938    0.0627601    0.0369299    0.0234175  -0.00724884    0.0237569  -0.00708868   -0.0678791 -7.82395e-11   -0.0299768   0.00233625
    0.288439     0.209631     0.211396     0.213916     0.281935     0.250871     0.222499     0.261494     0.201685    -0.354586     -2.78771      8.62855     -2.72975   -0.0221604     0.347613     0.205002     0.206322      0.24885     0.274936     0.287124     0.273453     0.280251     0.293975     0.267861     0.251399     0.279468     0.293937     0.293472     0.272332     0.263467     0.286931     0.290429     0.248423     0.215367     0.269953     0.261723     0.233684     0.247802      0.24308       0.2319     0.232291     0.261122     0.251203     0.246927     0.262823      0.26299     0.251455     0.241984     0.288694     0.218464     0.291426      0.23287     0.137233     0.276443     0.240033   0.00205743     0.252226   0.00647894     0.188211     0.156921   -0.0512306    0.0323044    0.0487368    0.0586899    0.0701225    0.0799232    0.0878076    0.0881331    0.0746157    0.0538514    0.0115502   -0.0583089   -0.0462775   -0.0431584   -0.0475311   -0.0471234   -0.0448304   -0.0422084   -0.0387813   -0.0352141   -0.0309203   -0.0249391   -0.0195804    -0.016191   -0.0110193   -0.0076747  -0.00527268  -0.00373291  -0.00297082  -0.00279858  -0.00324727  -0.00414224  -0.00669905  -0.00863638   -0.0107416   -0.0115118   -0.0113683   -0.0105961   -0.0110083   -0.0119383   -0.0116772   -0.0114593   -0.0109495   -0.0106574  -0.00957336   -0.0102744    -0.012327   -0.0153532   -0.0193198     -0.03041   -0.0402355   -0.0612071   -0.0629048    0.0600419    0.0344234    0.0231055  -0.00770491     0.023697  -0.00810957   -0.0680447  4.35195e-09   -0.0309931   0.00241466
    0.307205     0.227833     0.211696     0.230983     0.297124     0.269217     0.243667     0.267566     0.232721     0.267647    -0.286205     -2.72975       6.8958     -2.59653     0.172443     0.331177      0.25413     0.258641      0.28185     0.300196     0.289502      0.29844      0.31418     0.287098     0.269593     0.299437     0.314476     0.313791     0.291242      0.28167     0.306546       0.3102     0.265737     0.230563     0.288652     0.279866     0.250107     0.265044     0.260095     0.248454     0.248737     0.279253     0.268598      0.26425     0.280995     0.281013     0.268642     0.258496     0.308431     0.232663     0.310282     0.247171     0.145324     0.295088      0.25611   0.00226742     0.268519   0.00712079     0.201586     0.166024   -0.0551327    0.0213383     0.034761    0.0416381    0.0517373    0.0612798    0.0714508    0.0780132      0.07406    0.0677572    0.0532635    0.0113987   -0.0381826   -0.0340131   -0.0481384   -0.0492036   -0.0468877   -0.0444414    -0.040766   -0.0367317   -0.0319533   -0.0255578   -0.0198076   -0.0160834    -0.010634  -0.00710382  -0.00459123  -0.00297836  -0.00216301  -0.00199694  -0.00247847  -0.00345086  -0.00617014  -0.00822107   -0.0105244    -0.011387   -0.0112834   -0.0105824   -0.0110557   -0.0120448    -0.011773   -0.0115434   -0.0109994   -0.0107394   -0.0096173   -0.0104028   -0.0126068   -0.0157961   -0.0199275   -0.0315813   -0.0418785   -0.0642363   -0.0660368    0.0640792    0.0357289    0.0241375  -0.00795367    0.0246564  -0.00874814   -0.0724836  1.42068e-09   -0.0313779    0.0022524
     0.29102     0.227886     0.197688     0.231692     0.268754     0.255111     0.239429     0.259817     0.193842     0.271918     0.301399   -0.0221604     -2.59653      6.33112     -2.32789     0.268343      0.34387     0.276053     0.258962     0.275903      0.27188      0.28288     0.300642     0.278052     0.261594     0.289296     0.302457     0.302053     0.281974     0.272666     0.295547     0.298753     0.259056     0.225955     0.279668     0.271155     0.243988     0.256951     0.253064     0.243923     0.243002     0.270421     0.260038      0.25739     0.271903     0.271063     0.258887      0.24894     0.297201     0.219713     0.292819     0.229407     0.132989     0.281444     0.246501   0.00251424     0.253761   0.00769916     0.201345     0.154466   -0.0527743    0.0117563    0.0199216    0.0228315    0.0298288    0.0366939    0.0451751    0.0530061    0.0548721     0.055283    0.0530155    0.0411258    0.0150879   -0.0125775   -0.0357034   -0.0396771   -0.0364377   -0.0353646   -0.0329185   -0.0295108   -0.0252878   -0.0196949   -0.0146316   -0.0112298  -0.00648934  -0.00337504  -0.00123383  0.000169184  0.000865173  0.000937261  0.000462829 -0.000503447  -0.00320825  -0.00508534  -0.00758299  -0.00866853  -0.00891002   -0.0090181  -0.00963637   -0.0105953   -0.0103794   -0.0101802  -0.00975602  -0.00996064  -0.00909497   -0.0100893   -0.0122512   -0.0150641   -0.0186236   -0.0292368   -0.0386101    -0.058733   -0.0595087    0.0533478    0.0282184    0.0155206  -0.00579319    0.0148101   -0.0114264    -0.067154  1.32105e-08   -0.0203309  0.000947691
    0.320291     0.288108     0.229905     0.298326     0.252949     0.277679     0.281145     0.302866     0.193902     0.254934     0.277461     0.347613     0.172443     -2.32789      4.71931     -2.51128    -0.253079     0.265157     0.306411     0.302528     0.293999     0.308418     0.337063     0.323861     0.306559     0.335343     0.346319     0.347638     0.330856     0.320007     0.342773     0.345446     0.310796     0.275152     0.329162     0.318984     0.292833     0.302821     0.301389     0.298093     0.292844     0.317591     0.305184     0.307522      0.31875     0.314738     0.299756     0.287658     0.344051     0.239319       0.3182      0.23591     0.130231     0.313687     0.284876   0.00399525     0.276794    0.0114741     0.260502     0.162668   -0.0580717    0.0166857    0.0196698    0.0202487     0.024829      0.03041    0.0369637    0.0425952    0.0434584    0.0423742    0.0384199    0.0301127    0.0135873   -0.0156902   -0.0176155   -0.0293149   -0.0195859   -0.0146496   -0.0146596   -0.0135574   -0.0109458   -0.0073741   -0.0037676   -0.0012155   0.00242425   0.00487134   0.00634066   0.00735499   0.00774946   0.00754417   0.00695339   0.00580447   0.00219725  0.000362358  -0.00333155  -0.00542802  -0.00688995  -0.00971186   -0.0109475   -0.0120923   -0.0120013   -0.0118524   -0.0117529    -0.013647   -0.0133847   -0.0153718    -0.017997   -0.0204055   -0.0233251   -0.0340423   -0.0434343   -0.0605067   -0.0575243    0.0232617   0.00816601     -0.01379 -0.000331864   -0.0192049   -0.0270815   -0.0677714  1.25836e-08    0.0108334  -0.00264062
     0.26187     0.241887     0.190948     0.251697     0.197382      0.22567     0.232528     0.251158     0.159727     0.207974      0.19574     0.205002     0.331177     0.268343     -2.51128      8.87148     -2.80083    -0.488986     0.200697        0.257     0.224653     0.232824     0.263323     0.261456     0.251582     0.276748      0.28605     0.287455     0.274299     0.265032     0.282904     0.284632     0.257628     0.228742     0.272178     0.263754     0.242979     0.250619     0.249795     0.248103     0.243421     0.262987     0.252521     0.254998     0.263644     0.259781     0.247079     0.236945     0.283701     0.196567     0.259941     0.189865     0.103902     0.252529     0.233562   0.00334169     0.224886   0.00975286      0.22063     0.132648   -0.0469357    0.0176883     0.019992    0.0209715    0.0247445    0.0302362    0.0368751    0.0431006    0.0449265    0.0462869    0.0458345    0.0420731    0.0334089    0.0148223   0.00285512   -0.0372115   -0.0338867   -0.0136094  -0.00925648   -0.0101506  -0.00897422  -0.00699886  -0.00459317  -0.00294274  -0.00057641   0.00087934   0.00170437   0.00229648   0.00229934   0.00207513   0.00156594  0.000719166  -0.00261481  -0.00404089  -0.00671055  -0.00832302  -0.00956997   -0.0121561   -0.0131764   -0.0140945   -0.0140348   -0.0139329   -0.0138509    -0.015621   -0.0154734   -0.0172572    -0.019433   -0.0212667   -0.0235785   -0.0325525   -0.0404825   -0.0522364   -0.0487082 -0.000373182    -0.004872    -0.022603  0.000550867   -0.0281219   -0.0295943   -0.0542647  2.71822e-08    0.0158258  -0.00269797
    0.277342     0.247895     0.198089     0.256955      0.21651     0.238756     0.242169     0.264245     0.179498     0.235431     0.221721     0.206322      0.25413      0.34387    -0.253079     -2.80083       9.2433     -2.87883    -0.362445     0.250792      0.24811     0.233324     0.259112      0.26075     0.256306     0.287044     0.300026     0.301774     0.286302     0.276321      0.29555     0.297088     0.265708     0.234969     0.282668     0.273984      0.25092     0.260441     0.258657      0.25495     0.251511     0.273945     0.262861     0.263765     0.274449     0.271024     0.257725     0.247221     0.296091     0.210374     0.276956     0.204776     0.114019     0.262244     0.242085   0.00314402     0.237736   0.00952497     0.224521     0.142192   -0.0498165    0.0162721    0.0192638    0.0202301    0.0244879     0.030438    0.0382155    0.0466971     0.051738    0.0574796    0.0627784    0.0653814    0.0645322    0.0558113    0.0433296    0.0181666   -0.0587189   -0.0352719   -0.0170472   -0.0184307   -0.0175037   -0.0150645   -0.0119376  -0.00978074  -0.00699666  -0.00549726  -0.00460002   -0.0040035  -0.00411845   -0.0043037  -0.00484707  -0.00561995  -0.00925555   -0.0107608   -0.0127642   -0.0139354   -0.0147638   -0.0166176   -0.0174759   -0.0183783   -0.0182659   -0.0181483   -0.0178757   -0.0192366   -0.0188582   -0.0205349   -0.0227774   -0.0248815   -0.0276335   -0.0376594   -0.0464811   -0.0589902   -0.0559823  -0.00358633  -0.00751091   -0.0215349  -0.00117905   -0.0264377   -0.0322485   -0.0592333  8.85065e-09    0.0102209  -0.00214536
    0.305665     0.261252     0.211742     0.268966     0.250915     0.263405     0.261066     0.288135     0.210095     0.275565      0.26465      0.24885     0.258641     0.276053     0.265157    -0.488986     -2.87883      8.45999     -2.90612    -0.285686     0.252305     0.266185     0.269653     0.263621     0.264443     0.304473     0.324631     0.328019     0.309275     0.298427     0.320375     0.321763     0.282838     0.248602     0.303817     0.294585     0.267507      0.28011     0.276825     0.269906     0.268262     0.295505     0.283334     0.281929     0.295856     0.293124     0.278774     0.267533     0.320413     0.234602     0.307563     0.231314     0.131422     0.284141     0.260276   0.00293507     0.262166   0.00946621     0.233858     0.158962   -0.0552717    0.0114142    0.0147575    0.0148666    0.0194492    0.0250742     0.033176    0.0432968    0.0520826    0.0622909    0.0734721    0.0831152    0.0913768    0.0940377    0.0912863    0.0813042    0.0330651   -0.0579612   -0.0326773   -0.0317618    -0.031269    -0.026861   -0.0224129   -0.0190229   -0.0153916   -0.0135396   -0.0123745   -0.0116381   -0.0118277   -0.0119629   -0.0125677   -0.0132859   -0.0173056   -0.0189557   -0.0201149   -0.0206742   -0.0208824    -0.021649   -0.0222944   -0.0231931   -0.0229987   -0.0228495   -0.0222904   -0.0230368   -0.0223074   -0.0238324    -0.026214   -0.0287471   -0.0321186   -0.0436486   -0.0538516   -0.0685387   -0.0664069 -0.000576596  -0.00671437   -0.0162179  -0.00360092   -0.0200965   -0.0334098   -0.0677297  2.50136e-08  0.000849471  -0.00136225
    0.315054     0.265502     0.214945     0.272415     0.262613      0.27148     0.267048     0.295999     0.221489     0.291897     0.284846     0.274936      0.28185     0.258962     0.306411     0.200697    -0.362445     -2.90612      8.20789     -2.91478    -0.346518     0.194714     0.264813     0.249126     0.250033     0.296682      0.32569     0.334225     0.316369     0.306101     0.329346     0.330448     0.287998     0.252364     0.310616     0.301178     0.272452     0.286475     0.282481     0.274124     0.273447     0.302693     0.290074     0.287542     0.302856      0.30042      0.28567     0.274184     0.328386     0.243266     0.318154     0.240419     0.137502     0.291045     0.265916   0.00285552     0.270393   0.00939492     0.236423     0.164453   -0.0571044   0.00684486   0.00931686   0.00823114    0.0123516    0.0168057    0.0237164    0.0331735    0.0432796    0.0547092     0.067807    0.0803218    0.0930097     0.102452     0.108984     0.109823    0.0950074    0.0411304   -0.0419547   -0.0396141   -0.0401066   -0.0314297   -0.0269473   -0.0231642   -0.0192387   -0.0173448   -0.0162215   -0.0155209   -0.0157278   -0.0159003   -0.0165648   -0.0172448   -0.0214199     -0.02308   -0.0236662   -0.0238362   -0.0236978   -0.0239129   -0.0244471   -0.0253194   -0.0250889   -0.0249291   -0.0242156   -0.0246517   -0.0237683    -0.025217   -0.0276418   -0.0303366   -0.0339218   -0.0459867   -0.0565453   -0.0718802   -0.0701295  0.000805197  -0.00626411   -0.0134049  -0.00451527   -0.0168538   -0.0330324   -0.0706293   1.4444e-09  -0.00277857  -0.00108723
    0.321369     0.279616     0.221855     0.287831     0.258542     0.276369     0.276276      0.30457     0.220665     0.295846     0.293228     0.287124     0.300196     0.275903     0.302528        0.257     0.250792    -0.285686     -2.91478       8.3697     -2.88896    -0.595629    0.0927872      0.21495     0.228169     0.277258     0.315795     0.335143     0.324512     0.316919     0.341394     0.342487     0.300516     0.263932     0.322314     0.312303     0.283636     0.297125      0.29363     0.286517     0.284979     0.313741     0.300605     0.299157     0.313755     0.310595     0.295176     0.283173     0.339233      0.24773     0.323787     0.241608      0.13659     0.298707     0.275014   0.00320389     0.275728     0.010283     0.250585     0.166356   -0.0580524   0.00699006   0.00781671   0.00586709   0.00922135    0.0127975    0.0183282    0.0259278    0.0347432    0.0444139    0.0556501      0.06672    0.0784184    0.0880041     0.096502     0.100055    0.0970126    0.0783306    0.0258979   -0.0270432   -0.0331279   -0.0197418   -0.0187677   -0.0201272   -0.0163071   -0.0149182   -0.0143711   -0.0139372   -0.0141901   -0.0145979   -0.0153971   -0.0161488   -0.0205051   -0.0221268   -0.0228462   -0.0231655   -0.0232691   -0.0240692   -0.0247577    -0.025671   -0.0254733   -0.0253268   -0.0246621   -0.0254536   -0.0247014   -0.0263756   -0.0289036   -0.0314821   -0.0348743   -0.0468794   -0.0574172   -0.0720301   -0.0692972  -0.00467792  -0.00948003   -0.0191014  -0.00305855   -0.0236693   -0.0353847   -0.0703849  2.18405e-08   0.00443315  -0.00181431
    0.303449     0.266486     0.209333     0.274502     0.240341     0.260124     0.261525     0.287692     0.205932     0.277944     0.277307     0.273453     0.289502      0.27188     0.293999     0.224653      0.24811     0.252305    -0.346518     -2.88896      9.80371     -2.78966    -0.729434   0.00494386     0.155337     0.221902     0.269013     0.299407     0.299054     0.297575     0.323647     0.325436     0.284799     0.249906     0.305726     0.295931     0.268391     0.281666     0.278079     0.271056      0.27022     0.297928     0.285168     0.283328     0.297516     0.294381     0.279479     0.268016     0.321258      0.23583     0.306601     0.227311     0.128398     0.278936     0.258955   0.00300596     0.259816   0.00979927     0.239158     0.156838   -0.0546704   0.00601878   0.00600173   0.00374286   0.00653908   0.00943158     0.013933     0.020203    0.0279936    0.0363384    0.0461671    0.0560969    0.0669912    0.0768526    0.0876561    0.0954483    0.0985874     0.095796    0.0759501    0.0467206  -0.00162706  -0.00155752  -0.00786964   -0.0253449   -0.0195596   -0.0184672   -0.0183831   -0.0182168   -0.0185383    -0.019137    -0.020074   -0.0207344   -0.0250436   -0.0264595   -0.0263263   -0.0261324   -0.0259174    -0.026365   -0.0269316   -0.0277373   -0.0275399   -0.0274108   -0.0266476   -0.0272678   -0.0265037   -0.0281068    -0.030499   -0.0328906   -0.0360596   -0.0475636   -0.0575356   -0.0700606   -0.0670741   -0.0143677   -0.0151072   -0.0219935  -0.00272167   -0.0266622   -0.0360478   -0.0661202  1.22811e-09   0.00663801  -0.00195715
    0.308364     0.265123     0.208731     0.272124     0.249305     0.263972     0.262645     0.289878     0.212199      0.28431     0.282914     0.280251      0.29844      0.28288     0.308418     0.232824     0.233324     0.266185     0.194714    -0.595629     -2.78966      10.3748     -2.78716    -0.734405   -0.0639608     0.140028      0.22747     0.273111     0.283225     0.290773     0.323557     0.328078     0.283787     0.248018     0.307325     0.297108     0.267409     0.282786      0.27795     0.268592     0.269777     0.300178     0.286884     0.282986     0.299216     0.296594     0.281334      0.26978     0.323538     0.243335     0.313991     0.233986     0.133771     0.277643     0.258188   0.00268412     0.263726   0.00938388     0.236274     0.160563   -0.0557886   0.00262151   0.00249175 -0.000328626   0.00240057   0.00475161   0.00880138    0.0149389    0.0235613    0.0324976    0.0430319    0.0539851    0.0664711    0.0787993    0.0944544     0.109453     0.120139     0.126745      0.12326     0.109803     0.080033    0.0148321  -0.00147674   -0.0427167   -0.0312773   -0.0286348   -0.0280605   -0.0279869   -0.0283238   -0.0291141   -0.0303159    -0.030906    -0.035369   -0.0367083   -0.0351635   -0.0339753   -0.0329383   -0.0321924    -0.032482   -0.0331868   -0.0329281   -0.0327909   -0.0317074   -0.0317005   -0.0306627   -0.0320942   -0.0344714   -0.0369998   -0.0403983   -0.0525051   -0.0629936    -0.075226   -0.0726068   -0.0206629   -0.0197111   -0.0205139   -0.0041184   -0.0245375   -0.0372589   -0.0685399  1.08186e-08   0.00206031  -0.00159239
    0.324431     0.283682     0.221344     0.291598     0.258598     0.278129     0.278778     0.306664      0.22026     0.296774     0.296394     0.293975      0.31418     0.300642     0.337063     0.263323     0.259112     0.269653     0.264813    0.0927872    -0.729434     -2.78716      10.3342     -2.68565     -0.84491    -0.140066     0.142436      0.24166     0.270827     0.291071      0.33449     0.346041     0.304208     0.267155     0.327913     0.316377     0.285677     0.300462     0.296076     0.287667     0.287607     0.318185     0.304401     0.301678     0.317554     0.314396     0.298378     0.286111     0.342945     0.253594     0.328818     0.244041     0.138285     0.297134     0.275604   0.00311908     0.278012    0.0103516     0.253611     0.167789   -0.0586867   0.00249666   0.00152739  -0.00188696  0.000556807   0.00250281   0.00592032    0.0111918    0.0192737    0.0271868    0.0364513    0.0461125    0.0571987    0.0685016    0.0836091    0.0991789     0.111227     0.119599     0.120616      0.11082    0.0880576    0.0268849  -0.00257067   -0.0465875   -0.0320959   -0.0241152   -0.0211032   -0.0215068   -0.0215874   -0.0228664   -0.0245141   -0.0254955   -0.0296721   -0.0311962   -0.0307331   -0.0300906   -0.0294961   -0.0294792   -0.0300557    -0.030928   -0.0307188   -0.0305809   -0.0296053    -0.029981   -0.0290529   -0.0306878   -0.0332304   -0.0358137   -0.0392074   -0.0515397   -0.0621832   -0.0755847   -0.0725814   -0.0147777   -0.0161083   -0.0212797  -0.00324148   -0.0259871    -0.037274   -0.0710959 -1.90945e-09   0.00546832  -0.00178596
    0.299454     0.275417      0.21091     0.284853       0.2265     0.257237     0.264249     0.287994     0.194913     0.267859     0.270365     0.267861     0.287098     0.278052     0.323861     0.261456      0.26075     0.263621     0.249126      0.21495   0.00494386    -0.734405     -2.68565      11.2452     -2.44628     -0.92553    -0.121331     0.154238     0.221959     0.251798      0.30059     0.321235     0.294056     0.261685     0.313316     0.301711     0.275693      0.28551     0.283562     0.280032     0.276236     0.300337     0.288077     0.289505     0.300692     0.296567     0.281813     0.270173     0.323523     0.227725     0.299214     0.218835     0.120598     0.285732     0.264611   0.00362937     0.257372    0.0108588     0.249177      0.15218   -0.0539291   0.00583018   0.00373901  0.000477833   0.00220683   0.00388402   0.00638877   0.00975375    0.0149595    0.0196211    0.0250222    0.0305923    0.0368978    0.0432154    0.0519236     0.061076    0.0680259    0.0721823    0.0712339    0.0607428    0.0393262  -0.00215127   -0.0395787   -0.0183118   -0.0232259  -0.00816743   0.00139479 -0.000145694 -0.000544608  -0.00227096   -0.0042401  -0.00579169  -0.00878059   -0.0104562   -0.0129791   -0.0141164   -0.0149964   -0.0171908   -0.0183734   -0.0194729    -0.019429   -0.0193213   -0.0189168   -0.0204123   -0.0200318   -0.0219372    -0.024399   -0.0265453   -0.0292333   -0.0396694   -0.0487708   -0.0618108   -0.0580083  -0.00301876  -0.00742474   -0.0235788 -6.35176e-06    -0.029496   -0.0329153     -0.06275  3.72415e-09    0.0156969  -0.00230199
     0.28222      0.25887     0.197874     0.267648     0.213235     0.241944     0.248425     0.270751      0.18329     0.251643     0.253782     0.251399     0.269593     0.261594     0.306559     0.251582     0.256306     0.264443     0.250033     0.228169     0.155337   -0.0639608     -0.84491     -2.44628      11.7991     -2.49035    -0.783019   -0.0228524     0.167474     0.211053     0.263309     0.291978     0.270697     0.243062     0.294998     0.284262     0.258526     0.268706     0.266058     0.261535     0.259187     0.283207     0.271259      0.27145     0.283041     0.279295     0.265114     0.254093     0.304449     0.217449     0.283599     0.206853     0.114545     0.265118     0.246814   0.00326558      0.24208    0.0101066     0.233468     0.143337   -0.0510917   0.00460435   0.00245593 -0.000804025  0.000709127   0.00206928   0.00417294   0.00709881    0.0119899    0.0162043    0.0210532      0.02611    0.0319181    0.0379992    0.0468099    0.0569201    0.0656689    0.0724519    0.0758012    0.0732218    0.0623555    0.0405443   0.00981742    0.0254924    -0.029904   -0.0199117  2.52823e-05  -0.00327034   -0.0070119  -0.00863561   -0.0108194    -0.012396   -0.0149323   -0.0165713   -0.0184719    -0.018956   -0.0191996   -0.0205017   -0.0214128   -0.0223787   -0.0223063   -0.0222049   -0.0215976   -0.0226378   -0.0221269   -0.0238492   -0.0261526   -0.0281848   -0.0307398   -0.0407956   -0.0494701   -0.0608543   -0.0572447   -0.0109381   -0.0127344    -0.023568 -0.000446412   -0.0290344   -0.0326793   -0.0595747 -3.54781e-09    0.0145786  -0.00237241
