   113   113     1
     7.43818     -6.36009    -0.690978     0.142048     0.197633     0.199396     0.170417     0.102216     0.029599   -0.0249712   -0.0558349   -0.0550475   -0.0411584   -0.0140883   0.00862123    0.0126157   0.00274656  -0.00920539   -0.0126059  -0.00874478   -0.0071251  -0.00806621  -0.00422391 -0.000523237 -0.000502074  -0.00439367  -0.00893336   -0.0101438  -0.00855643  -0.00521807  -0.00142141   0.00339402   0.00597803   0.00279335  -0.00308649  -0.00719697  -0.00615525   0.00323485   0.00801293  0.000655072  -0.00580399  -0.00143743 -0.000954721   -0.0117475   -0.0148724   -0.0077349   0.00575468    0.0180244    0.0170166    0.0112803   0.00364905   -0.0198507   -0.0300613   -0.0162506    0.0136015     0.121546     0.361835    -0.174139    0.0898811     0.230265      0.26612     0.252623     0.229042     0.202568     0.173972      0.14307     0.109801    0.0768429    0.0464098    0.0217685   0.00546612  -0.00321656  -0.00687107  -0.00816053  -0.00842744  -0.00815874    -0.007975   -0.0083332  -0.00889779  -0.00959214    -0.010263   -0.0110048    -0.011937    -0.012753   -0.0128206    -0.011403  -0.00816732   -0.0025408   0.00477094    0.0125307    0.0207244     0.027962    0.0340748    0.0397742    0.0435576    0.0440737     0.040783    0.0320904    0.0189039  0.000226529    -0.023739   -0.0499871   -0.0712416   -0.0844512   -0.0991682     -0.13251    -0.178213     -0.21332    -0.199859    -0.116293 -8.25212e-08  -0.00943844    0.0347131
    -6.36009      7.56214     -1.21907    -0.154541    -0.152647    -0.169592    -0.127495   -0.0621777   0.00162457    0.0416387    0.0477766    0.0348544    0.0145041   0.00536832   0.00559654   0.00518014   0.00246098  0.000457637   0.00282189   0.00709347   0.00690946   0.00336454   0.00364902   0.00590286   0.00659751   0.00432201  0.000887046 -0.000725541 -0.000317684   0.00156033   0.00416889   0.00781531   0.00995869   0.00734622   0.00200567  -0.00199507   -0.0017691   0.00507214   0.00852315   0.00080634  -0.00802087  -0.00646322  -0.00352843  -0.00619757 -0.000727235     0.011779    0.0220473    0.0184635    -0.005629   -0.0237577   -0.0146774    0.0061744    0.0224313    0.0059288   -0.0257994      1.31988      1.20517    -0.146933    -0.261942     -0.26371    -0.218197    -0.165047    -0.124996   -0.0968063   -0.0754508   -0.0576755   -0.0416691   -0.0272217   -0.0142963  -0.00427347    0.0020148   0.00532218   0.00685919    0.0076549   0.00814649   0.00840069   0.00859378   0.00890926   0.00913831   0.00924033   0.00922449   0.00917502   0.00904965   0.00873508   0.00822773   0.00739955   0.00602501   0.00438535    0.0026053  0.000478926  -0.00151002   -0.0036398  -0.00560541  -0.00700744  -0.00813277  -0.00848828  -0.00700175  -0.00415957    0.0019551    0.0116212    0.0247717    0.0428952    0.0711053      0.10926     0.143851      0.15971     0.147284     0.107195    0.0526875     -0.01808   7.5472e-08  -0.00877785   -0.0311822
   -0.690978     -1.21907      3.30734     -1.57001    0.0267047   -0.0073769   -0.0267141  -0.00590245   0.00931178    0.0156276    0.0192033    0.0144141     0.010161  -0.00134726   -0.0100902   -0.0067916   0.00296033    0.0101205   0.00841742    0.0021018  0.000816908   0.00358813   0.00173679   -0.0010442 -0.000998477   0.00254432   0.00660684   0.00745923   0.00571326   0.00267401 -0.000351894  -0.00411191  -0.00584985  -0.00219214   0.00384696   0.00781681   0.00684992  -0.00181068  -0.00547848   0.00373925    0.0124926   0.00869415   0.00527513   0.00974544   0.00461635  -0.00820016   -0.0193094   -0.0170986   0.00684085    0.0258347    0.0165636 -0.000870106    -0.011672     0.011487  0.000230158    -0.415832    -0.481162      1.24778    -0.259311    -0.176005    -0.146685    -0.129963     -0.11307    -0.095746   -0.0781986   -0.0612314   -0.0460481   -0.0335389   -0.0240296   -0.0171697   -0.0128334   -0.0105558  -0.00962457  -0.00941871  -0.00957245   -0.0098445   -0.0100709   -0.0102127   -0.0102462   -0.0101964   -0.0101449   -0.0101355   -0.0100874   -0.0100034   -0.0100812   -0.0103982   -0.0108054   -0.0116339    -0.012676   -0.0134119   -0.0143361   -0.0148041   -0.0151554   -0.0158824   -0.0162706   -0.0164656   -0.0169759   -0.0164441   -0.0166071   -0.0174317   -0.0191692   -0.0244577   -0.0405507   -0.0706026    -0.103723    -0.122985    -0.120426    -0.101536   -0.0846708   -0.0512935  -1.7701e-08    0.0114621  -0.00410644
    0.142048    -0.154541     -1.57001      3.16795     -1.77549     0.116593    0.0371072   -0.0124604  0.000754856     0.012515    0.0143413   0.00930672   0.00320256  -0.00214442  -0.00431178  -0.00291579 -0.000221459   0.00165409   0.00163386  0.000504142 -2.27701e-05  0.000172685 -0.000168763 -0.000444428 -0.000297843  0.000241405  0.000724186  0.000639513  0.000207383 -0.000262761  -0.00043796  -0.00052873 -0.000425248  0.000107897  0.000636486  0.000829157  0.000661062 -0.000228083 -0.000395147  0.000807657   0.00167183  0.000964176  0.000284644  0.000256513  -0.00100919  -0.00256378  -0.00316588  -0.00171789   0.00234823   0.00564608   0.00429211  0.000744064  -0.00240842 -0.000770782   -0.0096615    -0.257049     -0.27444   -0.0845699      1.10501    -0.165289   -0.0490299   -0.0249684   -0.0202182   -0.0162063   -0.0129407   -0.0100909  -0.00777042  -0.00610316  -0.00512827  -0.00460289     -0.00436  -0.00423699  -0.00414078  -0.00406996  -0.00403703  -0.00402119   -0.0040132  -0.00403146  -0.00406324  -0.00411294  -0.00418417  -0.00428577  -0.00440381  -0.00451926  -0.00463293  -0.00471893   -0.0047275  -0.00467659  -0.00454826   -0.0043198  -0.00411263  -0.00387006  -0.00367189  -0.00357477  -0.00355179  -0.00373124  -0.00418956  -0.00472078  -0.00553734  -0.00663151  -0.00798543  -0.00977163   -0.0125618   -0.0170436   -0.0224625   -0.0269954   -0.0297239   -0.0309482   -0.0324889   -0.0289049 -1.83695e-09   -0.0115761 -0.000984033
    0.197633    -0.152647    0.0267047     -1.77549      3.62962     -2.17122     0.166255    0.0804248   -0.0139079  -0.00247441    0.0124915     0.013321   0.00645687  0.000504029  -0.00241866  -0.00331247  -0.00290075  -0.00191982 -0.000609625  0.000417626  0.000206738 -0.000772587 -0.000921984 -0.000647172 -0.000439696 -0.000602225 -0.000984837  -0.00115333  -0.00112604 -0.000908062 -0.000609219 -6.99462e-05  0.000338013  9.24918e-05 -0.000520193   -0.0010349  -0.00109016 -0.000110096  0.000381132 -0.000621682   -0.0015794  -0.00113082 -0.000884727  -0.00173682  -0.00160942 -0.000548295  0.000784269   0.00138473 -4.34104e-05  -0.00149916  -0.00033638   0.00114281   0.00108389  -0.00356048    -0.007981    -0.130296    -0.129342    -0.218046     0.030985     0.903505    -0.113115   -0.0134037   0.00264082   0.00152159  0.000350757 -0.000831508  -0.00188195  -0.00273534  -0.00348759  -0.00413919  -0.00464905  -0.00495283  -0.00504671  -0.00502201  -0.00496294  -0.00490339  -0.00485397  -0.00482088  -0.00481278  -0.00482518   -0.0048491  -0.00487607  -0.00491413  -0.00496056  -0.00498275  -0.00497293  -0.00494399  -0.00485302  -0.00472534  -0.00462953  -0.00449231  -0.00441468  -0.00436035  -0.00426297  -0.00422315  -0.00424412  -0.00427741  -0.00446912    -0.004608  -0.00473362  -0.00481487  -0.00449866  -0.00292629  0.000548494   0.00491351   0.00787637   0.00811198   0.00603635   0.00274435  -0.00393797  1.57848e-09   0.00969069  0.000898245
    0.199396    -0.169592   -0.0073769     0.116593     -2.17122      4.29806     -2.57685     0.184165     0.137864   -0.0134039  -0.00998966    0.0130048    0.0168269   0.00833051 -0.000980436  -0.00533506  -0.00485125  -0.00209765   1.4821e-05  0.000592655  0.000720434  0.000722531 -0.000213701  -0.00107599  -0.00119089 -0.000515163  0.000354756  0.000669401  0.000454848 -6.37786e-05 -0.000548974  -0.00108349  -0.00132738 -0.000836221 -4.88577e-05  0.000468084  0.000390081 -0.000791559  -0.00133229 -0.000115939   0.00104632  0.000532074  0.000160216  0.000947428  0.000478819  -0.00104662  -0.00258075   -0.0027755 -0.000323896   0.00204189   0.00177024   0.00106286 -0.000490478 -0.000723937  -0.00110089    -0.120624    -0.121803    -0.217582    -0.246271    0.0304425     0.609982   -0.0758458  -0.00944653   6.1917e-05  -0.00143484  -0.00196254  -0.00191051  -0.00159448  -0.00127177  -0.00101715 -0.000902521  -0.00090285 -0.000910226 -0.000903459 -0.000923487  -0.00096563 -0.000993428  -0.00100468   -0.0010006 -0.000987382 -0.000969357 -0.000949243 -0.000913107 -0.000861933 -0.000826133 -0.000827243 -0.000852175 -0.000958708   -0.0011169  -0.00124346  -0.00141821  -0.00152527  -0.00159248  -0.00170483  -0.00175833  -0.00175003  -0.00175365  -0.00161658  -0.00159542  -0.00165726   -0.0017977  -0.00228549   -0.0038859  -0.00691928  -0.00970308  -0.00966251  -0.00631804  -0.00107899   0.00260786   0.00416439  9.95282e-10  -0.00919318   0.00131037
    0.170417    -0.127495   -0.0267141    0.0371072     0.166255     -2.57685      4.98691     -2.97964     0.159344     0.204673    -0.002884   -0.0170932    0.0130605    0.0188219   0.00838348  -0.00182619  -0.00591183   -0.0049424  -0.00215474   0.00016808   0.00142034   0.00152776  0.000577831 -0.000478899 -0.000900547 -0.000547469  0.000153891  0.000637062  0.000713955   0.00042945  -5.1739e-05 -0.000613029 -0.000911798 -0.000643992 -5.95852e-05  0.000387197   0.00035613 -0.000356836 -0.000745191  -5.1142e-05   0.00076706    0.0006453   0.00047635  0.000943626  0.000695171 -0.000355113   -0.0014787  -0.00162836 -1.38743e-05   0.00135266  0.000880563 -0.000111791 -0.000766432  0.000764265   0.00194284   -0.0671078   -0.0679806    -0.152371    -0.202256    -0.214356    0.0615186     0.371356   -0.0352231   0.00192494    0.0067535   0.00497334   0.00420224   0.00379817    0.0036113   0.00363981   0.00366772   0.00360767   0.00356309   0.00356711   0.00356074   0.00352374   0.00348831   0.00346578   0.00345476   0.00344875   0.00344691   0.00345103   0.00346586   0.00348957   0.00350825   0.00351726    0.0035241   0.00349847   0.00344713   0.00341101   0.00336321   0.00334372   0.00333241   0.00329548   0.00329211   0.00332144   0.00332936   0.00339624   0.00337128   0.00322885   0.00293835   0.00228482  0.000683854  -0.00193263  -0.00451768  -0.00572472  -0.00493725  -0.00262154 -0.000193392   0.00260116  7.90101e-10   0.00368425  0.000856225
    0.102216   -0.0621777  -0.00590245   -0.0124604    0.0804248     0.184165     -2.97964      5.64898     -3.32486    0.0950813     0.276913     0.018453   -0.0239457   0.00966958    0.0200484   0.00921427  -0.00245747  -0.00669585   -0.0052555  -0.00197401  0.000949561   0.00237282   0.00177864  0.000399962   -0.0005872 -0.000627931  1.74121e-05  0.000660952  0.000953074   0.00078547  0.000325233 -0.000310085 -0.000704914 -0.000480033  9.01382e-05  0.000553813  0.000590406 -0.000127667 -0.000492381  0.000273843   0.00109747  0.000890733  0.000664888   0.00108252  0.000735402 -0.000283922  -0.00127635  -0.00129513  0.000481715   0.00208107   0.00121387 -0.000575847  -0.00136889   0.00161032   0.00251482   -0.0192538   -0.0215992   -0.0834871    -0.130448    -0.174519    -0.165995    0.0547171      0.19344   -0.0129119   0.00454369   0.00681173    0.0061208   0.00617482   0.00594513   0.00591638   0.00610106   0.00616149   0.00616281   0.00620544   0.00624429   0.00623312   0.00619889   0.00616199   0.00613366   0.00610186   0.00606565   0.00602563    0.0059903   0.00596491   0.00594051   0.00593269    0.0059629   0.00600611   0.00606518   0.00616908   0.00625944   0.00637305   0.00646803   0.00651142    0.0065536   0.00655497   0.00645692   0.00636882   0.00612116   0.00568526   0.00502468   0.00390546   0.00173488  -0.00182316  -0.00598949  -0.00927312   -0.0106564   -0.0102348  -0.00865965  -0.00368691  1.18814e-10  -0.00329762  0.000198695
    0.029599   0.00162457   0.00931178  0.000754856   -0.0139079     0.137864     0.159344     -3.32486      6.26107     -3.61963  -0.00266753     0.344533    0.0498813   -0.0309062   0.00324928     0.021452    0.0112099  -0.00320422  -0.00866859  -0.00624554  -0.00153381   0.00174582   0.00276418   0.00199721  0.000543125 -0.000587512 -0.000885397 -0.000418336   0.00027591  0.000719225  0.000724935  0.000499164  0.000242634  1.98482e-05 -7.35032e-05 -3.21205e-05  9.41522e-05  0.000383323  0.000488069   0.00024662    9.512e-05  0.000305488  0.000354972  1.94853e-05 -6.64068e-05  0.000133529   0.00049968  0.000851465  0.000853505  0.000756285  0.000290523 -0.000949148 -0.000981679   0.00112249  0.000488709    0.0248416    0.0227609   -0.0104531   -0.0510487   -0.0896398    -0.126233    -0.101123    0.0490145    0.0966884   0.00247793   0.00819807   0.00576933   0.00551177   0.00606015   0.00582095   0.00589354   0.00604161    0.0060725   0.00614092   0.00625806   0.00632851    0.0063345   0.00631062   0.00627972   0.00623221   0.00616547   0.00608496   0.00599275   0.00589973   0.00582906   0.00581795   0.00588533   0.00605381    0.0062971   0.00656993   0.00687283   0.00713882   0.00734314   0.00752589   0.00764162    0.0076329     0.007498    0.0072257   0.00685629   0.00632134   0.00558173   0.00465759   0.00366744   0.00256491  0.000725602   -0.0025293  -0.00672777   -0.0108658   -0.0129446    -0.010264 -7.24031e-10   0.00234584 -0.000447883
  -0.0249712    0.0416387    0.0156276     0.012515  -0.00247441   -0.0134039     0.204673    0.0950813     -3.61963      6.81999     -3.85227    -0.123973     0.399521    0.0907096   -0.0320004  -0.00488279     0.020031    0.0119265  -0.00376182  -0.00968933  -0.00684587  -0.00157621   0.00258412   0.00373739   0.00242879  0.000189568  -0.00142846  -0.00155322 -0.000676193  0.000395671  0.000970919   0.00118751   0.00105289  0.000439683 -0.000183994   -0.0004631 -0.000296167  0.000771293   0.00123922  0.000234649 -0.000626351 -7.05147e-05  0.000158447 -0.000812124 -0.000802909  0.000149499   0.00146888   0.00231156   0.00138751  0.000136729 -0.000151359  -0.00126652 -0.000902591  0.000645689  -0.00182546    0.0444377    0.0421384    0.0356165    0.0095607   -0.0218652   -0.0525949   -0.0770694   -0.0468095    0.0379004    0.0501599    0.0124755    0.0084058   0.00150778   0.00198881   0.00298087   0.00308576    0.0033955   0.00355181   0.00361514   0.00376692   0.00391121   0.00396184   0.00395392   0.00392926   0.00388718   0.00381717   0.00372124   0.00359924   0.00346768   0.00336964   0.00335777     0.003445   0.00369201   0.00404957   0.00441664    0.0048555   0.00521475   0.00548451     0.005762   0.00593072   0.00592682    0.0057904   0.00541789   0.00501546   0.00447134   0.00373271   0.00299101   0.00283007   0.00354456    0.0035926  0.000529669  -0.00558877   -0.0129044    -0.017621   -0.0167039 -8.87604e-10    0.0136964 -0.000848965
  -0.0558349    0.0477766    0.0192033    0.0143413    0.0124915  -0.00998966    -0.002884     0.276913  -0.00266753     -3.85227      7.30398     -4.02114    -0.264087     0.441254     0.140459   -0.0285963   -0.0154531    0.0164509     0.013414  -0.00310425   -0.0108645  -0.00755047 -0.000789319   0.00354172   0.00403205   0.00215884  2.19675e-05  -0.00108172 -0.000908823 -6.96254e-05  0.000656469   0.00076208  0.000428118  0.000158371   0.00014502  0.000310348  0.000450126  0.000279954  0.000251387  0.000679269   0.00103844  0.000841665  0.000559412  0.000412599 -0.000222155 -0.000951182  -0.00117498 -0.000322374   0.00175803   0.00330511   0.00209211 -0.000763484  -0.00211022   0.00121502  -0.00206365    0.0200669    0.0145737    0.0272319    0.0206264  0.000895545   -0.0241123   -0.0476209   -0.0614135   -0.0360945   0.00667106   0.00983205    0.0197729   0.00854485  -0.00161134 -0.000220589  0.000830015    0.0012832   0.00169911   0.00179589   0.00187468   0.00200108   0.00205342   0.00202831   0.00199544    0.0019718   0.00192807   0.00184159   0.00173026    0.0016227    0.0015276   0.00148359   0.00152984   0.00167186   0.00189194   0.00217326   0.00246966   0.00276907   0.00301005   0.00318992   0.00330493   0.00326973   0.00304985   0.00274853   0.00228407   0.00160135  0.000648637 -0.000726861  -0.00287422  -0.00616636   -0.0105347   -0.0154293   -0.0198175    -0.023036   -0.0244704   -0.0194153  -1.8139e-10  -0.00083937 -0.000778503
  -0.0550475    0.0348544    0.0144141   0.00930672     0.013321    0.0130048   -0.0170932     0.018453     0.344533    -0.123973     -4.02114      7.73395     -4.16021    -0.418614     0.464117     0.197022   -0.0151417   -0.0243131   0.00960179     0.011854  -0.00314648   -0.0111235  -0.00789437 -0.000542795   0.00428781   0.00472813   0.00242302 -0.000168643  -0.00136235   -0.0010395 -8.70546e-05   0.00040032   0.00029554  0.000180476  0.000278224  0.000490336  0.000526347 -6.21571e-05  -0.00024137  0.000720403   0.00159885   0.00123111  0.000791407  0.000969098   0.00014255  -0.00133228  -0.00231851  -0.00150872   0.00176666   0.00426215   0.00277058 -0.000595983  -0.00240825   0.00155977  -0.00185821   -0.0061378   -0.0126634   0.00468664    0.0119207   0.00668071  -0.00975326   -0.0284817   -0.0453019   -0.0511331   -0.0346043   -0.0159233   -0.0132759    0.0280126     0.010573   0.00122371   0.00210093   0.00209092   0.00218889   0.00230027   0.00229554   0.00237707   0.00243278   0.00240084   0.00234279    0.0023183   0.00229708   0.00223346   0.00213638    0.0020416   0.00195456   0.00189582   0.00191065   0.00198803   0.00211448   0.00229907   0.00248514   0.00270119   0.00287488   0.00297406   0.00303606    0.0029833   0.00275337   0.00251268   0.00208803   0.00142764  0.000473148  -0.00107298  -0.00398317  -0.00867405   -0.0143143   -0.0194216   -0.0226833   -0.0239408    -0.023959   -0.0180863  7.85483e-10   0.00316385 -0.000607534
  -0.0411584    0.0145041     0.010161   0.00320256   0.00645687    0.0168269    0.0130605   -0.0239457    0.0498813     0.399521    -0.264087     -4.16021      8.12524     -4.24834    -0.588419     0.469655     0.256966   0.00820599   -0.0309009 -0.000715394   0.00783175  -0.00305397   -0.0111444  -0.00815394  -0.00012479   0.00548591   0.00598077   0.00283767 -0.000474253  -0.00197029  -0.00153852 -0.000812232 -0.000410255  0.000168831  0.000713948   0.00100399   0.00083783 -0.000790701  -0.00131097  0.000855546   0.00270643   0.00172455  0.000942719   0.00193589  0.000848724   -0.0017009  -0.00390617  -0.00358038   0.00125516   0.00565754    0.0039419  0.000224962  -0.00256148   0.00169957  -0.00121243   -0.0316879   -0.0393921   -0.0254065   -0.0117565  -0.00594735   -0.0116651   -0.0248206   -0.0384152   -0.0486046   -0.0499095   -0.0408827   -0.0440973   -0.0337177    0.0266568    0.0100073   0.00617028   0.00633188   0.00534722   0.00499558   0.00484728   0.00483604   0.00486244   0.00480997   0.00471108   0.00465444   0.00463903   0.00459311   0.00451466   0.00444213   0.00436496   0.00428538   0.00426592   0.00424986    0.0042581   0.00436182   0.00439678   0.00452379   0.00464373   0.00463603   0.00462921   0.00453447   0.00423863   0.00406736   0.00361192   0.00289085   0.00187324  2.80885e-05  -0.00404624   -0.0113685   -0.0199226    -0.025675   -0.0267638   -0.0242715   -0.0216053   -0.0139451   9.9878e-10   -0.0169401 -0.000323247
  -0.0140883   0.00536832  -0.00134726  -0.00214442  0.000504029   0.00833051    0.0188219   0.00966958   -0.0309062    0.0907096     0.441254    -0.418614     -4.24834      8.48538     -4.32538    -0.759031     0.459141     0.314892     0.037298   -0.0355325   -0.0125907   0.00128736  -0.00529933   -0.0107194  -0.00631021   0.00194284   0.00636921   0.00501367  0.000904732  -0.00223179  -0.00268444  -0.00123017  0.000419939   0.00113216  0.000773679  2.76554e-05 -0.000401689 -0.000459624 -0.000179058  0.000235153  0.000435656  0.000316762   0.00017112  9.99669e-05 -8.52908e-05 -0.000222583 -0.000231241 -4.56212e-05   0.00046559   0.00116353   0.00101005  0.000141413 -0.000474729  0.000252273  -0.00249687   -0.0141072   -0.0188437   -0.0179597   -0.0086567   0.00237682   0.00720697    0.0025651  -0.00730468   -0.0168176   -0.0237634   -0.0254082    -0.029496   -0.0494387   -0.0291626    0.0175144   0.00829276   0.00978931   0.00920153   0.00775956      0.00718   0.00707887   0.00711437   0.00706729   0.00693931   0.00682005   0.00677015   0.00673165   0.00664572   0.00653691   0.00645474   0.00641384   0.00644034   0.00655793   0.00675649   0.00698645   0.00719579   0.00738833   0.00754339   0.00766156   0.00771853   0.00764813   0.00745271   0.00720404   0.00687452   0.00643805    0.0058819   0.00515995    0.0042042   0.00270802  0.000397588  -0.00248726  -0.00557575  -0.00859618   -0.0109447   -0.0102554 -5.19278e-10  -0.00755057  -0.00050697
  0.00862123   0.00559654   -0.0100902  -0.00431178  -0.00241866 -0.000980436   0.00838348    0.0200484   0.00324928   -0.0320004     0.140459     0.464117    -0.588419     -4.32538      8.81516     -4.36114    -0.914444     0.429516     0.365982     0.075481    -0.033138   -0.0259847  -0.00908193   -0.0081281  -0.00895575  -0.00367742   0.00324353    0.0059849   0.00349324 -0.000701367   -0.0029683   -0.0017694  0.000863384   0.00193916   0.00101313 -0.000649437  -0.00143712  0.000291289    0.0014365 -0.000372902  -0.00218559  -0.00118684  -0.00062442  -0.00225299  -0.00161756   0.00100832   0.00380882    0.0044083  0.000415151  -0.00317889  -0.00195379 -0.000419574   0.00119608  -0.00136248  -0.00518831     0.019779    0.0185406   0.00796561   0.00976071    0.0209151    0.0323036    0.0365978    0.0329747     0.025818    0.0187606    0.0134925    0.0105503  -0.00668152   -0.0352955   -0.0120004   0.00253666   0.00263466    0.0071395   0.00635685   0.00507374    0.0046248   0.00463002   0.00457021   0.00440861    0.0042123   0.00410802    0.0040701   0.00397569   0.00382149   0.00372538   0.00373863   0.00383253   0.00412805   0.00458781   0.00501585   0.00550099   0.00582627   0.00606436   0.00637647   0.00654555   0.00651986   0.00643744   0.00606369    0.0058538   0.00570321   0.00559719   0.00606477   0.00861308    0.0138842    0.0188172    0.0187112    0.0123122    0.0019225   -0.0066941   -0.0129361 -2.17478e-09    0.0122122 -0.000929452
   0.0126157   0.00518014   -0.0067916  -0.00291579  -0.00331247  -0.00533506  -0.00182619   0.00921427     0.021452  -0.00488279   -0.0285963     0.197022     0.469655    -0.759031     -4.36114      9.09291     -4.37829     -1.06206      0.38849     0.415282     0.120732   -0.0256444   -0.0381967   -0.0217545    -0.013819  -0.00870144 -0.000556286   0.00670107   0.00778735   0.00337305  -0.00181937  -0.00339926  -0.00147803  0.000838371   0.00159315   0.00073511 -0.000350868   0.00045992   0.00112628 -0.000333614  -0.00169502 -0.000789826 -0.000428155  -0.00209054  -0.00191001  0.000135148    0.0026896   0.00381211    0.0012711  -0.00134192 -0.000770509 -0.000549905  0.000143905  -0.00139893  -0.00661496    0.0268692    0.0257868    0.0148782    0.0136108     0.021607    0.0334394    0.0429437    0.0462637    0.0441814    0.0403829    0.0369997    0.0364833    0.0324911   0.00514304   -0.0139503 -0.000753789   -0.0104201  -0.00418276  0.000242839 -0.000438929  -0.00145264  -0.00168025  -0.00175615  -0.00196768  -0.00226841  -0.00245031  -0.00248516  -0.00254325  -0.00268849  -0.00279922  -0.00277722   -0.0026755  -0.00240003  -0.00194452  -0.00146891 -0.000941862 -0.000580573 -0.000315582  5.20865e-06  0.000193455  0.000171753   5.2349e-05  -0.00032686 -0.000570437 -0.000779437 -0.000986899 -0.000761104    0.0011376   0.00519108   0.00877202   0.00779382   0.00139592   -0.0081693   -0.0158788   -0.0197386 -1.96707e-09    0.0124031 -0.000945745
  0.00274656   0.00246098   0.00296033 -0.000221459  -0.00290075  -0.00485125  -0.00591183  -0.00245747    0.0112099     0.020031   -0.0154531   -0.0151417     0.256966     0.459141    -0.914444     -4.37829      9.33682     -4.38194     -1.20393     0.333313     0.458007     0.171937  -0.00947442   -0.0499154   -0.0390696   -0.0232249  -0.00809689   0.00566062    0.0128031    0.0104997   0.00252889  -0.00427803   -0.0057849  -0.00275785   0.00116105   0.00296064   0.00226686   0.00056178 -0.000383481 -0.000117607  0.000523003  0.000701375  0.000442176 -9.75854e-05  -0.00100957  -0.00167789  -0.00152673 -0.000164135   0.00218312   0.00372427   0.00259378 -0.000335405  -0.00219037  -0.00016393  -0.00588334   0.00772791   0.00453889  0.000551267  0.000434158   0.00435735    0.0122716    0.0218225    0.0291564    0.0322487    0.0326649    0.0325635    0.0343531    0.0384048    0.0316166   0.00727082   0.00486805   0.00218108   -0.0154227  -0.00812827  -0.00509972  -0.00569917  -0.00628288  -0.00625812   -0.0063952  -0.00680149  -0.00715124  -0.00723303  -0.00720656  -0.00728565   -0.0074227  -0.00744792  -0.00738504  -0.00727613  -0.00705059  -0.00668271  -0.00628978  -0.00597609  -0.00575662  -0.00558356  -0.00546389  -0.00550727  -0.00574387  -0.00603465  -0.00637749  -0.00681891  -0.00742278  -0.00829756  -0.00967934   -0.0118721   -0.0149379   -0.0187659   -0.0226094   -0.0257458   -0.0277563   -0.0241018 -2.41705e-10   0.00207047 -0.000553071
 -0.00920539  0.000457637    0.0101205   0.00165409  -0.00191982  -0.00209765   -0.0049424  -0.00669585  -0.00320422    0.0119265    0.0164509   -0.0243131   0.00820599     0.314892     0.429516     -1.06206     -4.38194      9.56933     -4.36942      -1.3475     0.263994     0.493489      0.22819    0.0130979   -0.0606258    -0.058808   -0.0344564  -0.00752876    0.0127617    0.0194824    0.0127872   0.00024726  -0.00829882  -0.00814241  -0.00231008   0.00320393   0.00468801   0.00162161  -0.00105181 -2.33773e-05   0.00194157   0.00157118   0.00105969   0.00175784   0.00017238  -0.00265354  -0.00464232   -0.0035355   0.00229076   0.00707619   0.00487287  3.85278e-05  -0.00353637    0.0010276  -0.00396316   -0.0147506   -0.0201346   -0.0181456   -0.0163138   -0.0154126   -0.0123529  -0.00619677  0.000953859   0.00645111   0.00960169    0.0115545    0.0142159    0.0198437    0.0257978    0.0168143   0.00761832    0.0141346  0.000532585   -0.0127133  -0.00716812  -0.00521126  -0.00567144   -0.0054966  -0.00519051  -0.00544978  -0.00601901  -0.00632258  -0.00625132  -0.00619894  -0.00635114   -0.0064747  -0.00645594   -0.0064995  -0.00654688  -0.00635323  -0.00609071  -0.00579337  -0.00561177  -0.00558529  -0.00554544  -0.00559973  -0.00592159  -0.00614086  -0.00656676   -0.0071707  -0.00803093  -0.00971433   -0.0136703   -0.0208934    -0.029342   -0.0352527   -0.0366289   -0.0342147   -0.0314593   -0.0224846  1.15423e-09   -0.0107301 -0.000149343
  -0.0126059   0.00282189   0.00841742   0.00163386 -0.000609625   1.4821e-05  -0.00215474   -0.0052555  -0.00866859  -0.00376182     0.013414   0.00960179   -0.0309009     0.037298     0.365982      0.38849     -1.20393     -4.36942       9.7924     -4.35252     -1.48631     0.185917     0.518338      0.28687      0.04268   -0.0671192   -0.0798726   -0.0497418  -0.00973219    0.0193699    0.0268581    0.0154038  -0.00151131   -0.0109254  -0.00932083  -0.00193544   0.00384667   0.00379772   0.00119955  0.000393965  0.000910416  0.000588448  0.000631239    0.0015739  0.000482822  -0.00178833  -0.00350926  -0.00283617   0.00159605   0.00536807   0.00374543   5.2697e-05  -0.00262988   0.00110342  -0.00271318   -0.0167661   -0.0222083   -0.0210675   -0.0197156   -0.0197967   -0.0194533   -0.0170463   -0.0128514  -0.00857793  -0.00574753  -0.00427675  -0.00302217  0.000294616   0.00776533    0.0107317   0.00439062    0.0100297     0.015767   0.00112176  -0.00570837  -0.00188148  -0.00111211  -0.00116124 -0.000238629  0.000244598 -0.000221975 -0.000893998  -0.00101117 -0.000820441 -0.000886942  -0.00110542  -0.00111545  -0.00112142  -0.00126814  -0.00125716  -0.00102535 -0.000643666 -0.000407534 -0.000359432 -0.000327198 -0.000341034 -0.000592979 -0.000837155  -0.00126375   -0.0017967  -0.00248676  -0.00383141  -0.00703475   -0.0129179   -0.0199412   -0.0251164    -0.026798   -0.0255302   -0.0238434   -0.0170383  9.38242e-10  -0.00863427 -0.000144258
 -0.00874478   0.00709347    0.0021018  0.000504142  0.000417626  0.000592655   0.00016808  -0.00197401  -0.00624554  -0.00968933  -0.00310425     0.011854 -0.000715394   -0.0355325     0.075481     0.415282     0.333313      -1.3475     -4.35252      10.0019     -4.32325     -1.60756    0.0992406     0.534894     0.346843    0.0793056   -0.0707895    -0.103598   -0.0688887   -0.0136284    0.0267286    0.0358276    0.0198668  -0.00224659   -0.0141118   -0.0119268   -0.0028921   0.00408272    0.0051276   0.00232638  -0.00037251  -0.00105624 -0.000550373 -0.000144554  -0.00011535 -0.000300494 -0.000273705  0.000231867  0.000977691   0.00146214   0.00109952 -0.000283185 -0.000885812  0.000441663  -0.00303884  -0.00397123  -0.00790043     -0.01124   -0.0116794   -0.0110103   -0.0106137   -0.0101118  -0.00882949  -0.00720084  -0.00626907  -0.00640316  -0.00728429  -0.00714203  -0.00312767   0.00280927   0.00149384   0.00187739    0.0141364    0.0150713   0.00454416   0.00103842   0.00303346   0.00221893   0.00285599   0.00432449   0.00474664   0.00402004   0.00343208   0.00358757   0.00377839    0.0035841   0.00352615   0.00373228   0.00373664   0.00355857   0.00365808   0.00406873   0.00441701   0.00462594   0.00470573    0.0047478   0.00468695   0.00440519   0.00401428   0.00360572   0.00321848   0.00275336   0.00205167   0.00101361 -0.000781798  -0.00384234  -0.00774307   -0.0117146   -0.0145946    -0.013711 -6.11142e-11   0.00719639 -0.000463613
  -0.0071251   0.00690946  0.000816908 -2.27701e-05  0.000206738  0.000720434   0.00142034  0.000949561  -0.00153381  -0.00684587   -0.0108645  -0.00314648   0.00783175   -0.0125907    -0.033138     0.120732     0.458007     0.263994     -1.48631     -4.32325      10.1958     -4.28162     -1.72153   0.00638107     0.545129     0.406446      0.11948   -0.0714763    -0.127348   -0.0893775   -0.0181914    0.0343919    0.0453588    0.0239043  -0.00409452     -0.01778   -0.0139946  -0.00249005   0.00527049   0.00557898   0.00208447 -0.000522012  -0.00119719  -0.00103969 -0.000574997 -0.000233493  0.000137314  0.000673555   0.00097725    0.0010841  0.000898928 -0.000215482 -0.000648864  0.000215691  -0.00375461  -0.00179577   -0.0054321  -0.00933256  -0.00938434   -0.0075487  -0.00612391  -0.00559374  -0.00527293  -0.00475501  -0.00437737   -0.0045778  -0.00570616  -0.00691215  -0.00600765  -0.00159964  0.000244331  -0.00222907   0.00428731    0.0143501    0.0121559   0.00508347   0.00406139   0.00320964   0.00181333   0.00295624    0.0046324   0.00476091   0.00386566   0.00365262   0.00413615    0.0042161   0.00408531   0.00444765   0.00480957   0.00459367    0.0042572   0.00435867   0.00470197   0.00500462    0.0051013   0.00511123   0.00517335   0.00503999   0.00468459   0.00419261   0.00373779   0.00335814    0.0030248   0.00266679   0.00155923  -0.00128066  -0.00562766   -0.0105415   -0.0143506   -0.0144776 -2.43285e-10    0.0081804 -0.000565799
 -0.00806621   0.00336454   0.00358813  0.000172685 -0.000772587  0.000722531   0.00152776   0.00237282   0.00174582  -0.00157621  -0.00755047   -0.0111235  -0.00305397   0.00128736   -0.0259847   -0.0256444     0.171937     0.493489     0.185917     -1.60756     -4.28162      10.3794     -4.24153     -1.83812   -0.0872768     0.547384     0.463403     0.163358   -0.0684477    -0.150353     -0.11087   -0.0240796    0.0409558    0.0543307     0.027889  -0.00517752    -0.020373   -0.0155716  -0.00284444   0.00598417   0.00678914   0.00280484 -0.000302878 -0.000702474 -0.000735703  -0.00119364  -0.00165525  -0.00114811   0.00108253   0.00314493   0.00241712  0.000271706  -0.00137474  0.000418422  -0.00370754  -0.00877653   -0.0133138   -0.0150305   -0.0135626   -0.0111952  -0.00911566  -0.00775675  -0.00693897   -0.0060526  -0.00504891  -0.00425996  -0.00426786   -0.0051944   -0.0059267  -0.00402532  -0.00147483   -0.0036639  -0.00440716   0.00353054   0.00879444   0.00604705   0.00290349   0.00460387   0.00149743  -0.00021124   0.00120243   0.00268213   0.00232967   0.00158269   0.00200498   0.00258476   0.00249642   0.00277687   0.00365844   0.00398373   0.00338338   0.00288904   0.00295606   0.00318829   0.00327046   0.00311266   0.00309207   0.00324763   0.00308592   0.00255004   0.00186544   0.00100491 -0.000615312  -0.00366768   -0.0078126   -0.0117938   -0.0147505   -0.0166621   -0.0180479   -0.0152369  7.82348e-11  -0.00799653 -0.000334455
 -0.00422391   0.00364902   0.00173679 -0.000168763 -0.000921984 -0.000213701  0.000577831   0.00177864   0.00276418   0.00258412 -0.000789319  -0.00789437   -0.0111444  -0.00529933  -0.00908193   -0.0381967  -0.00947442      0.22819     0.518338    0.0992406     -1.72153     -4.24153       10.552     -4.20259     -1.93489    -0.180149     0.542791     0.515882     0.207862   -0.0633088    -0.171648    -0.131778   -0.0300615    0.0479067    0.0630363    0.0311939  -0.00699744   -0.0232073   -0.0163317  -0.00194209   0.00636261   0.00597971   0.00217086 -0.000430384  -0.00125517  -0.00122993  -0.00099555 -0.000389143  0.000867289   0.00204108   0.00168409  0.000169456 -0.000906212   0.00021624  -0.00370588  -0.00209111  -0.00597297  -0.00963619  -0.00937279   -0.0070097  -0.00422331  -0.00198937 -0.000658575  7.05477e-05  0.000529935  0.000776951  0.000593667 -0.000547671  -0.00253747   -0.0032756  -0.00195598  -0.00291351  -0.00686374  -0.00531231  0.000826068   0.00341583   0.00166266   0.00429867    0.0060465   0.00168957 -0.000126078   0.00111743   0.00190398   0.00101534  0.000750149   0.00165679   0.00188105   0.00181126   0.00300195   0.00453018   0.00475889   0.00402298   0.00363805   0.00369271   0.00378502   0.00340477   0.00303819   0.00317642   0.00339381   0.00326714   0.00279784   0.00218737   0.00130877 -0.000311288  -0.00292079  -0.00623264  -0.00972161   -0.0130237   -0.0155986   -0.0142926 -3.05071e-10  -0.00389161 -0.000306092
-0.000523237   0.00590286   -0.0010442 -0.000444428 -0.000647172  -0.00107599 -0.000478899  0.000399962   0.00199721   0.00373739   0.00354172 -0.000542795  -0.00815394   -0.0107194   -0.0081281   -0.0217545   -0.0499154    0.0130979      0.28687     0.534894   0.00638107     -1.83812     -4.20259      10.7103     -4.15271     -2.01858    -0.266825     0.533889      0.56447     0.251761   -0.0560716    -0.190109    -0.151015   -0.0354338    0.0534125    0.0693354     0.032957   -0.0080289   -0.0238189   -0.0163826  -0.00241008   0.00545302   0.00503971   0.00112173 -0.000981576  -0.00077111  0.000290135   0.00100164  0.000597412  0.000247671  0.000470967 -5.49001e-05 -0.000190103  -0.00014395   -0.0042419   0.00775903   0.00464047  -0.00192285  -0.00347197  -0.00135919   0.00176869   0.00451503   0.00626388   0.00690181   0.00678828    0.0062651   0.00556705   0.00432854   0.00204968 -0.000220913 -0.000480169 -0.000488512  -0.00387781  -0.00664812  -0.00395412  0.000357817   0.00100903   0.00164521   0.00709459   0.00863108   0.00373019   0.00156695   0.00215401   0.00173604  0.000500291  0.000942961   0.00160199  0.000965441   0.00132754   0.00363575   0.00570641   0.00583118   0.00527423   0.00504862   0.00512261   0.00465571   0.00367341    0.0031735   0.00341425   0.00377129   0.00377174   0.00367464   0.00405787   0.00485577   0.00476761   0.00236107  -0.00233403  -0.00826399   -0.0130955    -0.014391 -9.37301e-10   0.00343592 -0.000517454
-0.000502074   0.00659751 -0.000998477 -0.000297843 -0.000439696  -0.00119089 -0.000900547   -0.0005872  0.000543125   0.00242879   0.00403205   0.00428781  -0.00012479  -0.00631021  -0.00895575    -0.013819   -0.0390696   -0.0606258      0.04268     0.346843     0.545129   -0.0872768     -1.93489     -4.15271      10.8505     -4.11236     -2.09735    -0.353261     0.521898     0.609507     0.293974   -0.0472325     -0.20601    -0.168609   -0.0407984    0.0570452    0.0740146     0.034863  -0.00807522   -0.0244552   -0.0164134  -0.00203202   0.00485533   0.00352404  0.000743184 -0.000175196  0.000445525   0.00115291  0.000691335  0.000202741  0.000394493 -0.000232741 -0.000328988 -0.000184156   -0.0047853   0.00886876   0.00578056 -0.000955701  -0.00279383 -0.000960133   0.00198954   0.00482743   0.00698015   0.00807915   0.00826349   0.00786005   0.00727239   0.00654094    0.0051027    0.0029039   0.00177058   0.00217581  0.000875363  -0.00262026   -0.0035126 -0.000913948  0.000954306 -0.000500263   0.00265363   0.00980746    0.0113736   0.00616701   0.00354894   0.00303592   0.00125091  0.000350674   0.00113788  0.000289588  -0.00144014 -0.000436638   0.00293218    0.0050168   0.00512564   0.00478524   0.00480956   0.00468613   0.00339631   0.00188382   0.00138985   0.00173309   0.00209674   0.00227348   0.00285139   0.00395233   0.00410795   0.00155634  -0.00356281  -0.00992317   -0.0150289   -0.0163761 -8.96312e-10   0.00726497 -0.000664383
 -0.00439367   0.00432201   0.00254432  0.000241405 -0.000602225 -0.000515163 -0.000547469 -0.000627931 -0.000587512  0.000189568   0.00215884   0.00472813   0.00548591   0.00194284  -0.00367742  -0.00870144   -0.0232249    -0.058808   -0.0671192    0.0793056     0.406446     0.547384    -0.180149     -2.01858     -4.11236      10.9791     -4.06787     -2.16652    -0.433574     0.508673     0.647151     0.330574   -0.0389853    -0.219872    -0.181996   -0.0439618    0.0606197     0.076545    0.0344211  -0.00871588   -0.0228799   -0.0140136  -0.00149573   0.00386729   0.00281724  0.000365696 -0.000746802 -0.000276452   0.00121703   0.00242461   0.00182745 -0.000199441  -0.00144276  0.000187131  -0.00485859  -0.00159162  -0.00556714   -0.0091512  -0.00938485  -0.00781756  -0.00552138  -0.00296227  -0.00049098   0.00152302   0.00288444   0.00363967   0.00401145   0.00430807   0.00429957   0.00336448   0.00234461   0.00277616   0.00329581   0.00134662  -0.00106108  -0.00109076  0.000344482  -0.00150975  -0.00262855   0.00248673     0.010808    0.0134824    0.0083324   0.00563377   0.00369487   0.00138231   0.00159976   0.00160654  -0.00180958  -0.00452528  -0.00274766   0.00082959   0.00239843   0.00248495   0.00249139   0.00313362   0.00261363  0.000665404  -0.00107257  -0.00164261  -0.00146489  -0.00148738  -0.00213081  -0.00356945   -0.0061891   -0.0100965   -0.0143859   -0.0181402    -0.020826   -0.0189529  -5.4627e-11   0.00326214 -0.000559499
 -0.00893336  0.000887046   0.00660684  0.000724186 -0.000984837  0.000354756  0.000153891  1.74121e-05 -0.000885397  -0.00142846  2.19675e-05   0.00242302   0.00598077   0.00636921   0.00324353 -0.000556286  -0.00809689   -0.0344564   -0.0798726   -0.0707895      0.11948     0.463403     0.542791    -0.266825     -2.09735     -4.06787      11.0995     -4.02719     -2.23043    -0.506307     0.493099     0.675722     0.360839   -0.0327524      -0.2285    -0.188729   -0.0438277    0.0611941    0.0743756    0.0330529   -0.0068369   -0.0195641   -0.0117658 -0.000705101   0.00264311  0.000482858  -0.00203178  -0.00191026   0.00181352   0.00505462   0.00357394  4.80665e-05  -0.00254215  0.000695397  -0.00426809   -0.0151976   -0.0202757   -0.0202107   -0.0185022   -0.0171988   -0.0156797   -0.0136182   -0.0111445  -0.00845691  -0.00598546  -0.00399803  -0.00258033   -0.0014403 -0.000401464  2.58978e-05 -0.000334265  -0.00010259   0.00115587   0.00113677 -0.000778734  -0.00236051  -0.00210234  -0.00297177  -0.00641306  -0.00684345 -0.000476576    0.0101275    0.0145371    0.0103716   0.00781563    0.0050514   0.00414896   0.00595121    0.0038992  -0.00222711  -0.00552715  -0.00337737 -0.000743662  0.000294923  0.000386286   0.00161247   0.00296072   0.00221172 -0.000139658  -0.00214319  -0.00288951  -0.00349702  -0.00571065   -0.0103268    -0.016307   -0.0216016   -0.0246313    -0.025183   -0.0249865   -0.0194804  8.94576e-10  -0.00478925 -0.000248166
