   113   113     1
     10.0689     -5.18838      -3.2376     -1.51371    -0.459133    0.0246539     0.178138     0.178463     0.131508    0.0866834    0.0585143    0.0450544    0.0394107    0.0357047    0.0314461    0.0262976    0.0212894     0.017329    0.0145255    0.0124428    0.0105933   0.00900494   0.00829389   0.00929847    0.0127775    0.0189028    0.0270787    0.0358118    0.0431692    0.0471681    0.0462965    0.0399576     0.028961    0.0156186   0.00308492   -0.0052899  -0.00669988 -0.000124825    0.0132047     0.030151    0.0458387    0.0545937    0.0515442    0.0338909    0.0042905   -0.0283024   -0.0490771   -0.0433056  -0.00908507    0.0272372   0.00787097    -0.117935    -0.282741    -0.150246     0.705524     0.332719     0.330245   -0.0274627    0.0838908     0.180808      0.22989     0.240308     0.241367     0.237999      0.23509     0.230983     0.224158     0.216853      0.20947     0.204262     0.199512     0.194373     0.189339     0.185135      0.18258     0.181802     0.182957     0.186701     0.192407     0.198378     0.203625     0.207317     0.209276     0.209469      0.20828     0.206374     0.203787     0.200713     0.200065     0.202635     0.206777     0.216462     0.227752     0.234951     0.241213     0.249045     0.250213     0.240089     0.224941     0.201453     0.169367     0.132763    0.0998132    0.0928903     0.116596     0.105157    0.0551743     0.146987     0.469925    0.0484583  2.94757e-09  -4.0039e-14  -0.00177195
    -5.18838      10.7502     -3.46261     -1.70725    -0.564582   -0.0103744     0.180086     0.190386      0.13779    0.0806237    0.0390459    0.0141116  0.000188258  -0.00771754   -0.0119551   -0.0125181  -0.00877504 -0.000935169   0.00945649    0.0199245    0.0280258    0.0320563    0.0314579    0.0268172    0.0194225    0.0109031   0.00268971  -0.00425184  -0.00963313   -0.0136802   -0.0168257   -0.0193175   -0.0209097   -0.0206793   -0.0171358  -0.00879284   0.00531955    0.0247432    0.0472561    0.0694563    0.0867673    0.0939575    0.0867098     0.063149    0.0267615   -0.0123239    -0.037652   -0.0328087   0.00481382     0.046347    0.0266277    -0.114829    -0.314497    -0.214309     0.667949     0.662011     0.658471     0.154057     0.138954     0.168445     0.186842     0.186151     0.189646     0.195341     0.204377     0.212418     0.216833     0.219854     0.221932     0.225415     0.228351     0.229774     0.230023      0.22967     0.229326     0.228814     0.228053     0.227966     0.228562     0.229079     0.229795     0.230814     0.232402     0.234319     0.236364     0.238352       0.2393     0.238419      0.23805     0.238378     0.237335     0.239385     0.241102     0.237663      0.23401      0.23448     0.231538     0.221232     0.211718     0.200171      0.18656     0.174358     0.169956     0.190679     0.234696      0.22514     0.149508     0.198409     0.477173   -0.0777434  5.34524e-09 -1.84765e-13    -0.049179
     -3.2376     -3.46261      11.7842     -3.27032     -1.73546    -0.538315     0.104581     0.308879     0.270466     0.145368    0.0243657   -0.0553813   -0.0888709   -0.0870767   -0.0653629     -0.03681   -0.0102164   0.00967433    0.0214039    0.0256603    0.0241698    0.0188292    0.0114104   0.00328839  -0.00458512   -0.0114013   -0.0165899   -0.0196989   -0.0205022   -0.0189717    -0.015316   -0.0100115  -0.00378565   0.00249049   0.00785868    0.0114411    0.0127249    0.0115665   0.00831041   0.00375613 -0.000978258  -0.00470668  -0.00640152  -0.00539223   -0.0019805    0.0024359   0.00536185   0.00411389  -0.00215035  -0.00948223  -0.00736609      0.01648    0.0604704    0.0859205    0.0290728     0.262711      0.26357     0.395674    -0.269628    -0.188069   -0.0997458   -0.0742226   -0.0704035   -0.0673886   -0.0625371   -0.0572166   -0.0522664   -0.0482785   -0.0451255   -0.0429383    -0.041218   -0.0397121    -0.038484   -0.0376685   -0.0374097   -0.0377121   -0.0385305   -0.0397867   -0.0411458   -0.0420868   -0.0422879   -0.0416089   -0.0401757   -0.0382412   -0.0361173   -0.0341598   -0.0324932   -0.0311939   -0.0307022   -0.0310984   -0.0320326   -0.0340804   -0.0364542   -0.0380641   -0.0393289   -0.0406093   -0.0406179   -0.0387745   -0.0363537   -0.0332063   -0.0299152   -0.0280889   -0.0305048   -0.0410784   -0.0610745   -0.0806168   -0.0972003    -0.137674     -0.21727    -0.218941 -4.44239e-09  4.77762e-15  -0.00850972
    -1.51371     -1.70725     -3.27032      12.0642     -3.23822     -1.98256    -0.844418    -0.109645     0.224214     0.279902     0.196297    0.0762233   -0.0214272   -0.0755172   -0.0885339   -0.0743525   -0.0480781    -0.021505  -0.00147771   0.00975098    0.0130363    0.0105689    0.0048073  -0.00222334  -0.00915582    -0.014986   -0.0190364   -0.0207357   -0.0196688    -0.015604  -0.00867634   0.00038357    0.0101684    0.0187211     0.023658    0.0227997    0.0149128  0.000212666   -0.0192735   -0.0401801   -0.0580265    -0.067874   -0.0656366   -0.0493212   -0.0216034   0.00919913    0.0293369    0.0248452  -0.00712346   -0.0432024     -0.02827    0.0925889     0.278685     0.255547    -0.365039    -0.115169    -0.112592     0.262347   -0.0981256     -0.38326    -0.297548    -0.227114     -0.20736    -0.204849    -0.206519    -0.206863    -0.204497     -0.20189    -0.199542    -0.199312     -0.19937    -0.198756    -0.197724    -0.196774     -0.19645    -0.196616    -0.197125     -0.19845    -0.200185    -0.201235    -0.201465    -0.200848    -0.199778    -0.198429    -0.197052    -0.195947    -0.194597    -0.192536    -0.191735    -0.192333    -0.192521    -0.195875    -0.199287    -0.198409    -0.197014    -0.198405    -0.196239    -0.187357    -0.178696    -0.168398    -0.157311    -0.149773      -0.1534    -0.183716    -0.240727    -0.262664    -0.237585    -0.320129    -0.597173    -0.248291 -6.33615e-09  1.51886e-13    0.0229648
   -0.459133    -0.564582     -1.73546     -3.23822      12.1794     -3.31662     -2.25558     -1.16517    -0.345148     0.123209     0.298815     0.288157     0.192019    0.0817615  -0.00398042   -0.0541448    -0.072529   -0.0688961    -0.053672   -0.0350692   -0.0181963  -0.00559335   0.00192668   0.00473809   0.00379769  0.000393726  -0.00402979  -0.00796852   -0.0100998  -0.00945174  -0.00562591  0.000960516   0.00899923    0.0164881    0.0209087    0.0199018    0.0120652  -0.00251885   -0.0218835   -0.0426791   -0.0604181   -0.0701116   -0.0676399    -0.051043   -0.0230136   0.00811437    0.0286198    0.0246123  -0.00670015   -0.0421111   -0.0272151     0.091521     0.271562     0.236866    -0.399469    -0.280571    -0.278427    0.0278858     0.149118    -0.187776    -0.311114    -0.243307    -0.200145    -0.188339    -0.190923    -0.194946    -0.195803    -0.195301    -0.194227    -0.194811    -0.195501    -0.195442    -0.194875    -0.194257    -0.194095    -0.194227    -0.194498    -0.195422    -0.196677    -0.197312    -0.197338    -0.196827    -0.196184      -0.1955    -0.194906    -0.194555    -0.193859    -0.192291    -0.191767    -0.192357    -0.192229    -0.194916    -0.197453    -0.195708    -0.193564      -0.1944    -0.191987    -0.183188    -0.174874    -0.165168    -0.154798      -0.1478    -0.151213    -0.179944    -0.233432    -0.249792    -0.217242    -0.289246    -0.551893    -0.180345 -3.22856e-09  1.51384e-13    0.0281769
   0.0246539   -0.0103744    -0.538315     -1.98256     -3.31662      12.2418     -3.31107     -2.36327     -1.32951    -0.489498    0.0510122     0.308116      0.35668     0.286275     0.171925    0.0614916   -0.0213194   -0.0695417   -0.0866865   -0.0812541   -0.0627286   -0.0392637   -0.0170289  0.000287593    0.0111615    0.0155863    0.0147688     0.010639   0.00534268  0.000805987  -0.00158873  -0.00126784   0.00138127   0.00517509   0.00835375   0.00904233   0.00589788  -0.00150413   -0.0122976   -0.0245677   -0.0355424   -0.0419993   -0.0411773   -0.0316651   -0.0149407   0.00398349    0.0167314    0.0147659  -0.00373595   -0.0248483   -0.0158314    0.0553011     0.161823     0.135178    -0.259029    -0.286195     -0.28508    -0.130626     0.232256    0.0841843    -0.146671    -0.182813    -0.137713    -0.112117    -0.108122    -0.111426    -0.114199    -0.115584    -0.115789     -0.11645     -0.11696    -0.116986    -0.116722    -0.116434    -0.116411    -0.116542    -0.116719    -0.117245    -0.117915    -0.118168     -0.11806      -0.1177    -0.117386    -0.117165    -0.117071    -0.117123    -0.116946    -0.116227    -0.116141    -0.116698    -0.116715    -0.118252    -0.119524    -0.118118    -0.116479    -0.116713    -0.115073    -0.109632    -0.104505   -0.0985499   -0.0922007   -0.0878758   -0.0897397     -0.10676    -0.138468    -0.147038     -0.12539    -0.166346    -0.321717   -0.0880424 -5.20493e-11   8.4609e-15    0.0187538
    0.178138     0.180086     0.104581    -0.844418     -2.25558     -3.31107      12.3932     -3.18749     -2.34308     -1.39953    -0.590494   -0.0268575     0.277391     0.372901     0.333524      0.22928     0.111506    0.0119964   -0.0547546   -0.0870976   -0.0912146   -0.0762706   -0.0517418   -0.0254737  -0.00277111    0.0132761    0.0217638    0.0234116    0.0200178    0.0137955   0.00689921   0.00107224   -0.0026917  -0.00419928  -0.00387098  -0.00261585  -0.00145711    -0.001273  -0.00248268  -0.00492502  -0.00791426   -0.0103624   -0.0111045   -0.0093192  -0.00509898  0.000249539   0.00422088   0.00410228 -0.000877179   -0.0067512  -0.00389885    0.0169245    0.0466123    0.0327224   -0.0956034    -0.221989    -0.221681    -0.184278     0.175439     0.243297    0.0522867   -0.0705546   -0.0721746   -0.0426934    -0.028739   -0.0269539   -0.0291427   -0.0314685   -0.0327399   -0.0333954   -0.0335879     -0.03351   -0.0333565   -0.0332421   -0.0332543   -0.0333598   -0.0335183   -0.0337978   -0.0340859   -0.0341721   -0.0340685    -0.033862   -0.0337295   -0.0337267   -0.0338454   -0.0340188   -0.0341099    -0.034053   -0.0342716   -0.0347811   -0.0351408   -0.0358364   -0.0362359   -0.0356309   -0.0348524   -0.0346279   -0.0338727   -0.0319694   -0.0300938   -0.0278756   -0.0254522   -0.0235978   -0.0236072   -0.0283562   -0.0377819   -0.0400357   -0.0330368   -0.0448206   -0.0905996   -0.0140382   1.4914e-09 -9.50233e-14   0.00649583
    0.178463     0.190386     0.308879    -0.109645     -1.16517     -2.36327     -3.18749       12.609     -3.01941      -2.2877     -1.44464    -0.685035    -0.123079     0.212617     0.349836     0.347493     0.265953     0.155634    0.0518579   -0.0258858   -0.0716103   -0.0878117   -0.0815721   -0.0617167   -0.0362671    -0.011674   0.00781527    0.0200575    0.0248466    0.0232955    0.0173129   0.00918477   0.00106443   -0.0054177  -0.00912273  -0.00963296  -0.00725235  -0.00284345   0.00235711    0.0071509    0.0105127    0.0117235    0.0105686   0.00732123   0.00282948  -0.00154852  -0.00409715  -0.00334456  0.000773302   0.00538794   0.00417205   -0.0092872   -0.0318497   -0.0357658    0.0208017    -0.147186    -0.147282    -0.166733    0.0675828     0.257256     0.187372    0.0458769  -0.00930999 -0.000680105    0.0185957    0.0274059    0.0284161     0.026666    0.0248847    0.0240972    0.0239903    0.0241067     0.024229    0.0243001    0.0243367    0.0242984    0.0241571    0.0239908    0.0238479    0.0237294    0.0237092    0.0237686    0.0238317    0.0238017    0.0236676    0.0235232    0.0233592    0.0230903    0.0227992    0.0223999    0.0217434    0.0213989    0.0212761    0.0210353    0.0210403    0.0215311    0.0217266    0.0212943    0.0210622    0.0208759    0.0208093    0.0212105    0.0227056    0.0264951    0.0321926    0.0336179    0.0293908    0.0360892    0.0637748    0.0290082  1.52809e-09  -1.1967e-13  -0.00267532
    0.131508      0.13779     0.270466     0.224214    -0.345148     -1.32951     -2.34308     -3.01941      12.8122     -2.87719      -2.2461     -1.48944    -0.779647    -0.224153     0.134112     0.310657     0.347167     0.293817     0.197751    0.0954781   0.00959378   -0.0492447   -0.0790655   -0.0842407   -0.0719084   -0.0498206   -0.0249895   -0.0028947    0.0130966    0.0215777    0.0227819    0.0182577    0.0103739   0.00163811  -0.00553046  -0.00930761  -0.00889985  -0.00450596   0.00262913    0.0107133    0.0177216    0.0217042    0.0213703     0.016415   0.00796576  -0.00131596  -0.00750389   -0.0068577   0.00130869    0.0109192   0.00787228   -0.0219595   -0.0695258   -0.0679524    0.0796097   -0.0870721   -0.0872586    -0.118059   -0.0256262     0.179653      0.22778     0.132023    0.0466059    0.0240601    0.0355038    0.0489692     0.054583    0.0550213     0.053642    0.0527642    0.0524983    0.0524871    0.0525438    0.0526099    0.0527208     0.052776    0.0526882    0.0525783    0.0524406    0.0521822     0.051965     0.051866    0.0518993    0.0519288    0.0518806    0.0518161    0.0516714    0.0513352    0.0511627    0.0509795    0.0502379    0.0499328    0.0496462    0.0486532    0.0480313    0.0485582    0.0485296    0.0470878    0.0459912    0.0448174    0.0437465    0.0436773    0.0461612    0.0543164     0.067408    0.0702853    0.0597972    0.0742909     0.136357    0.0454332  8.05857e-10 -8.73564e-14  -0.00748989
   0.0866834    0.0806237     0.145368     0.279902     0.123209    -0.489498     -1.39953      -2.2877     -2.87719      12.9683     -2.77048     -2.21444     -1.52808    -0.860343    -0.317146    0.0593572     0.269653     0.341051     0.314942     0.234514     0.135676    0.0436804   -0.0262917   -0.0689024   -0.0855712   -0.0814101   -0.0635585   -0.0394505   -0.0154097   0.00402622    0.0162894    0.0207862    0.0187195    0.0123634   0.00456719  -0.00185269  -0.00493025  -0.00371077   0.00137528   0.00883241    0.0164931    0.0218818    0.0229926    0.0189047    0.0104084  0.000268652   -0.0070516  -0.00707957   0.00132764    0.0116784   0.00831519   -0.0246227   -0.0769908   -0.0737007    0.0938775   -0.0474844   -0.0476026   -0.0669517   -0.0785383    0.0755836     0.192532     0.169242     0.089874    0.0418126    0.0365632    0.0474253    0.0566221    0.0602306    0.0602914    0.0596854    0.0592231    0.0589662    0.0588749    0.0588972    0.0590464    0.0591852    0.0591837    0.0591308    0.0589642    0.0585567    0.0581249    0.0578457    0.0578255    0.0579225    0.0579868    0.0579977    0.0578796    0.0575868     0.057608    0.0577276    0.0571731    0.0568647    0.0562604     0.054666    0.0534981     0.053794     0.053695    0.0521713    0.0511089     0.049992    0.0490123    0.0491825    0.0522489      0.06168    0.0765477    0.0795325    0.0669098    0.0816145      0.14925    0.0443386 -2.59221e-11  -4.1855e-14  -0.00874976
   0.0585143    0.0390459    0.0243657     0.196297     0.298815    0.0510122    -0.590494     -1.44464      -2.2461     -2.77048       13.088     -2.68344     -2.18493     -1.55486    -0.928549    -0.396549  -0.00653819     0.230009     0.330318     0.328387     0.263044     0.169095    0.0741306  -0.00431093   -0.0579625   -0.0849781   -0.0887189   -0.0755255   -0.0528217   -0.0275183  -0.00513349    0.0107376    0.0188458     0.019896    0.0159042   0.00973208   0.00409672   0.00114944   0.00179858   0.00561715    0.0111445    0.0161619    0.0184291    0.0164959    0.0104172   0.00220134  -0.00433704  -0.00506799    0.0014277   0.00991093   0.00693357   -0.0214731   -0.0668593   -0.0641539    0.0815665   -0.0253559   -0.0253679   -0.0282348    -0.093616    -0.012219     0.119305     0.159414     0.112834    0.0572346    0.0339042    0.0357515    0.0445436    0.0509443    0.0531887    0.0534281    0.0529922    0.0525109    0.0522176    0.0521284     0.052243    0.0524183    0.0525075    0.0525333    0.0523742    0.0518828    0.0512769    0.0508088    0.0506803    0.0507956    0.0509499    0.0510117    0.0508857    0.0506239    0.0507876    0.0512178    0.0510843    0.0509405    0.0501524    0.0481885    0.0465293    0.0463297    0.0461004    0.0449088    0.0443185    0.0438199    0.0435495    0.0443632    0.0477639    0.0566736    0.0701325    0.0726848    0.0606927     0.071448     0.127889    0.0339464 -6.10938e-10 -4.56082e-15  -0.00778472
   0.0450544    0.0141116   -0.0553813    0.0762233     0.288157     0.308116   -0.0268575    -0.685035     -1.48944     -2.21444     -2.68344       13.189     -2.60689     -2.15498     -1.57713    -0.985019    -0.463572   -0.0655687      0.19052     0.314428     0.334105     0.283669     0.196865     0.101525    0.0167528   -0.0458011   -0.0819784    -0.093232   -0.0849378   -0.0641802    -0.038229   -0.0134438   0.00586407    0.0177467    0.0220713    0.0204475    0.0154131   0.00977016   0.00575897   0.00444607   0.00574468   0.00846384     0.010751    0.0109335   0.00825528   0.00350032 -0.000904846  -0.00190008   0.00194847   0.00736275   0.00491579   -0.0156439   -0.0487086   -0.0476024    0.0570368   -0.0153844   -0.0153201   -0.0064025   -0.0845085   -0.0670339    0.0412097     0.117494     0.112141    0.0679978     0.033799    0.0235036    0.0275398    0.0345159    0.0389108    0.0405105    0.0405035    0.0399819    0.0395164    0.0392707    0.0392733    0.0394132    0.0395585    0.0396699    0.0395753    0.0391021    0.0384113    0.0377816    0.0374978    0.0375588    0.0377538     0.037843    0.0376741    0.0373663    0.0375205    0.0381483    0.0385414    0.0388045    0.0381652    0.0361794    0.0341573    0.0332801    0.0327281     0.031873    0.0317975    0.0320616    0.0327191    0.0343354    0.0379451     0.045515    0.0561869      0.05829    0.0485805    0.0538438    0.0915239    0.0199666 -8.41409e-10   2.2859e-14  -0.00572852
   0.0394107  0.000188258   -0.0888709   -0.0214272     0.192019      0.35668     0.277391    -0.123079    -0.779647     -1.52808     -2.18493     -2.60689       13.279     -2.53674     -2.12713     -1.59161     -1.02833    -0.519403    -0.118762     0.150877      0.29459     0.333816     0.298361     0.219948     0.125729    0.0369616   -0.0327387    -0.076804   -0.0950845   -0.0916907   -0.0731832   -0.0471097   -0.0203155   0.00228116     0.017532    0.0245439    0.0244466    0.0196175    0.0129898   0.00701177   0.00324929   0.00212108   0.00283535   0.00402384   0.00440201   0.00348091   0.00197025   0.00140562    0.0028864   0.00509449    0.0030863  -0.00903677   -0.0285634   -0.0292057    0.0297033   -0.0127514   -0.0126647  -8.7268e-06   -0.0655966   -0.0895497    -0.021236    0.0623038    0.0909719    0.0698076    0.0360156    0.0158409    0.0120629    0.0167356    0.0220742    0.0251397    0.0259671    0.0257068    0.0252041    0.0248205    0.0246643    0.0246947    0.0248296    0.0249977    0.0250019    0.0246438    0.0239825     0.023262    0.0228134    0.0227565    0.0229368     0.023041    0.0228235    0.0223933    0.0223392    0.0229282    0.0237587    0.0245869    0.0244811     0.022919    0.0208094    0.0192446    0.0181743    0.0174221    0.0176292    0.0184894     0.019992    0.0223862    0.0261538    0.0321931     0.039818    0.0417189    0.0351903    0.0351402    0.0524357   0.00596412 -7.72523e-10  4.62586e-14  -0.00335927
   0.0357047  -0.00771754   -0.0870767   -0.0755172    0.0817615     0.286275     0.372901     0.212617    -0.224153    -0.860343     -1.55486     -2.15498     -2.53674      13.3594     -2.47482     -2.09945     -1.59853     -1.06198    -0.567405     -0.16812      0.11237     0.273355     0.330078     0.309023     0.239092     0.147405    0.0560581   -0.0192364   -0.0702496   -0.0950015   -0.0962477   -0.0800675   -0.0540782   -0.0253988 -0.000164598    0.0175168    0.0262347    0.0266278    0.0211648    0.0129723   0.00500601 -0.000524788  -0.00282177  -0.00232654 -0.000275385   0.00193071   0.00337704   0.00391233   0.00393651   0.00359319    0.0019262  -0.00281139   -0.0101674   -0.0120967   0.00581834   -0.0135139    -0.013451  -0.00386652    -0.046524   -0.0886442   -0.0602268   0.00981991    0.0576499    0.0612045    0.0375038    0.0135782   0.00201979   0.00182865   0.00625174    0.0101849    0.0120329    0.0123481    0.0120224    0.0115961    0.0112901    0.0111629    0.0112114    0.0113762    0.0114741    0.0112941    0.0107748    0.0100681   0.00949477   0.00928869   0.00940659   0.00952503   0.00929385   0.00871616   0.00828276   0.00852861   0.00951066     0.010868    0.0115804    0.0108995   0.00912592   0.00709421   0.00542943   0.00447151   0.00457443   0.00563779   0.00764892    0.0106068      0.01447    0.0191478    0.0241276      0.02616    0.0231727    0.0191492     0.018404  -0.00564301 -5.27006e-10  6.58957e-14  -0.00118641
   0.0314461   -0.0119551   -0.0653629   -0.0885339  -0.00398042     0.171925     0.333524     0.349836     0.134112    -0.317146    -0.928549     -1.57713     -2.12713     -2.47482      13.4315     -2.41664     -2.06792     -1.59692     -1.08582    -0.607195    -0.210282    0.0786406     0.252797     0.324483     0.316263     0.254554     0.165818     0.073171  -0.00661107   -0.0635358    -0.093815    -0.099032   -0.0849054   -0.0588847   -0.0289249  -0.00209292    0.0170914    0.0264231    0.0265417    0.0200762    0.0105328   0.00152788  -0.00439442  -0.00624053  -0.00448906 -0.000759998   0.00291869   0.00489978   0.00462742   0.00291869   0.00162455   0.00229533   0.00412351   0.00171727   -0.0106598   -0.0146848   -0.0146697   -0.0117428   -0.0316606   -0.0745255   -0.0764576   -0.0297689    0.0219725    0.0444633    0.0356152    0.0148193  -0.00145427  -0.00735673  -0.00579566  -0.00210744  0.000517873   0.00159218   0.00167184   0.00135869  0.000978409  0.000695213  0.000600152  0.000688321  0.000833877  0.000840174  0.000539588 -4.36009e-05 -0.000659788  -0.00100216 -0.000973319 -0.000832399  -0.00100693  -0.00167978  -0.00256681  -0.00294767  -0.00224316  -0.00064267  0.000926367   0.00144923  0.000492894  -0.00156407  -0.00369361   -0.0050903  -0.00549261  -0.00472806   -0.0027167  0.000432745   0.00428977   0.00800018    0.0111564    0.0136539    0.0141183   0.00815622  -0.00564115   -0.0131485 -2.36881e-10   7.6277e-14  0.000474001
   0.0262976   -0.0125181     -0.03681   -0.0743525   -0.0541448    0.0614916      0.22928     0.347493     0.310657    0.0593572    -0.396549    -0.985019     -1.59161     -2.09945     -2.41664       13.497     -2.36257     -2.03694      -1.5931     -1.10622    -0.641172    -0.246251    0.0477708     0.232993     0.318164     0.321405      0.26724     0.181774    0.0882715    0.0046779   -0.0572204   -0.0920047    -0.100594   -0.0881766   -0.0623583   -0.0318161  -0.00386843    0.0159574    0.0253146    0.0249781    0.0177456   0.00769868  -0.00122457  -0.00639875  -0.00691784  -0.00376734  0.000744087   0.00401363   0.00448769   0.00280614   0.00207315   0.00583982    0.0131121    0.0111973   -0.0177626   -0.0145704   -0.0146022   -0.0183764   -0.0211342   -0.0550141   -0.0751161   -0.0528396  -0.00836536    0.0241401    0.0298219     0.017103    0.0005718   -0.0098609   -0.0123055   -0.0102167  -0.00743231  -0.00567578   -0.0050331   -0.0050581   -0.0053837  -0.00576267  -0.00601596   -0.0060638  -0.00593773  -0.00578513  -0.00583907   -0.0062083  -0.00676361  -0.00718935  -0.00725276  -0.00708097  -0.00711506  -0.00775776  -0.00903368    -0.010206   -0.0102346  -0.00887888  -0.00671494  -0.00491471  -0.00463578  -0.00613263  -0.00837234   -0.0102601   -0.0114608   -0.0114919   -0.0100822  -0.00726093  -0.00362442 -0.000453029   0.00185159   0.00505815   0.00852621   0.00294982   -0.0174045   -0.0155086  1.91683e-13  7.04784e-14   0.00147156
   0.0212894  -0.00877504   -0.0102164   -0.0480781    -0.072529   -0.0213194     0.111506     0.265953     0.347167     0.269653  -0.00653819    -0.463572     -1.02833     -1.59853     -2.06792     -2.36257      13.5554     -2.31482     -2.01022     -1.59141     -1.12455    -0.670422    -0.279551    0.0187504      0.21473     0.311638     0.325088     0.277919     0.195464     0.101208    0.0144063   -0.0513973   -0.0900001    -0.101614   -0.0907209   -0.0652816   -0.0340756  -0.00547945    0.0146451    0.0240535    0.0234297    0.0159517   0.00605315  -0.00228123   -0.0064371  -0.00596704  -0.00246008   0.00136344   0.00320247   0.00282167   0.00294993   0.00760049     0.016497    0.0160002   -0.0152778   -0.0124547   -0.0125151   -0.0205047   -0.0133863   -0.0350048   -0.0623222   -0.0601146   -0.0288958    0.0049352    0.0213047    0.0185792   0.00590255  -0.00641294   -0.0126977   -0.0132502   -0.0111966  -0.00910779  -0.00790667  -0.00750602  -0.00762162  -0.00798188  -0.00835125  -0.00855788  -0.00851771  -0.00829576  -0.00813182  -0.00824075   -0.0086374   -0.0090668  -0.00920165  -0.00899524  -0.00881602  -0.00925659   -0.0107098   -0.0126445   -0.0137602   -0.0132424   -0.0110447  -0.00823819  -0.00651887  -0.00686295  -0.00867879   -0.0108717   -0.0129486   -0.0141368   -0.0139011   -0.0119988  -0.00890576  -0.00591163  -0.00350117  0.000545315   0.00629125   0.00330022   -0.0166956   -0.0124055  1.31716e-10  4.73353e-14   0.00178221
    0.017329 -0.000935169   0.00967433    -0.021505   -0.0688961   -0.0695417    0.0119964     0.155634     0.293817     0.341051     0.230009   -0.0655687    -0.519403     -1.06198     -1.59692     -2.03694     -2.31482      13.6063     -2.27376     -1.98822     -1.59001     -1.13946    -0.697365    -0.310219  -0.00661697     0.198248     0.305319     0.327585     0.286495     0.206536     0.111639    0.0225442   -0.0465159   -0.0887164    -0.102712   -0.0928703   -0.0671774    -0.035294  -0.00614312    0.0144608    0.0239274    0.0230312     0.015363   0.00546181  -0.00252228  -0.00621978  -0.00556906  -0.00241674  0.000744861   0.00246828   0.00376278   0.00760881    0.0149688    0.0166017  -0.00483595  -0.00859758  -0.00866054   -0.0172713  -0.00688942   -0.0172827   -0.0438275   -0.0549868   -0.0383864  -0.00969305    0.0120033     0.018308    0.0120053  0.000872949  -0.00783671   -0.0112971   -0.0108083  -0.00897773  -0.00741703  -0.00656025  -0.00632977  -0.00652391  -0.00690895  -0.00724351  -0.00733039  -0.00712976  -0.00682555  -0.00668537  -0.00685827  -0.00720567  -0.00737275  -0.00713646  -0.00670703  -0.00677094  -0.00807353   -0.0105071   -0.0128286   -0.0136877   -0.0122257  -0.00905299  -0.00603584  -0.00480657  -0.00559844  -0.00767407   -0.0104181   -0.0128662   -0.0142084   -0.0137838   -0.0116491  -0.00865945  -0.00540786 -0.000528821   0.00662232     0.007868  -0.00567306  -0.00443565  1.45865e-10  1.18954e-14   0.00150636
   0.0145255   0.00945649    0.0214039  -0.00147771    -0.053672   -0.0866865   -0.0547546    0.0518579     0.197751     0.314942     0.330318      0.19052    -0.118762    -0.567405     -1.08582      -1.5931     -2.01022     -2.27376      13.6503     -2.23833     -1.96837       -1.587     -1.15303    -0.721523    -0.335579    -0.028186     0.184115     0.299327     0.328985     0.292839     0.214804     0.119683    0.0286565   -0.0437587   -0.0885615    -0.103808   -0.0939442   -0.0674286   -0.0346703  -0.00465226    0.0162658    0.0252368    0.0235086    0.0149241   0.00441779  -0.00375802  -0.00729981  -0.00626091  -0.00254373   0.00134781   0.00397026   0.00613338     0.010054    0.0141821    0.0103727  -0.00401736  -0.00405892  -0.00995192 -0.000924992  -0.00322495   -0.0243504   -0.0421113   -0.0382574   -0.0182068   0.00370933    0.0161876    0.0167499   0.00923426  0.000198096  -0.00553301  -0.00704311  -0.00611009  -0.00457879  -0.00337674  -0.00274101  -0.00262874   -0.0028885   -0.0032635  -0.00347381  -0.00337014  -0.00302901  -0.00270444  -0.00263854  -0.00283551  -0.00298814  -0.00273691  -0.00207444   -0.0016385  -0.00242005  -0.00487882  -0.00819636   -0.0107329   -0.0107982  -0.00818215  -0.00442015  -0.00154295 -0.000810558  -0.00218774   -0.0050996  -0.00857258   -0.0116003   -0.0130577   -0.0123389  -0.00946531  -0.00505362  0.000491083   0.00817558    0.0144197    0.0114829   0.00688572  6.33083e-11 -2.53029e-14  0.000843073
   0.0124428    0.0199245    0.0256603   0.00975098   -0.0350692   -0.0812541   -0.0870976   -0.0258858    0.0954781     0.234514     0.328387     0.314428     0.150877     -0.16812    -0.607195     -1.10622     -1.59141     -1.98822     -2.23833      13.6889     -2.20643     -1.94909     -1.58415     -1.16443    -0.739612    -0.355562   -0.0452127     0.172283     0.294041     0.329528     0.297022     0.220518     0.124991    0.0314327   -0.0432504   -0.0890479    -0.104282   -0.0932795   -0.0654076   -0.0313332 -0.000700591    0.0195106    0.0269322    0.0232605     0.012956    0.0014814  -0.00658916   -0.0089151   -0.0059698 -0.000668775   0.00315066   0.00358764   0.00365393    0.0102603    0.0264722  3.52753e-05  3.00863e-05  -0.00102315   0.00436797   0.00666679  -0.00724794   -0.0261376   -0.0314787   -0.0208629  -0.00247902    0.0126548    0.0188639    0.0161425   0.00881181   0.00210948   -0.0012477   -0.0016595 -0.000627896  0.000656954   0.00164362   0.00214345   0.00215439   0.00186857   0.00159084   0.00156192   0.00184089   0.00225048   0.00251706    0.0025034   0.00240654   0.00265008   0.00347159   0.00443363   0.00448616   0.00259123  -0.00117743  -0.00530184   -0.0074751  -0.00643231  -0.00284767   0.00129014   0.00376557   0.00367538   0.00130222  -0.00262077  -0.00706564   -0.0105354   -0.0116402  -0.00928378  -0.00389349   0.00200499   0.00948396    0.0204692    0.0297024    0.0194343 -7.61896e-11 -5.33504e-14  3.33099e-05
   0.0105933    0.0280258    0.0241698    0.0130363   -0.0181963   -0.0627286   -0.0912146   -0.0716103   0.00959378     0.135676     0.263044     0.334105      0.29459      0.11237    -0.210282    -0.641172     -1.12455     -1.59001     -1.96837     -2.20643      13.7229     -2.17853     -1.93366      -1.5828     -1.17267    -0.753991     -0.37129   -0.0594191     0.162539      0.28977     0.329649     0.299714     0.223991     0.126872    0.0314952     -0.04389   -0.0897484    -0.103561   -0.0906176   -0.0608471   -0.0256191   0.00444323    0.0226927    0.0273618    0.0208979    0.0087246    -0.002942  -0.00927523  -0.00862905  -0.00334832   0.00114578  0.000380527  -0.00259305   0.00613938    0.0399801   0.00255619   0.00259118   0.00696886   0.00840757    0.0125035   0.00565059    -0.010688   -0.0213103   -0.0190196  -0.00621232   0.00841138    0.0180947    0.0200362    0.0157908   0.00961279   0.00508603   0.00323906   0.00337419   0.00438743   0.00553926   0.00641204     0.006797   0.00674249   0.00649811   0.00635375   0.00650281   0.00689097   0.00727982    0.0074402   0.00742455   0.00763445   0.00849705   0.00989326    0.0109436     0.010178   0.00674821   0.00157409  -0.00286747  -0.00426345  -0.00199578   0.00254926   0.00657249   0.00818773   0.00711901   0.00357966   -0.0016374  -0.00689864   -0.0100772  -0.00884028  -0.00310527   0.00271905   0.00943503    0.0240053    0.0444841    0.0309845 -2.28808e-10 -6.47403e-14 -0.000714631
  0.00900494    0.0320563    0.0188292    0.0105689  -0.00559335   -0.0392637   -0.0762706   -0.0878117   -0.0492447    0.0436804     0.169095     0.283669     0.333816     0.273355    0.0786406    -0.246251    -0.670422     -1.13946       -1.587     -1.94909     -2.17853      13.7513     -2.15665     -1.92271     -1.58164     -1.17976    -0.765593     -0.38475   -0.0709603     0.155316     0.286899     0.329653      0.30118     0.224753     0.126171    0.0301379   -0.0456804   -0.0901422    -0.101549   -0.0861054   -0.0543952   -0.0190613    0.0092477    0.0244904    0.0256132     0.016368   0.00335316  -0.00665613  -0.00956999   -0.0060919  -0.00186169   -0.0031411  -0.00762707   0.00266234    0.0485178   0.00314528   0.00321413    0.0122151    0.0106302    0.0147494     0.013717   0.00189734   -0.0105223   -0.0143918  -0.00765492   0.00419804      0.01497    0.0204551     0.019768    0.0153602    0.0106401   0.00766363   0.00671703   0.00711534   0.00814502   0.00925289    0.0100325    0.0103233    0.0102372    0.0100472    0.0100479    0.0103278     0.010741    0.0110277    0.0110971    0.0112506    0.0120182     0.013647    0.0156465    0.0164012    0.0141792   0.00889763   0.00258933  -0.00170472  -0.00187996   0.00184844   0.00673584    0.0101228    0.0109899   0.00877777   0.00374425  -0.00269796  -0.00792368  -0.00844542  -0.00329856   0.00196346   0.00755787    0.0239547     0.052811    0.0395999 -3.56232e-10 -5.75497e-14  -0.00126125
  0.00829389    0.0314579    0.0114104    0.0048073   0.00192668   -0.0170289   -0.0517418   -0.0815721   -0.0790655   -0.0262917    0.0741306     0.196865     0.298361     0.330078     0.252797    0.0477708    -0.279551    -0.697365     -1.15303     -1.58415     -1.93366     -2.15665      13.7739     -2.13918     -1.91241     -1.57916     -1.18326    -0.773552    -0.393565   -0.0775086     0.151949     0.285557      0.32951      0.30083     0.223005     0.123434    0.0262996    -0.048506   -0.0903101   -0.0986759   -0.0803289   -0.0472727   -0.0127304    0.0130601    0.0245407    0.0221218    0.0110704     -0.00108   -0.0080407  -0.00803672   -0.0053275  -0.00666513   -0.0110163  0.000208373    0.0511807   0.00210452   0.00219369    0.0140073    0.0108351    0.0141506    0.0172192    0.0104598  -0.00112047  -0.00862217  -0.00726164  0.000663702    0.0104925    0.0178845     0.020352    0.0183977    0.0144574    0.0109633   0.00904061   0.00861069   0.00920707    0.0103017    0.0113774    0.0120572    0.0122434    0.0121155    0.0120059    0.0121332    0.0124796    0.0128202    0.0129568    0.0130415    0.0135951    0.0151884    0.0178625    0.0202196     0.019927    0.0157124   0.00852649   0.00150937  -0.00191381 -0.000373613   0.00423005   0.00894939    0.0120211    0.0119655   0.00822696   0.00157423  -0.00529519  -0.00804771  -0.00450843 -0.000289326    0.0040395    0.0203309    0.0535738    0.0439692 -4.31383e-10   -3.531e-14  -0.00154454
  0.00929847    0.0268172   0.00328839  -0.00222334   0.00473809  0.000287593   -0.0254737   -0.0617167   -0.0842407   -0.0689024  -0.00431093     0.101525     0.219948     0.309023     0.324483     0.232993    0.0187504    -0.310219    -0.721523     -1.16443      -1.5828     -1.92271     -2.13918      13.7922     -2.12427     -1.90305      -1.5754     -1.18492     -0.77785    -0.397291   -0.0792448     0.151153     0.285344     0.329465      0.29923     0.219559     0.117702    0.0204431   -0.0521568   -0.0908657    -0.095524   -0.0741977   -0.0401765  -0.00673198    0.0159223    0.0235593    0.0182675   0.00663676  -0.00374091  -0.00829647  -0.00846317  -0.00991516   -0.0129383  -0.00136946     0.048374  0.000173354  0.000266481    0.0126718   0.00923298    0.0115946    0.0170747    0.0149582   0.00587916  -0.00292342  -0.00557014  -0.00173995   0.00579689    0.0134499     0.018085    0.0186252    0.0161627    0.0128659     0.010327   0.00905916   0.00898335   0.00976601    0.0109244    0.0119332    0.0124588    0.0125084    0.0123718    0.0123539     0.012572    0.0128901    0.0130609    0.0130761    0.0133414    0.0146279    0.0175319     0.021217     0.023223     0.021213    0.0145737   0.00572206  -0.00115647  -0.00300526 -0.000119548   0.00496951    0.0100024     0.012607    0.0112317   0.00559059   -0.0021138  -0.00722985  -0.00619958  -0.00347305 -0.000415874    0.0140434    0.0474763    0.0435453  -4.4297e-10 -5.30734e-15  -0.00158133
   0.0127775    0.0194225  -0.00458512  -0.00915582   0.00379769    0.0111615  -0.00277111   -0.0362671   -0.0719084   -0.0855712   -0.0579625    0.0167528     0.125729     0.239092     0.316263     0.318164      0.21473  -0.00661697    -0.335579    -0.739612     -1.17267     -1.58164     -1.91241     -2.12427      13.8066     -2.11314     -1.89651     -1.57416     -1.18704    -0.780219    -0.398079   -0.0794042     0.151611     0.287057     0.329981     0.297052     0.213718     0.109816    0.0132284     -0.05724   -0.0922113   -0.0924273   -0.0679262   -0.0327368 -0.000767185    0.0185796     0.022602    0.0149699   0.00305665  -0.00617833   -0.0103851   -0.0125788   -0.0138557  -0.00247295    0.0413354  -0.00173664  -0.00165537   0.00918524    0.0063204   0.00791721    0.0144004     0.015988    0.0102065   0.00195061   -0.0030977  -0.00281951    0.0018137   0.00841296     0.014003    0.0165566    0.0158645     0.013384    0.0107306   0.00882385   0.00798394   0.00818534   0.00913866    0.0103056    0.0111567    0.0114748    0.0114173    0.0113085    0.0113786    0.0116125     0.011779    0.0117355    0.0116971    0.0124649    0.0150826    0.0195028    0.0236972    0.0247089    0.0202009     0.011043   0.00128189  -0.00466118  -0.00495066 -0.000889175   0.00527849    0.0105484    0.0123578   0.00905375   0.00170337  -0.00544827  -0.00754775  -0.00672067  -0.00487782   0.00649074    0.0363841    0.0384651 -3.92514e-10  2.42134e-14  -0.00143236
   0.0189028    0.0109031   -0.0114013    -0.014986  0.000393726    0.0155863    0.0132761    -0.011674   -0.0498206   -0.0814101   -0.0849781   -0.0458011    0.0369616     0.147405     0.254554     0.321405     0.311638     0.198248    -0.028186    -0.355562    -0.753991     -1.17976     -1.57916     -1.90305     -2.11314      13.8168     -2.10591     -1.89351     -1.57441     -1.18788    -0.779651    -0.396946   -0.0774398     0.156192     0.291187     0.330759     0.292998     0.205328    0.0997074   0.00332421   -0.0643476   -0.0940245   -0.0888847   -0.0604875   -0.0242111   0.00597442     0.021665    0.0217277    0.0113186  -0.00144736   -0.0102793   -0.0142312   -0.0141718  -0.00341329    0.0318514  -0.00276028   -0.0027036   0.00482368   0.00278732   0.00388562    0.0103029    0.0144053    0.0119932   0.00552521 -0.000379889  -0.00267103 -0.000894753   0.00383833   0.00923978    0.0129999    0.0139504    0.0126629     0.010403   0.00821851   0.00671331   0.00618118   0.00663937   0.00770536   0.00876625   0.00938103   0.00950299   0.00939088   0.00933928   0.00945742   0.00958643   0.00950429   0.00921095   0.00936565    0.0112387    0.0156048      0.02136    0.0256139    0.0245957    0.0170591   0.00583863  -0.00407898  -0.00866084  -0.00725196  -0.00136075   0.00590952    0.0112172    0.0114375   0.00589606  -0.00243482  -0.00785409  -0.00925553   -0.0085362 -0.000829999    0.0227883     0.029599 -2.91879e-10  4.56171e-14  -0.00116903
   0.0270787   0.00268971   -0.0165899   -0.0190364  -0.00402979    0.0147688    0.0217638   0.00781527   -0.0249895   -0.0635585   -0.0887189   -0.0819784   -0.0327387    0.0560581     0.165818      0.26724     0.325088     0.305319     0.184115   -0.0452127     -0.37129    -0.765593     -1.18326      -1.5754     -1.89651     -2.10591      13.8225     -2.10317     -1.89355     -1.57516     -1.18723    -0.778138     -0.39397    -0.070005     0.164716     0.296499     0.330931     0.286759     0.194424    0.0861462  -0.00964409   -0.0724089   -0.0952947   -0.0836697   -0.0510295   -0.0139555    0.0136375    0.0244715      0.01933   0.00549615  -0.00761562   -0.0143708   -0.0140498    -0.004346     0.021594  -0.00240299  -0.00237928   0.00068107  -0.00076897  2.04714e-05   0.00565324    0.0110841    0.0116079   0.00756443   0.00206986  -0.00165024  -0.00221028  0.000376276   0.00473706   0.00881711    0.0109637    0.0109413   0.00945437   0.00741037   0.00550563   0.00425887   0.00401508   0.00469176   0.00575469   0.00660748   0.00696904   0.00695009   0.00683941   0.00684558   0.00691753   0.00682059   0.00636848   0.00595153   0.00679265    0.0103083    0.0165966    0.0235819     0.026794      0.02279    0.0122193 -0.000544734  -0.00981224    -0.012557  -0.00876146 -0.000851481   0.00757629    0.0121191    0.0099204   0.00176815   -0.0066411   -0.0105012   -0.0108635    -0.006732   0.00905505    0.0182281 -1.58678e-10  5.37704e-14  -0.00085197
