   113   113     1
     6.25665     -3.51489    -0.283864   0.00371948   -0.0948096   -0.0976769    -0.093596   -0.0734171   -0.0618853   -0.0417642    -0.014958  -0.00628517   0.00890947   0.00161142    0.0148293    0.0345479    0.0446022    0.0493245    0.0474736    0.0515147    0.0609805    0.0596281    0.0528555    0.0645182    0.0677233    0.0704414    0.0698071    0.0657895    0.0659969    0.0635173    0.0607925    0.0508077    0.0461086    0.0510197    0.0499452    0.0447747    0.0509811    0.0495393    0.0411085    0.0355961    0.0368012    0.0326557    0.0206426    0.0128277   0.00715613   0.00202942   -0.0009712  0.000295804   0.00856043    0.0344709    0.0477707    0.0632076     0.222767      0.55977     0.630282     0.706645     0.154134    -0.166981    -0.274274      -0.3147     -0.26659    -0.188158    -0.114502   -0.0636274   -0.0351153   -0.0238314     -0.02681   -0.0371403   -0.0522207   -0.0640718   -0.0711103   -0.0750158   -0.0770854   -0.0782398   -0.0778434   -0.0760877   -0.0746216   -0.0738181   -0.0723862   -0.0718582    -0.072026    -0.072809    -0.073718   -0.0737673   -0.0732433   -0.0720965   -0.0710458   -0.0679298   -0.0614641   -0.0543426   -0.0463506   -0.0355816   -0.0282584   -0.0231211   -0.0169514   -0.0117925   -0.0124187   -0.0159389   -0.0178753   -0.0210585   -0.0252077   -0.0327242   -0.0500882   -0.0889721    -0.164332     -0.27506    -0.426349    -0.579065    -0.513115    -0.385022 -3.20455e-08    -0.127361   0.00897385
    -3.51489      6.17357      -2.2405     -0.22467    0.0234895   -0.0126837   -0.0347241    -0.048419    -0.039389   -0.0356324   -0.0434959   -0.0387463   -0.0371255   -0.0112548  -0.00403895   -0.0125541   -0.0173173   -0.0161506  -0.00535296  -0.00230067   -0.0137764    -0.013074    0.0043965  -0.00618696  -0.00988476   -0.0148651   -0.0136223  -0.00411898   -0.0077311   -0.0129737   -0.0194937  -0.00114511   0.00634755    -0.013562   -0.0106008   0.00375382   -0.0214526   -0.0157737   0.00533687   0.00369239    -0.012511  -0.00492122    0.0102735   0.00270226   0.00494308    0.0053282   0.00198723  -0.00268884   -0.0225772   -0.0453488   -0.0426724   -0.0275557   -0.0340341   -0.0710755    -0.107225      1.26578       1.6292     0.165651    -0.151047    -0.162867     -0.10989   -0.0560566   -0.0171283   0.00611708    0.0174149    0.0216633    0.0214991    0.0194762    0.0166825    0.0145753    0.0135677    0.0131248    0.0128876    0.0127634    0.0126576     0.012427    0.0121619    0.0118916    0.0112935    0.0106179   0.00984715   0.00908637    0.0083292   0.00738467    0.0063845   0.00537534   0.00446958    0.0033469   0.00170393 -0.000183281  -0.00252398  -0.00608524  -0.00921308   -0.0122246   -0.0157127   -0.0191303    -0.020754   -0.0216033   -0.0225484   -0.0232287    -0.023315   -0.0211077   -0.0128363   0.00621735    0.0326421    0.0514682    0.0496611    0.0341172    0.0138316   0.00207207  2.60534e-08     0.162573   0.00729216
   -0.283864      -2.2405      4.67347     -2.07235    -0.136476     0.036365   0.00210674   -0.0188401   -0.0197523   -0.0159798   -0.0134121   -0.0103665  -0.00799679  -0.00402661  -0.00140141 -0.000474521  8.17232e-05  0.000602442   0.00161758   0.00252136   0.00239557   0.00218905   0.00327571   0.00344743   0.00404494   0.00408724   0.00389596   0.00413406    0.0041379   0.00429613   0.00335605   0.00280053   0.00270768   0.00269999   0.00291025   0.00316482   0.00281247    0.0024142  0.000807438  0.000376928   0.00144403   0.00126956 -0.000379913 -0.000602824 -8.72599e-05  8.42683e-05  0.000650224   0.00205354   0.00789993     0.010369   0.00231639  -0.00227422   0.00866559    0.0272767    0.0361621    -0.420716    -0.244043      1.17643     0.225984    0.0154291   -0.0367172   -0.0469503   -0.0432461    -0.036531   -0.0307434   -0.0270451   -0.0257983   -0.0260453   -0.0272978   -0.0283392   -0.0288603   -0.0290679   -0.0291139   -0.0291047   -0.0289642    -0.028706   -0.0284723   -0.0282758   -0.0280146   -0.0278224   -0.0277091   -0.0276764   -0.0276941   -0.0277242   -0.0277664   -0.0278055   -0.0278533   -0.0278229   -0.0275948   -0.0272196   -0.0266851    -0.025859   -0.0251638   -0.0245639   -0.0238453   -0.0231623    -0.022908   -0.0228708   -0.0227943   -0.0228618   -0.0231749   -0.0241606   -0.0264316   -0.0303026   -0.0330781   -0.0334549   -0.0353449   -0.0410072   -0.0349845   -0.0272023 -4.59161e-09    0.0463755   0.00148817
  0.00371948     -0.22467     -2.07235      4.44845     -2.05233      -0.1464    0.0552797    0.0292311   0.00592563  1.25836e-05   0.00160826   0.00159918   0.00259531  -0.00126968  -0.00169504  0.000375175   0.00126557   0.00115178  -0.00086837  -0.00122228     0.001574   0.00161341  -0.00210981   0.00102322   0.00194427    0.0030859   0.00277799  0.000604449   0.00181681   0.00308429   0.00450964 -0.000210151  -0.00152024   0.00403983   0.00297458 -0.000847785   0.00570829    0.0033942   -0.0023119  -0.00100872   0.00364299   0.00107575  -0.00305366 -0.000610162  -0.00109649  -0.00121312 -0.000354016  0.000864388   0.00534194    0.0106073    0.0102575   0.00628198   0.00600445    0.0117049    0.0178864    -0.513959    -0.447508    -0.233963     0.851746      0.27516    0.0773231   0.00933641   -0.0151312     -0.02231   -0.0217844    -0.018928   -0.0161078    -0.013967   -0.0125998   -0.0117768   -0.0113248   -0.0110744    -0.010918   -0.0108286   -0.0107125   -0.0105221   -0.0103486   -0.0102005  -0.00993348  -0.00968084  -0.00944562  -0.00925461  -0.00909351  -0.00891623  -0.00875726  -0.00863277  -0.00856695  -0.00851928  -0.00839502  -0.00822595   -0.0079556  -0.00738785  -0.00690502   -0.0064293  -0.00585339  -0.00527444  -0.00503101  -0.00491327  -0.00480526   -0.0047326  -0.00478063  -0.00528364  -0.00696392   -0.0109053    -0.016731   -0.0212448   -0.0206172   -0.0156244   -0.0105703   -0.0057877  6.90663e-10   -0.0488317  -0.00264528
  -0.0948096    0.0234895    -0.136476     -2.05233      4.59611     -2.20111    -0.193193    0.0482433    0.0282186   0.00592616  -0.00131457  -0.00259308  -0.00213391   -0.0018849  -0.00175433  -0.00186597  -0.00225376  -0.00242369  -0.00269089  -0.00267787  -0.00199512  -0.00182224  -0.00258708  -0.00142683  -0.00124092  -0.00103029  -0.00117958  -0.00178274  -0.00114703 -0.000675709 -0.000258634  -0.00190935   -0.0018714  0.000554711 -5.52257e-05  -0.00153256   0.00101879 -0.000515035   -0.0028425  -0.00147531  0.000831033 -0.000555103  -0.00213542 -0.000541884  -0.00048486 -0.000405929  4.12106e-05   0.00060167   0.00201578   0.00321823   0.00267236  0.000170652  -0.00561411   -0.0155013    -0.017317    -0.206641    -0.177336    -0.184284    0.0741185     0.654327      0.21819    0.0558835   0.00388235   -0.0116423   -0.0137536   -0.0119205  -0.00988232  -0.00828858  -0.00724656  -0.00665201  -0.00634974  -0.00619606  -0.00611451  -0.00607459  -0.00603572  -0.00598262  -0.00594988  -0.00593818  -0.00591151  -0.00590801   -0.0059293  -0.00597591  -0.00604161   -0.0061378  -0.00626979  -0.00645112  -0.00667521  -0.00701302  -0.00744211  -0.00789158  -0.00833559  -0.00874195  -0.00908423  -0.00935694  -0.00963276  -0.00986196  -0.00997601  -0.00999853   -0.0100949   -0.0101593   -0.0102569   -0.0104122   -0.0105997   -0.0108708   -0.0110341   -0.0103027  -0.00669781 -0.000627458 -0.000428458  7.66241e-05  1.96643e-09    -0.022265 -0.000360144
  -0.0976769   -0.0126837     0.036365      -0.1464     -2.20111      4.86156     -2.28949    -0.234819    0.0380997    0.0283638   0.00925805   0.00213463   0.00184938 -0.000246331 -0.000923062 -0.000653877  -0.00111484  -0.00171033  -0.00323966  -0.00367123   -0.0018019  -0.00163402  -0.00431462  -0.00180728  -0.00132011 -0.000620538  -0.00091237  -0.00257763  -0.00136758 -0.000293437  0.000932052  -0.00288157   -0.0034185   0.00170619  0.000562308   -0.0027583   0.00301979   0.00037002  -0.00453864   -0.0023608   0.00219068 -0.000435387  -0.00380821 -0.000869238  -0.00103551 -0.000992559 -0.000150512  0.000905367    0.0039721   0.00738565   0.00724847   0.00282834  -0.00584436   -0.0185381   -0.0195813    -0.141586     -0.12312    -0.139631   -0.0800977     0.149631     0.481756     0.162355    0.0314253  -0.00862347   -0.0167631   -0.0148689   -0.0119478  -0.00934287  -0.00745768  -0.00627408  -0.00571195  -0.00547322  -0.00536576  -0.00531766  -0.00528486  -0.00523638  -0.00521468  -0.00522794  -0.00520654  -0.00521635  -0.00525154  -0.00531688  -0.00540191  -0.00550355  -0.00565233  -0.00587139  -0.00616947  -0.00661713  -0.00717846  -0.00777311  -0.00834765   -0.0087945  -0.00918088  -0.00946759  -0.00973107   -0.0099266   -0.0100536   -0.0100867   -0.0102192   -0.0103176   -0.0104993   -0.0109064   -0.0117598   -0.0135223   -0.0160302    -0.017121   -0.0124571  -0.00267267  -0.00141794  7.19048e-05  7.85345e-10    -0.051212  -0.00112474
   -0.093596   -0.0347241   0.00210674    0.0552797    -0.193193     -2.28949      5.12838     -2.38894    -0.276775    0.0260057    0.0264148   0.00871222    0.0047448   0.00196613   0.00145981   0.00176548  0.000939426 -0.000254283  -0.00254309  -0.00346012  -0.00162297  -0.00165547  -0.00488015  -0.00228166  -0.00173102 -0.000905415  -0.00120579  -0.00306799  -0.00174606 -0.000475501  0.000960048  -0.00325099  -0.00395477   0.00165763  0.000468544  -0.00316617   0.00323646  0.000454045  -0.00498384  -0.00272576   0.00228617 -0.000513309  -0.00424167  -0.00102817  -0.00119448  -0.00112012  -0.00014834   0.00108004   0.00484751   0.00877351   0.00810637   0.00286876  -0.00667969   -0.0208242    -0.021958    -0.124488    -0.114876    -0.121644   -0.0969204  -0.00393862     0.179834       0.3601     0.113681     0.016298   -0.0109987   -0.0131157   -0.0109688  -0.00825334  -0.00622129  -0.00471415  -0.00399808  -0.00374929  -0.00365979  -0.00360889  -0.00358897  -0.00357194  -0.00357353  -0.00360836  -0.00361677  -0.00365182  -0.00370694  -0.00379009  -0.00389145  -0.00400821  -0.00416954  -0.00440599  -0.00472684  -0.00521403  -0.00583434  -0.00649835  -0.00714358  -0.00764812  -0.00808116  -0.00839623  -0.00867893    -0.008883  -0.00901694  -0.00905098  -0.00919344  -0.00930658  -0.00953073   -0.0100605   -0.0111964   -0.0134476   -0.0163755   -0.0173976   -0.0119168  -0.00108059  9.62258e-06   0.00114176  8.22801e-10   -0.0526966  -0.00177383
  -0.0734171    -0.048419   -0.0188401    0.0292311    0.0482433    -0.234819     -2.38894      5.38628     -2.45561    -0.305696    0.0182913    0.0214828   0.00893546   0.00206739   0.00260317   0.00485842   0.00469584   0.00308179  -0.00053719  -0.00224476 -9.25438e-05 -0.000544171  -0.00528092  -0.00221464  -0.00150681 -0.000367642 -0.000750843  -0.00325245  -0.00165358  5.89202e-05   0.00202168  -0.00340644  -0.00463065   0.00235651    0.0009977  -0.00360586   0.00454585   0.00140743  -0.00549934  -0.00314986   0.00300015 -0.000293631  -0.00505889  -0.00128686  -0.00157858  -0.00150315  -0.00026728   0.00132239   0.00663741    0.0121408    0.0109775    0.0044088  -0.00529856   -0.0182748   -0.0173594    -0.130834    -0.123908    -0.131102    -0.115964   -0.0716481    0.0230184     0.155951     0.256134    0.0809913   0.00828105  -0.00833301  -0.00968197  -0.00780083  -0.00629821  -0.00447209  -0.00342669  -0.00309429  -0.00301529  -0.00296107  -0.00294168  -0.00293471  -0.00292189  -0.00293165  -0.00291236  -0.00290945  -0.00291747  -0.00295499  -0.00301393  -0.00307443  -0.00318164  -0.00336888  -0.00365533  -0.00410305  -0.00467298  -0.00527873  -0.00584145  -0.00618683  -0.00647112  -0.00663007  -0.00672259  -0.00673252  -0.00677056  -0.00675016  -0.00683725  -0.00691355   -0.0071501  -0.00787248  -0.00964294   -0.0132607   -0.0178986   -0.0198667   -0.0137192  -0.00136356  0.000715125   0.00212344  1.02231e-09   -0.0620684  -0.00252679
  -0.0618853    -0.039389   -0.0197523   0.00592563    0.0282186    0.0380997    -0.276775     -2.45561      5.58077     -2.52948    -0.328015   0.00727669    0.0151571  0.000616689  0.000600001   0.00488419   0.00644008   0.00558298   0.00252018  0.000558585   0.00133229  0.000338581  -0.00359978  -0.00180871  -0.00155035 -0.000875176  -0.00121743  -0.00301891  -0.00178617  -0.00043699   0.00106192  -0.00283085  -0.00362502   0.00156082  0.000593007  -0.00274364   0.00323232  0.000876939  -0.00423483  -0.00245005   0.00212804 -0.000323898  -0.00384411  -0.00100293  -0.00117203  -0.00108989   -0.0001461   0.00107182   0.00513838    0.0091189   0.00786223   0.00271507  -0.00501038   -0.0159469   -0.0159436    -0.106469    -0.103646    -0.110401     -0.10266   -0.0789771   -0.0249335    0.0618191     0.154903     0.200926     0.064027   0.00878359  -0.00276131  -0.00446852   -0.0054579  -0.00405373  -0.00270986  -0.00225817  -0.00221097  -0.00219194   -0.0021883  -0.00221006  -0.00218623  -0.00215304   -0.0021336  -0.00211487   -0.0021017   -0.0021161  -0.00215662  -0.00220453  -0.00229328  -0.00244975  -0.00268811  -0.00306015  -0.00354606  -0.00407122  -0.00457336  -0.00492558  -0.00521544  -0.00539781  -0.00553279  -0.00559729  -0.00564983  -0.00564296  -0.00572332  -0.00579389  -0.00598774  -0.00654854  -0.00786892   -0.0104822   -0.0136363    -0.014612  -0.00949922  6.39798e-05   0.00124116   0.00200187  1.04499e-09   -0.0432218  -0.00238717
  -0.0417642   -0.0356324   -0.0159798  1.25836e-05   0.00592616    0.0283638    0.0260057    -0.305696     -2.52948      5.75204      -2.5881    -0.338059   0.00253782   0.00523596  -0.00328305  0.000916502   0.00580794   0.00756197   0.00578833   0.00409831   0.00433649   0.00278474   -0.0013065 -0.000460604 -0.000613803 -0.000300964 -0.000789593  -0.00245165   -0.0014972 -0.000281851   0.00104758  -0.00220304  -0.00296498   0.00135697  0.000677716  -0.00205223   0.00295702   0.00115882  -0.00320179  -0.00195992   0.00183883 -0.000103715  -0.00314226 -0.000886714  -0.00102329 -0.000941184 -0.000104639   0.00101897   0.00504294   0.00870741   0.00690219   0.00222034    -0.003014   -0.0099084  -0.00890058    -0.100373   -0.0977576    -0.105815    -0.103997   -0.0931652   -0.0623036  -0.00513237    0.0661927     0.123835      0.15303    0.0423081   0.00855342 -0.000179181  -0.00499791  -0.00448159   -0.0025039  -0.00163571  -0.00152084    -0.001563  -0.00159557  -0.00165142  -0.00161989  -0.00153421  -0.00150567  -0.00145341  -0.00139236  -0.00134981  -0.00133676  -0.00133069   -0.0013612  -0.00145047  -0.00161598  -0.00187839   -0.0022235  -0.00260106  -0.00295142  -0.00315265  -0.00330656  -0.00337284  -0.00338028   -0.0033299  -0.00332159  -0.00329297  -0.00332557  -0.00336819  -0.00353894  -0.00410432  -0.00550057  -0.00823001   -0.0113223   -0.0122244   -0.0080753 -0.000729674  0.000538947   0.00124423  1.10595e-09   -0.0302613  -0.00249025
   -0.014958   -0.0434959   -0.0134121   0.00160826  -0.00131457   0.00925805    0.0264148    0.0182913    -0.328015      -2.5881       5.8605     -2.61066    -0.337393  -0.00489009 -0.000633201  -0.00474704    0.0010692   0.00666746   0.00692969   0.00663085   0.00859909   0.00687023  0.000696452   0.00181676   0.00161296   0.00201442   0.00105082  -0.00178923 -0.000782349  0.000920378    0.0028339  -0.00211153  -0.00377628   0.00221923    0.0014633  -0.00244111   0.00482479   0.00279181  -0.00360792  -0.00255721   0.00274112  0.000323255  -0.00420845   -0.0013717  -0.00162042  -0.00149719  -0.00022807   0.00156072   0.00860523    0.0148368    0.0111785   0.00404588  9.50871e-05  -0.00283591   0.00264447    -0.119027    -0.112379    -0.123821    -0.125365    -0.124212    -0.111112   -0.0775809   -0.0266255    0.0248517    0.0612251    0.0847648    0.0218988   0.00261499  -0.00480434  -0.00568299  -0.00270819 -0.000968954 -0.000588159 -0.000710051 -0.000809475 -0.000907546 -0.000902697 -0.000800184 -0.000783876 -0.000716311 -0.000613234 -0.000504237   -0.0004195 -0.000333576 -0.000288372 -0.000310017 -0.000431242 -0.000631726 -0.000876112  -0.00112905  -0.00129928  -0.00117891   -0.0010276  -0.00078225 -0.000404407  3.46505e-05  0.000229458  0.000354712  0.000431072  0.000446217  0.000222451 -0.000768313  -0.00345642  -0.00878557   -0.0147439   -0.0169405   -0.0120163  -0.00347229  -0.00033358  0.000931247  1.60969e-09   -0.0346662  -0.00276073
 -0.00628517   -0.0387463   -0.0103665   0.00159918  -0.00259308   0.00213463   0.00871222    0.0214828   0.00727669    -0.338059     -2.61066      5.95342     -2.65979    -0.347007  -0.00766176  -0.00121157  -0.00627767 -0.000589415   0.00383046   0.00702974    0.0107152   0.00972041   0.00405486   0.00434594   0.00372105   0.00359542   0.00226165 -0.000669592 -0.000270101   0.00108943   0.00269816  -0.00155088  -0.00331851   0.00153078   0.00114207  -0.00200524    0.0041026   0.00285099   -0.0025738  -0.00221656   0.00212361  0.000404385  -0.00346885  -0.00131909   -0.0015048   -0.0013515 -0.000189428   0.00149676   0.00856297    0.0144007    0.0099655   0.00319163   0.00135906   0.00135024   0.00764512    -0.117337    -0.110347    -0.120869    -0.123962    -0.127097    -0.123713    -0.105799   -0.0714417   -0.0298132   0.00384541    0.0271949    0.0295263   0.00147573  -0.00105612  -0.00394903 -0.000397325   0.00255003   0.00341035   0.00320043   0.00301638   0.00287119   0.00279386   0.00285142   0.00278581   0.00280077    0.0028822   0.00301575   0.00314629   0.00326309   0.00334774   0.00337107    0.0033029   0.00317209   0.00301075   0.00283949   0.00275236   0.00294542    0.0031745   0.00349441   0.00396463   0.00449063   0.00473603   0.00488244   0.00500482    0.0050439   0.00482979    0.0038005  0.000969482  -0.00452806   -0.0103131   -0.0121259  -0.00783851  -0.00144265   0.00129027    0.0016951  1.79065e-09   -0.0185835  -0.00253056
  0.00890947   -0.0371255  -0.00799679   0.00259531  -0.00213391   0.00184938    0.0047448   0.00893546    0.0151571   0.00253782    -0.337393     -2.65979      6.05602     -2.69568    -0.360754  -0.00692052   -0.0034713   -0.0103885  -0.00605996   0.00179937   0.00980235    0.0111323   0.00621586   0.00712507   0.00650171   0.00613618    0.0043264  0.000735064  0.000734578   0.00183873   0.00333675  -0.00138448  -0.00345148   0.00164024    0.0012394   -0.0021186   0.00443281   0.00321801  -0.00250637  -0.00222389   0.00232963  0.000559266  -0.00355307  -0.00135905  -0.00160586  -0.00146882 -0.000262023   0.00149711   0.00895171    0.0152913     0.010889   0.00392854   0.00261403   0.00403389    0.0115781    -0.104768   -0.0970124    -0.107723    -0.111323    -0.117155    -0.120312     -0.11358   -0.0925122   -0.0607848   -0.0296783  -0.00795502   0.00196429  -0.00927082  0.000293955  -0.00338514  -0.00148189   0.00281972   0.00451962   0.00425373   0.00400747   0.00389647   0.00371739   0.00365887   0.00352238   0.00347114    0.0035137   0.00366223   0.00384254   0.00400509   0.00412907   0.00418785   0.00414325   0.00403908   0.00391486   0.00378342   0.00374456   0.00401721   0.00431909   0.00471024   0.00527149   0.00588855   0.00617631    0.0063423   0.00649275   0.00655116   0.00634215   0.00526075   0.00221968  -0.00376525   -0.0102562   -0.0126755  -0.00870225  -0.00242043  0.000834633   0.00144421  1.76922e-09   -0.0217124  -0.00194598
  0.00161142   -0.0112548  -0.00402661  -0.00126968   -0.0018849 -0.000246331   0.00196613   0.00206739  0.000616689   0.00523596  -0.00489009    -0.347007     -2.69568      6.20681     -2.77527    -0.380702  -0.00833819  -0.00839152   -0.0158964  -0.00731513   0.00226099   0.00766498   0.00997357   0.00926239   0.00793273    0.0061182    0.0044835   0.00330426    0.0016574  0.000489004 -0.000248191  0.000576944  0.000489857 -0.000992563 -0.000475021  0.000626109 -0.000842373  0.000240188   0.00188732   0.00109413 -0.000439442  0.000401641   0.00148065  0.000492431  0.000395498  0.000309823 -1.92479e-05 -0.000452231  -0.00165386  -0.00258783  -0.00198657  -0.00029942   0.00266609   0.00766907   0.00668571   -0.0551665   -0.0536281    -0.057687   -0.0615318   -0.0647425   -0.0656882   -0.0603641   -0.0449226   -0.0202855   0.00669297    0.0277027    0.0391763    0.0396067    0.0155382    0.0111711   0.00351622   0.00703695   0.00970168   0.00943557   0.00916777   0.00916988   0.00885852   0.00860922   0.00837758   0.00822833   0.00819445   0.00833297   0.00855892   0.00874226   0.00892328   0.00908841   0.00922243   0.00935156   0.00946396   0.00950597   0.00949355   0.00943242    0.0093673   0.00930706   0.00927106   0.00923963    0.0092091   0.00916201   0.00916294    0.0091546   0.00917852   0.00926097   0.00941575   0.00969589   0.00979839     0.009112   0.00653465   0.00245503   0.00126351  0.000590635  1.96277e-11     0.013706  -0.00182701
   0.0148293  -0.00403895  -0.00140141  -0.00169504  -0.00175433 -0.000923062   0.00145981   0.00260317  0.000600001  -0.00328305 -0.000633201  -0.00766176    -0.360754     -2.77527      6.39162     -2.83164    -0.386654   -0.0073542   -0.0119462   -0.0193542   -0.0103084  0.000307485   0.00819843   0.00980694    0.0096798   0.00814803   0.00670956   0.00599767   0.00372472   0.00162179  -7.2634e-05   0.00169205   0.00191482  -0.00117857 -0.000598586   0.00145941  -0.00186452 -0.000371375   0.00295998   0.00204958 -0.000828833  0.000525511   0.00274444   0.00102436   0.00093928  0.000764786  4.44686e-05 -0.000923338  -0.00431886  -0.00695545  -0.00489239 -0.000915197   0.00383084    0.0114475    0.0089046   -0.0341713   -0.0334306   -0.0360289   -0.0391804    -0.040896   -0.0412777   -0.0381132   -0.0280653   -0.0102174    0.0119573    0.0322722    0.0461941    0.0523999    0.0425351    0.0337972   0.00994305   0.00489933    0.0077318   0.00772097   0.00752525   0.00782761   0.00738095   0.00680632   0.00653605   0.00628378   0.00614794   0.00623415   0.00647597   0.00668802   0.00692083   0.00716394   0.00740703   0.00765844   0.00791253   0.00809171   0.00817996   0.00814198   0.00805573   0.00792939   0.00779144   0.00763753    0.0075362   0.00743117   0.00739503   0.00737116   0.00745986   0.00785345   0.00883688    0.0106609    0.0121854    0.0114636   0.00665579 -0.000392523  -0.00199942  -0.00197311 -5.90967e-10    0.0195885  -0.00161845
   0.0345479   -0.0125541 -0.000474521  0.000375175  -0.00186597 -0.000653877   0.00176548   0.00485842   0.00488419  0.000916502  -0.00474704  -0.00121157  -0.00692052    -0.380702     -2.83164      6.48733     -2.85771    -0.379908  -0.00343782   -0.0148947   -0.0229158   -0.0124295  -0.00121038    0.0065738    0.0099709    0.0107774   0.00993993   0.00823542   0.00638837   0.00479337   0.00345036    0.0021459  0.000983924  0.000459667  0.000429414  0.000387609  0.000567381   0.00103822  0.000994228  0.000527565  0.000457921  0.000686409  0.000487025  0.000148299  3.13573e-05 -3.36244e-05 -3.25009e-05  7.75479e-05  0.000982595   0.00182858   0.00113837   0.00097807   0.00486842    0.0127758    0.0151143   -0.0441234   -0.0399846    -0.045055   -0.0470338   -0.0488687   -0.0510658   -0.0518504   -0.0479874   -0.0373528   -0.0211521  -0.00352137    0.0112085    0.0204413    0.0212678    0.0176084    0.0249819   0.00319877   0.00247713   0.00353176   0.00360236   0.00440811   0.00384649   0.00281232   0.00257495   0.00221284   0.00192619   0.00186891   0.00203648   0.00221711   0.00244101   0.00268016   0.00292427   0.00312573   0.00333095   0.00351147   0.00367558   0.00389299   0.00404722   0.00418156   0.00438328    0.0045883   0.00465231   0.00464492   0.00468562    0.0046907   0.00465588   0.00445905   0.00382992   0.00251321  0.000770821 -0.000913653   -0.0031393  -0.00617062  -0.00516845  -0.00389488  2.44701e-10    0.0066333  -0.00110263
   0.0446022   -0.0173173  8.17232e-05   0.00126557  -0.00225376  -0.00111484  0.000939426   0.00469584   0.00644008   0.00580794    0.0010692  -0.00627767   -0.0034713  -0.00833819    -0.386654     -2.85771       6.5342     -2.88254    -0.375127  0.000413978   -0.0150341   -0.0258152   -0.0162704  -0.00207401   0.00642824    0.0106723    0.0115092    0.0100804   0.00883182   0.00768753   0.00652959   0.00352212   0.00126827   0.00166042   0.00120326    -7.18e-06   0.00177719   0.00187782  0.000134518 -0.000357206  0.000893049  0.000723063 -0.000652038 -0.000392048 -0.000509353 -0.000490436  -9.2219e-05  0.000617471   0.00406963   0.00687626   0.00436236   0.00184708   0.00565821    0.0141738    0.0194058   -0.0547637   -0.0484591   -0.0546371   -0.0555726   -0.0568206   -0.0594881   -0.0623643   -0.0626257   -0.0577231   -0.0474137   -0.0340408   -0.0209649   -0.0111246  -0.00632984  -0.00618639  -0.00163875   0.00823749 -0.000295442    0.0035189   0.00439745   0.00579386   0.00518809   0.00362492   0.00356442   0.00316025   0.00273347   0.00247623   0.00249544   0.00259249   0.00277519   0.00299779   0.00326171   0.00343019   0.00357433   0.00373826   0.00393756   0.00428697   0.00457943   0.00486876   0.00527999   0.00570767   0.00587315   0.00592077   0.00601267    0.0060329   0.00591572   0.00533672   0.00366666  0.000374069  -0.00333702  -0.00555391  -0.00648595  -0.00783853  -0.00569267  -0.00424198  8.40098e-10   0.00379492 -0.000752403
   0.0493245   -0.0161506  0.000602442   0.00115178  -0.00242369  -0.00171033 -0.000254283   0.00308179   0.00558298   0.00756197   0.00666746 -0.000589415   -0.0103885  -0.00839152   -0.0073542    -0.379908     -2.88254      6.58253     -2.91052    -0.379267   0.00511393   -0.0166801   -0.0306616   -0.0171389   -0.0028432   0.00629497     0.010289     0.010886    0.0105839   0.00974119   0.00853694   0.00576226   0.00322367     0.002637   0.00189131  0.000704403   0.00163866   0.00188576  0.000728133 -1.61747e-06  0.000632508  0.000737876 -0.000147329 -0.000211421 -0.000367256 -0.000386995 -0.000147513  0.000329884   0.00290916   0.00520805   0.00352647   0.00198622   0.00649659     0.016209    0.0206972   -0.0520731   -0.0455169   -0.0513228   -0.0515756   -0.0517127   -0.0534169   -0.0561996   -0.0579828   -0.0564256   -0.0505138   -0.0412224   -0.0307794   -0.0217256   -0.0159536   -0.0140159   -0.0128525  -0.00694844  -0.00152551   0.00484796   0.00780074   0.00936738   0.00889968   0.00678985   0.00717579    0.0069037   0.00643193   0.00596147   0.00577204   0.00575985   0.00588292   0.00609236   0.00640348   0.00658879   0.00670276    0.0068645    0.0070644   0.00738069   0.00764688    0.0078988   0.00826685   0.00864727   0.00877482   0.00878397   0.00885287    0.0088543   0.00874515   0.00824765   0.00678808   0.00385956  0.000269948  -0.00248665  -0.00477261  -0.00769719  -0.00603716  -0.00463932  6.25382e-10   0.00444621 -0.000734271
   0.0474736  -0.00535296   0.00161758  -0.00086837  -0.00269089  -0.00323966  -0.00254309  -0.00053719   0.00252018   0.00578833   0.00692969   0.00383046  -0.00605996   -0.0158964   -0.0119462  -0.00343782    -0.375127     -2.91052      6.67382     -2.95401    -0.391242    0.0068358   -0.0175311   -0.0314846   -0.0189866  -0.00451322   0.00481041    0.0101367    0.0110568    0.0101546   0.00840492   0.00910385   0.00760935   0.00287703     0.002261   0.00326155 -0.000774189  0.000634668   0.00379829   0.00231317 -0.000852951  0.000757948   0.00303756   0.00103701  0.000854261  0.000640456 -0.000121084  -0.00110126   -0.0042987  -0.00637059  -0.00397219  0.000363785   0.00772018    0.0208022    0.0196163   -0.0358267   -0.0315779   -0.0343967   -0.0342003   -0.0317779    -0.030086   -0.0299704   -0.0304914   -0.0299241   -0.0268143   -0.0210014   -0.0135901  -0.00635292  -0.00103439   0.00137209   0.00171781   0.00296208   0.00638882   0.00776363     0.013403    0.0139474    0.0143413    0.0120151    0.0131951    0.0133319    0.0130003    0.0123612    0.0119314    0.0118033    0.0118756    0.0121106    0.0125461    0.0128735    0.0130811    0.0133367    0.0135611    0.0136726    0.0137304    0.0137159    0.0137239    0.0137095    0.0136282    0.0134829    0.0134473    0.0133986    0.0134424    0.0137054    0.0142761    0.0151816     0.015123    0.0123659   0.00492487  -0.00502895  -0.00620961   -0.0053152  -7.1968e-10    0.0192077  -0.00134375
   0.0515147  -0.00230067   0.00252136  -0.00122228  -0.00267787  -0.00367123  -0.00346012  -0.00224476  0.000558585   0.00409831   0.00663085   0.00702974   0.00179937  -0.00731513   -0.0193542   -0.0148947  0.000413978    -0.379267     -2.95401      6.78696      -2.9986    -0.398576    0.0112668   -0.0182639   -0.0344264   -0.0214136  -0.00567437   0.00519719   0.00929574    0.0101577   0.00931961    0.0112403    0.0101803   0.00456565   0.00370933   0.00483574 -0.000482524  0.000842881   0.00460619   0.00288953  -0.00104116  0.000777295   0.00359508    0.0012276   0.00106247   0.00081843 -0.000118654   -0.0013369  -0.00553699  -0.00842706  -0.00542027 -5.26527e-05   0.00806897    0.0221059    0.0199166   -0.0282525   -0.0245313   -0.0267143   -0.0262033   -0.0226104   -0.0193166   -0.0177293   -0.0175641   -0.0175971   -0.0163202   -0.0129822  -0.00793978  -0.00230482   0.00250264   0.00517315   0.00569066   0.00546665   0.00618895   0.00555731   0.00705359   0.00710735    0.0108461    0.0103099    0.0125661       0.0135    0.0135817    0.0128409    0.0121029    0.0118206      0.01177    0.0119273    0.0123415    0.0126478    0.0127814    0.0130054    0.0132163    0.0132656     0.013297    0.0132472    0.0131955    0.0131168    0.0130026      0.01283     0.012776    0.0127171    0.0127882    0.0131944    0.0141535    0.0157936    0.0164391    0.0137046    0.0051969  -0.00625714  -0.00780818  -0.00666958 -9.77714e-10    0.0228856  -0.00129234
   0.0609805   -0.0137764   0.00239557     0.001574  -0.00199512   -0.0018019  -0.00162297 -9.25438e-05   0.00133229   0.00433649   0.00859909    0.0107152   0.00980235   0.00226099   -0.0103084   -0.0229158   -0.0150341   0.00511393    -0.391242      -2.9986      6.87405     -3.02321    -0.402927    0.0131134    -0.018973   -0.0360373   -0.0224331  -0.00699331   0.00353681   0.00923864     0.011823    0.0106493    0.0087777   0.00830357   0.00657487   0.00406789   0.00441696   0.00351207   0.00123297  0.000285943   0.00108027   0.00075543 -0.000570782 -0.000421183 -0.000566786 -0.000575471 -0.000239603  0.000403859   0.00341006   0.00610523   0.00425936   0.00224428   0.00655704    0.0160064    0.0205962   -0.0338329    -0.027656   -0.0334712   -0.0331179     -0.03174   -0.0312063   -0.0319653    -0.033536   -0.0348962   -0.0349353   -0.0330209   -0.0292973   -0.0245344   -0.0198624   -0.0167769   -0.0158654    -0.016294   -0.0167639   -0.0177296   -0.0177493   -0.0161664  -0.00601558  0.000988104   0.00391749   0.00607344   0.00693895   0.00622328   0.00512105   0.00465194   0.00437124   0.00427181   0.00438545   0.00435087   0.00407285   0.00397757   0.00402596   0.00418127   0.00442906   0.00468682   0.00504524   0.00543168   0.00556124   0.00556604   0.00562375   0.00561051   0.00547822   0.00493913   0.00339148  0.000254045  -0.00368562   -0.0068288  -0.00930572   -0.0120789  -0.00999789  -0.00772341  6.76666e-10  0.000333514  6.92916e-06
   0.0596281    -0.013074   0.00218905   0.00161341  -0.00182224  -0.00163402  -0.00165547 -0.000544171  0.000338581   0.00278474   0.00687023   0.00972041    0.0111323   0.00766498  0.000307485   -0.0124295   -0.0258152   -0.0166801    0.0068358    -0.398576     -3.02321      6.95499     -3.05281    -0.417596    0.0167066   -0.0183579   -0.0385292   -0.0252238  -0.00789134   0.00323567    0.0092363     0.010457    0.0100327   0.00997618    0.0084141   0.00590712   0.00565359   0.00450561   0.00233039   0.00109278   0.00131404  0.000934428 -0.000160766 -0.000217944 -0.000465845 -0.000542148 -0.000350199  6.46237e-05   0.00212973   0.00437462   0.00365715   0.00258324   0.00670354    0.0158984    0.0194463   -0.0287255   -0.0228963   -0.0285637   -0.0283576   -0.0272284   -0.0267707    -0.027397   -0.0288403   -0.0304102   -0.0312328   -0.0306383   -0.0285037   -0.0252028   -0.0215056   -0.0187581   -0.0178274   -0.0182708   -0.0191157   -0.0201181   -0.0204724   -0.0182473   -0.0158401   0.00298524   0.00489848   0.00834884    0.0104187    0.0100051    0.0086502   0.00811304   0.00770239   0.00745414   0.00737596   0.00722054   0.00677113   0.00650221   0.00639841   0.00635651   0.00650898   0.00670304   0.00697272    0.0072796   0.00738158   0.00737282   0.00742075   0.00741049   0.00732059    0.0069326   0.00573643   0.00317035 -0.000463534  -0.00395849  -0.00722855   -0.0106034   -0.0090355  -0.00700094  3.91171e-10  -0.00360069  3.58684e-05
   0.0528555    0.0043965   0.00327571  -0.00210981  -0.00258708  -0.00431462  -0.00488015  -0.00528092  -0.00359978   -0.0013065  0.000696452   0.00405486   0.00621586   0.00997357   0.00819843  -0.00121038   -0.0162704   -0.0306616   -0.0175311    0.0112668    -0.402927     -3.05281      7.06727     -3.10299    -0.427925    0.0188498   -0.0195586   -0.0394409   -0.0260988   -0.0102214 -0.000551766    0.0104559    0.0145006   0.00862775   0.00872165    0.0111997   0.00205124   0.00328446   0.00916909   0.00627267 -0.000859503    0.0014598   0.00615741   0.00230451   0.00191512   0.00142191 -0.000295766  -0.00264406   -0.0113451   -0.0172778   -0.0104529 -0.000428683   0.00945979    0.0258617    0.0192525   -0.0133369   -0.0109705   -0.0114033   -0.0106205  -0.00550737   0.00016631   0.00434414   0.00634426   0.00633423   0.00535057   0.00456896   0.00462793   0.00574584   0.00759918   0.00925851   0.00983107   0.00933708    0.0084041   0.00740381   0.00692565   0.00843295   0.00820643    0.0143811    0.0146626    0.0181333    0.0214836    0.0217505    0.0203281    0.0199302    0.0195703    0.0193626    0.0192656    0.0193463    0.0191594    0.0190314    0.0189163    0.0184375    0.0181987    0.0179331    0.0175572    0.0171596    0.0169218    0.0166712    0.0165713    0.0165129    0.0167597    0.0178507    0.0205078    0.0251693    0.0283009    0.0251328    0.0125833  -0.00379774  -0.00741967  -0.00665438 -2.22902e-09    0.0261851  -0.00164401
   0.0645182  -0.00618696   0.00344743   0.00102322  -0.00142683  -0.00180728  -0.00228166  -0.00221464  -0.00180871 -0.000460604   0.00181676   0.00434594   0.00712507   0.00926239   0.00980694    0.0065738  -0.00207401   -0.0171389   -0.0314846   -0.0182639    0.0131134    -0.417596     -3.10299      7.14036     -3.11737    -0.426375    0.0258724   -0.0187378   -0.0431891   -0.0290248   -0.0109784   0.00148918   0.00814787   0.00996516    0.0106572     0.010525   0.00780016   0.00663018   0.00633136   0.00458936   0.00233382   0.00199946   0.00221792   0.00100019  0.000561664  0.000206475 -0.000296362   -0.0008158  -0.00265103  -0.00324393  -0.00101424   0.00176921   0.00767285    0.0193314    0.0187883   -0.0123023  -0.00763261   -0.0115782   -0.0108167  -0.00785321   -0.0047022  -0.00228524 -0.000956097 -0.000679848 -0.000956923  -0.00112979 -0.000767526  0.000365922   0.00211238   0.00378949   0.00452509   0.00419346   0.00328741   0.00224379   0.00152881   0.00203669   0.00156357 -0.000237911   0.00238572   0.00345082   0.00703022   0.00848789   0.00711976   0.00695043   0.00654953   0.00609761   0.00541768   0.00512718   0.00466421   0.00418461   0.00380915   0.00331785   0.00318316   0.00312765    0.0030283   0.00296504    0.0029081   0.00280225   0.00276537   0.00272009   0.00275048   0.00296419   0.00338881      0.00379   0.00282573 -0.000608885  -0.00711641   -0.0143983   -0.0138551   -0.0106566  -7.2624e-10 -0.000405169 -0.000751782
   0.0677233  -0.00988476   0.00404494   0.00194427  -0.00124092  -0.00132011  -0.00173102  -0.00150681  -0.00155035 -0.000613803   0.00161296   0.00372105   0.00650171   0.00793273    0.0096798    0.0099709   0.00642824   -0.0028432   -0.0189866   -0.0344264    -0.018973    0.0167066    -0.427925     -3.11737      7.18447     -3.14037    -0.425904    0.0308421   -0.0180522   -0.0446726    -0.029849   -0.0120035 -4.52407e-05   0.00741803    0.0101786    0.0102233    0.0106562   0.00902398   0.00619903   0.00454515   0.00409417   0.00269451  0.000873462  0.000496189  2.32677e-05 -0.000276954 -0.000230829  0.000139281   0.00200896   0.00388742   0.00293806   0.00200217   0.00679279     0.016827    0.0199293   -0.0177277   -0.0120911   -0.0171018   -0.0162185   -0.0136147   -0.0110614  -0.00920359  -0.00821404  -0.00802834  -0.00832169  -0.00863271  -0.00861565  -0.00799735  -0.00680256  -0.00547734  -0.00480936  -0.00505016  -0.00587776  -0.00687921  -0.00774094  -0.00791429   -0.0084926   -0.0112742  -0.00726415  -0.00375087  -0.00131355   0.00276941   0.00237876   0.00263882    0.0023929   0.00184304  0.000608336  0.000112426 -0.000365777  -0.00106409  -0.00166081  -0.00225499  -0.00239234  -0.00234668  -0.00231131  -0.00219858  -0.00212678  -0.00212279  -0.00208718  -0.00209864  -0.00216633  -0.00242472  -0.00322425  -0.00504713  -0.00770253   -0.0104421   -0.0134702   -0.0167837   -0.0144538   -0.0110027  1.72355e-10  -0.00194379 -6.00587e-05
   0.0704414   -0.0148651   0.00408724    0.0030859  -0.00103029 -0.000620538 -0.000905415 -0.000367642 -0.000875176 -0.000300964   0.00201442   0.00359542   0.00613618    0.0061182   0.00814803    0.0107774    0.0106723   0.00629497  -0.00451322   -0.0214136   -0.0360373   -0.0183579    0.0188498    -0.426375     -3.14037      7.21865     -3.15716    -0.428265    0.0351674   -0.0166569   -0.0449947   -0.0331162   -0.0144566   0.00099653   0.00721586   0.00831126    0.0126229    0.0111786   0.00635505   0.00487923   0.00610484   0.00371156 -2.51754e-05  0.000304704 -0.000352336  -0.00068791 -0.000211708  0.000866017   0.00586806    0.0101158   0.00691197   0.00286472   0.00638469    0.0148836    0.0212581   -0.0244099   -0.0174855   -0.0238129   -0.0227881   -0.0209066   -0.0194833   -0.0187115   -0.0184775   -0.0186161   -0.0189648   -0.0192947    -0.019411   -0.0190822   -0.0182766    -0.017249   -0.0166619    -0.016814   -0.0175192   -0.0184209   -0.0193326   -0.0199135   -0.0207308   -0.0228831   -0.0199493   -0.0151239   -0.0115905  -0.00268247   0.00103539   0.00195369   0.00204807   0.00152288 -0.000298626 -0.000927139  -0.00121817  -0.00208228  -0.00293127  -0.00367422  -0.00390074  -0.00382946  -0.00373068  -0.00351027  -0.00334588   -0.0032543   -0.0031635  -0.00315103  -0.00331073  -0.00399744  -0.00592715  -0.00986485   -0.0144166   -0.0170655    -0.017275   -0.0169706   -0.0132094  -0.00988768  8.92393e-10  -0.00838997  0.000582504
   0.0698071   -0.0136223   0.00389596   0.00277799  -0.00117958  -0.00091237  -0.00120579 -0.000750843  -0.00121743 -0.000789593   0.00105082   0.00226165    0.0043264    0.0044835   0.00670956   0.00993993    0.0115092     0.010289   0.00481041  -0.00567437   -0.0224331   -0.0385292   -0.0195586    0.0258724    -0.425904     -3.15716       7.2625     -3.17866    -0.436937    0.0388311    -0.015532   -0.0484874   -0.0342512   -0.0126054 -4.77757e-05   0.00557706    0.0106963    0.0114149   0.00907396   0.00742635   0.00710204   0.00514441   0.00233676   0.00159158  0.000556188  -8.9224e-05 -0.000173583  0.000156962   0.00275434   0.00553278    0.0045261   0.00307327   0.00775932     0.018183    0.0229411    -0.026152   -0.0190952   -0.0247343   -0.0233018   -0.0207898   -0.0188147   -0.0176648   -0.0172162   -0.0172853   -0.0177009   -0.0182473   -0.0187534   -0.0189531   -0.0187537   -0.0182115   -0.0178274   -0.0179415   -0.0185096    -0.019266   -0.0201265   -0.0209029   -0.0218766   -0.0236382   -0.0223439   -0.0191705   -0.0145172  -0.00615406   0.00661166   0.00898811   0.00971934   0.00941805   0.00710514   0.00665798   0.00703184   0.00628712    0.0052848   0.00430553   0.00377286   0.00359785   0.00341986   0.00337394   0.00343864   0.00348369   0.00354432   0.00355108   0.00346324   0.00307327   0.00187616 -0.000759316  -0.00434891  -0.00740901  -0.00968863   -0.0119407  -0.00936692  -0.00704144   2.0357e-10  -0.00714655  0.000341114
