   113   113     1
     6.03675      -3.1792    -0.386282   -0.0909549    -0.194663    -0.193988    -0.175875    -0.144198    -0.123989   -0.0933898   -0.0521841    -0.032042   -0.0119831   -0.0205149  -0.00649649    0.0191518    0.0331564    0.0355805    0.0291599    0.0319339    0.0430431     0.040642    0.0326481    0.0470124    0.0567687    0.0622267    0.0606946    0.0560797    0.0591849    0.0615622    0.0580931    0.0436008    0.0404977    0.0538048    0.0563123    0.0518529    0.0616543    0.0563303    0.0389166    0.0349201    0.0429686    0.0355497     0.015611   0.00658695  0.000954649   -0.0050546   -0.0063828   0.00158486    0.0224509    0.0541179    0.0531177    0.0628581     0.228484     0.519491     0.671501      0.70826    0.0533089    -0.462534    -0.613527    -0.577107     -0.43728    -0.256738   -0.0755087    0.0777503     0.192073     0.264976     0.297125     0.297563     0.273001     0.235784     0.192281     0.145368    0.0976263    0.0510865   0.00876663   -0.0276807   -0.0592172   -0.0859671    -0.105975    -0.121739    -0.133902    -0.143592    -0.151207    -0.156311    -0.159839    -0.162164    -0.164401    -0.164874    -0.162327    -0.159417     -0.15587    -0.149159    -0.145315    -0.143043    -0.139287    -0.135592    -0.136855    -0.140595     -0.14278    -0.145955    -0.149897    -0.157035    -0.173359    -0.209678    -0.278052    -0.380442    -0.543728    -0.736233    -0.661182    -0.564761  2.01508e-08    -0.153406  -0.00464169
     -3.1792      6.10039      -2.1905    -0.194913    0.0204815  -0.00314466   -0.0204643   -0.0301658   -0.0254864   -0.0234983   -0.0275316   -0.0250275   -0.0216155  -0.00630838  -0.00208976  -0.00853319   -0.0130036   -0.0113662  -0.00353065   -0.0011648   -0.0074093  -0.00586169   0.00400125  -0.00215866  -0.00790159   -0.0120188   -0.0105889  -0.00471445  -0.00754603   -0.0130844    -0.015901  -0.00283456   0.00127977   -0.0141135   -0.0144122  -0.00584177   -0.0216996   -0.0175693 -0.000197096  -0.00120178   -0.0143592  -0.00853039   0.00502633   0.00164235   0.00335594    0.0051481   0.00427663   0.00278313  -0.00591368   -0.0170269    -0.020025   -0.0273279   -0.0453287    -0.127837    -0.171589      0.26983     0.777525   -0.0404945    -0.322139    -0.328096     -0.25977    -0.182645    -0.117154   -0.0674867   -0.0331663   -0.0110742   0.00177126   0.00846209    0.0115983    0.0135402    0.0157847    0.0191497    0.0240357    0.0304956    0.0379811    0.0457799     0.053594    0.0609616    0.0669483    0.0717744     0.075454    0.0782931    0.0803654     0.081484    0.0818236    0.0814705    0.0805247    0.0786925    0.0756697    0.0720836    0.0680005    0.0627508    0.0581231    0.0537827    0.0491841    0.0446173    0.0417667    0.0397184    0.0375866    0.0354255    0.0329781    0.0305471    0.0296456    0.0336263     0.043873    0.0584683    0.0716744    0.0633671    0.0401342    0.0164007  4.42179e-09     0.264734   -0.0184087
   -0.386282      -2.1905      4.58758     -2.01389   -0.0782197    0.0751259    0.0318453   0.00840813  0.000627732  -0.00085012  0.000555055   0.00117268  0.000745129  -0.00319295  -0.00467113  -0.00242742 -0.000272509 -0.000276643  -0.00277261  -0.00377116  -0.00148564  -0.00172794  -0.00556313  -0.00367577   -0.0017771 -0.000314909 -0.000911456   -0.0033372  -0.00205656   0.00035183   0.00171398  -0.00385706  -0.00495999   0.00234956    0.0016893  -0.00226154   0.00588951   0.00272937  -0.00513636  -0.00174864   0.00608271   0.00218336  -0.00363628  0.000953862   0.00056392 -0.000238229  4.66512e-05  0.000111602   0.00270988   0.00151138  -0.00556781   -0.0051595  -0.00332696    0.0149583    -0.019019    -0.342746   -0.0517515     0.772164     0.256338    0.0629816   -0.0153431   -0.0546814   -0.0719638   -0.0750274   -0.0699479   -0.0608167   -0.0501768   -0.0393472   -0.0289798   -0.0194838   -0.0112455  -0.00445605  0.000873874   0.00482621   0.00759547   0.00940242    0.0103875    0.0107432     0.010808    0.0106406    0.0103773    0.0100648   0.00977554   0.00959351   0.00947169   0.00936531   0.00922349    0.0089602   0.00857827   0.00801414   0.00734105   0.00680985   0.00619171   0.00569511   0.00516034   0.00466108    0.0042476   0.00402418   0.00354852   0.00310185   0.00254747   0.00182578   0.00105869  0.000418786  0.000104162  -0.00035636  -0.00310727  -0.00652909   -0.0158427   0.00526255 -6.67991e-09    -0.128253   0.00365936
  -0.0909549    -0.194913     -2.01389      4.47768     -2.02693    -0.102895    0.0881219    0.0516517    0.0199943   0.00898969    0.0089522   0.00860993   0.00685464  -0.00146929  -0.00484412  -0.00131971   0.00208175   0.00175016  -0.00293164  -0.00485718 -0.000959525  -0.00153092   -0.0083675  -0.00519275  -0.00195693  0.000585704 -0.000403748  -0.00460319  -0.00253433   0.00153014   0.00394484  -0.00545209  -0.00758392   0.00461403      0.00372  -0.00292835    0.0107288   0.00589878  -0.00722856   -0.0022052    0.0105396   0.00427654  -0.00554345    0.0015682  0.000733388 -0.000692787 -0.000262556 -0.000158493   0.00423527   0.00323292  -0.00713612  -0.00534591  0.000630356    0.0377365   -0.0108771    -0.328693    -0.175976     0.166777     0.733323     0.290514    0.0838821   -0.0158738   -0.0688366   -0.0935386   -0.0997692   -0.0946377   -0.0830627   -0.0683265   -0.0524351   -0.0370354   -0.0232962   -0.0117803  -0.00265994   0.00411276   0.00881267    0.0118165    0.0133894    0.0138875    0.0138881    0.0135163    0.0130057    0.0124217    0.0118826    0.0115638    0.0113917    0.0113053    0.0112314    0.0110775    0.0108821    0.0104532   0.00988859    0.0096245   0.00914305   0.00880182   0.00842284   0.00808056   0.00769598   0.00751445   0.00697261   0.00647223   0.00583605   0.00494101   0.00380644   0.00238564  0.000782864  -0.00153643  -0.00774901   -0.0141455   -0.0269689   0.00740208 -7.48943e-09    -0.216961   0.00472975
   -0.194663    0.0204815   -0.0782197     -2.02693      4.62457     -2.19696     -0.16036    0.0792874    0.0471302    0.0153188   0.00331318 -4.18628e-05  -0.00192584  -0.00492654  -0.00662692  -0.00555768  -0.00412047  -0.00406811  -0.00573801  -0.00632246  -0.00435952  -0.00431767  -0.00722158  -0.00557966  -0.00398121  -0.00282063  -0.00339322  -0.00542076   -0.0041153  -0.00188436  -0.00070015   -0.0055989  -0.00616238   0.00062696 -0.000211586  -0.00376638   0.00369913  0.000319788  -0.00681616  -0.00290399   0.00467151  0.000886644  -0.00417845  0.000752586  0.000653948  6.92461e-05  0.000369396   0.00026894    0.0021888 -0.000625465  -0.00852532  -0.00900138   -0.0128712  -0.00602397   -0.0468282     -0.14807   -0.0689953    0.0599996     0.330067     0.598303     0.201703     0.016135   -0.0605856   -0.0881158   -0.0909936   -0.0818194   -0.0679071   -0.0530728   -0.0391231   -0.0269597   -0.0168546  -0.00874859   -0.0024472   0.00228445   0.00573045   0.00815034   0.00970757    0.0105954    0.0111014    0.0113025    0.0113348    0.0112666    0.0111717     0.011103    0.0110262     0.010899    0.0107073    0.0102565   0.00952143    0.0085497   0.00742002   0.00630002   0.00519938   0.00429002   0.00328414   0.00232893   0.00171631    0.0014305  0.000821969  0.000272643 -0.000389982  -0.00112952  -0.00151002 -0.000854952   0.00147323   0.00467733   0.00659355   0.00734167   -0.0046171    0.0145898 -4.13341e-09    -0.119984    0.0102157
   -0.193988  -0.00314466    0.0751259    -0.102895     -2.19696      4.88865     -2.29936    -0.219062    0.0599646    0.0426592    0.0139155   0.00203752  -0.00197428  -0.00390492  -0.00531286  -0.00537189  -0.00494188   -0.0050039  -0.00578029  -0.00595724  -0.00475441  -0.00456355   -0.0059985  -0.00488425  -0.00383406   -0.0031099  -0.00342793    -0.004537  -0.00357403  -0.00210767   -0.0014044  -0.00437749  -0.00446051 -0.000110617 -0.000726272   -0.0029032   0.00173695 -0.000680357  -0.00518631   -0.0023646   0.00257557  6.73812e-05  -0.00304385  0.000346205  0.000423538  0.000142073  0.000380751  0.000323715   0.00149759  -0.00078135  -0.00628535  -0.00727022   -0.0125043   -0.0133928   -0.0420765    -0.128715   -0.0747081 -0.000254172     0.139282     0.353175     0.464187     0.139609   -0.0165093   -0.0734158   -0.0855771   -0.0779927   -0.0637253   -0.0484443   -0.0346727    -0.023366   -0.0145711  -0.00793457  -0.00305242  0.000435267   0.00287388   0.00453927   0.00558091   0.00615697   0.00649021   0.00662632   0.00665406   0.00661777   0.00656645   0.00652561   0.00646884   0.00636221   0.00619557   0.00580605   0.00515191   0.00431318   0.00334725    0.0023376   0.00138939  0.000600459 -0.000269831  -0.00109149  -0.00157888  -0.00179256  -0.00224577  -0.00264624  -0.00312455  -0.00362317   -0.0037372  -0.00284233 -0.000338863   0.00316456   0.00651292   0.00942161  0.000999316    0.0125896 -2.83447e-09   -0.0730817   0.00841567
   -0.175875   -0.0204643    0.0318453    0.0881219     -0.16036     -2.29936      5.16992     -2.41611     -0.28185    0.0415811    0.0383067    0.0131684   0.00233737  -0.00106363  -0.00270042    -0.003448  -0.00384155  -0.00444928  -0.00536161  -0.00567425  -0.00484135  -0.00470479  -0.00575544  -0.00477354  -0.00384381  -0.00320223  -0.00340613  -0.00420695  -0.00330945  -0.00204133  -0.00146503  -0.00384735  -0.00377611 -0.000141515 -0.000650674  -0.00239165   0.00138537 -0.000717103   -0.0044365  -0.00200678   0.00209659 -2.36953e-05  -0.00258359  0.000258767  0.000362362  0.000153071  0.000367502  0.000351451   0.00136342  -0.00056843  -0.00523788  -0.00633535   -0.0112993   -0.0134888   -0.0374147     -0.11017   -0.0771281   -0.0288781    0.0543095     0.192595     0.350574     0.367001    0.0907467   -0.0392838   -0.0810476   -0.0825201   -0.0696898    -0.053288   -0.0379935   -0.0253791   -0.0158283  -0.00889936  -0.00400481  -0.00064694   0.00159557   0.00305848   0.00392338   0.00435755   0.00459608   0.00467065   0.00466049   0.00459753   0.00452541   0.00447371   0.00441484   0.00431724   0.00416922   0.00382523   0.00324205   0.00249128   0.00162206  0.000700077 -0.000163086  -0.00088595  -0.00168044  -0.00242758  -0.00286584  -0.00305983  -0.00345749  -0.00380723  -0.00422278  -0.00464876  -0.00472052  -0.00388343  -0.00159882   0.00160969   0.00488807   0.00794253   0.00103325     0.010397 -1.98444e-09   -0.0577229   0.00689753
   -0.144198   -0.0301658   0.00840813    0.0516517    0.0792874    -0.219062     -2.41611      5.52261     -2.49912    -0.325794     0.026503    0.0325277    0.0120311   0.00288945  0.000785238  0.000540119 -8.31796e-06  -0.00133007  -0.00320964  -0.00422996  -0.00372258  -0.00397782  -0.00552152  -0.00455979  -0.00355032  -0.00278618  -0.00295596  -0.00383254  -0.00287498  -0.00147092 -0.000769384  -0.00331372  -0.00338068  0.000462376  7.97324e-05  -0.00175235   0.00223268  0.000247867  -0.00370864  -0.00153548   0.00259692  0.000469502  -0.00235539  0.000284803  0.000285663  8.92329e-06  0.000230622  0.000302844   0.00163188  0.000505976   -0.0036151  -0.00448068  -0.00764563  -0.00608198    -0.025983    -0.110425   -0.0898053   -0.0592936  -0.00635448    0.0839722     0.213101      0.32292      0.28726    0.0573317    -0.050928   -0.0809929   -0.0776194    -0.062934   -0.0466174   -0.0317788    -0.020148   -0.0117384    -0.005901  -0.00199145    0.0005029   0.00201713   0.00282428   0.00313515   0.00325085   0.00320891   0.00309929   0.00294219   0.00278484   0.00268811   0.00261804   0.00254456   0.00244479   0.00221431   0.00181904   0.00127556  0.000627318  -3.1945e-05 -0.000677393  -0.00121303  -0.00179912  -0.00234225  -0.00267702  -0.00282317  -0.00314036   -0.0034185  -0.00375422  -0.00412854  -0.00430793  -0.00395713  -0.00270197 -0.000882663  0.000963759   0.00331453  -0.00205288   0.00737053 -1.81028e-09   -0.0585976   0.00391588
   -0.123989   -0.0254864  0.000627732    0.0199943    0.0471302    0.0599646     -0.28185     -2.49912      5.74636     -2.58112    -0.360756    0.0126684    0.0254853    0.0075029   0.00233487   0.00268478   0.00281631    0.0015759 -0.000512005  -0.00204922  -0.00239147  -0.00314761  -0.00466845   -0.0041416  -0.00347235  -0.00294042   -0.0030795  -0.00368166  -0.00279663  -0.00158771 -0.000996809  -0.00291506  -0.00277648  0.000383286  0.000114279  -0.00126206   0.00188012  0.000199706  -0.00294651  -0.00111598   0.00219084  0.000426887   -0.0018371  0.000285163   0.00029945  7.76251e-05  0.000253375  0.000334503   0.00140633  0.000435275  -0.00303057  -0.00389454   -0.0063378   -0.0055496    -0.021706   -0.0935928   -0.0842664   -0.0681876    -0.037595    0.0197945     0.112615     0.224997     0.292791     0.226374     0.032667   -0.0544694   -0.0738244    -0.066874    -0.052641   -0.0369035   -0.0236266   -0.0139918   -0.0074683  -0.00324039 -0.000665041  0.000792638   0.00151994   0.00176467    0.0018166    0.0017396   0.00161456   0.00144895   0.00128167   0.00118127     0.001112   0.00104735  0.000959176  0.000771159  0.000446612 -1.52772e-05 -0.000578451  -0.00116705  -0.00174973  -0.00224419  -0.00278399  -0.00328497  -0.00359628  -0.00374347  -0.00402857  -0.00427967  -0.00457749  -0.00490014  -0.00503732  -0.00469548  -0.00355854  -0.00193871 -0.000358715   0.00138307   -0.0028403   0.00484575 -1.13767e-09   -0.0438121   0.00241746
  -0.0933898   -0.0234983  -0.00085012   0.00898969    0.0153188    0.0426592    0.0415811    -0.325794     -2.58112      5.96082     -2.64931    -0.378579   0.00437448    0.0172074   0.00416964   0.00248224   0.00426718   0.00468396   0.00319503   0.00153153  0.000650039 -0.000766929   -0.0028367  -0.00285397  -0.00258502  -0.00232537  -0.00259824  -0.00323204  -0.00245728   -0.0013303 -0.000744173  -0.00242717  -0.00229211  0.000607895  0.000514081 -0.000646765   0.00216429  0.000766318  -0.00208238 -0.000642358    0.0022249  0.000689154  -0.00144153  0.000239034   0.00020746 -1.48778e-05  0.000158265  0.000342904   0.00160422   0.00144314  -0.00119674   -0.0020871  -0.00335633  -0.00107277   -0.0118402   -0.0924975   -0.0871171   -0.0791385   -0.0631364    -0.028324    0.0351775     0.127439     0.220732     0.255013     0.177597    0.0148275   -0.0508344   -0.0639343   -0.0578565   -0.0439334   -0.0294715   -0.0182259   -0.0104749  -0.00546924  -0.00246807 -0.000854327 -9.66134e-05  0.000128994   0.00010488 -3.81042e-05 -0.000213548 -0.000420698  -0.00062801 -0.000749633 -0.000823405 -0.000872041 -0.000935179  -0.00103997  -0.00121508  -0.00150948  -0.00189233  -0.00227514  -0.00268674  -0.00304196   -0.0034222  -0.00376847  -0.00400655  -0.00413197  -0.00435452  -0.00455488  -0.00479746   -0.0050958  -0.00535939   -0.0054873  -0.00531981  -0.00498881  -0.00457925  -0.00325825  -0.00560221  0.000828516 -8.31295e-10   -0.0357618 -0.000213726
  -0.0521841   -0.0275316  0.000555055    0.0089522   0.00331318    0.0139155    0.0383067     0.026503    -0.360756     -2.64931       6.0937     -2.67776    -0.384185  -0.00283238    0.0118733   0.00223135   0.00264088   0.00553654   0.00597416    0.0053723   0.00509613   0.00325612  5.41563e-06 -0.000445777 -0.000480268 -0.000439249  -0.00108635  -0.00229896  -0.00169615 -0.000449895  0.000300639  -0.00193506  -0.00220253   0.00125381   0.00139147 -4.61474e-05   0.00344999    0.0022139  -0.00135061 -0.000267621   0.00299866   0.00138612  -0.00142196  9.54061e-05 -6.21374e-05 -0.000375129 -0.000113578  0.000337396   0.00260877   0.00427994   0.00253122   0.00141777   0.00145121   0.00830075   0.00432639    -0.108534   -0.0997834   -0.0936883    -0.084813   -0.0649316   -0.0248233    0.0422291     0.127689     0.197765     0.209251     0.128655   0.00233091   -0.0474791   -0.0579065   -0.0509283   -0.0372562   -0.0246308   -0.0152362  -0.00890457  -0.00493814  -0.00273772  -0.00167189  -0.00130576    -0.001345   -0.0015504  -0.00180004  -0.00208068   -0.0023602  -0.00252448  -0.00261121  -0.00263963  -0.00266827  -0.00265517  -0.00260484  -0.00265253  -0.00276608  -0.00279182  -0.00291744    -0.003025  -0.00311495  -0.00317362  -0.00328871  -0.00337175  -0.00351043  -0.00364866  -0.00384299  -0.00420753  -0.00491637  -0.00627844  -0.00842302   -0.0110595   -0.0130764   -0.0114488   -0.0111323  -0.00488418  2.08307e-10   -0.0416928   -0.0042127
   -0.032042   -0.0250275   0.00117268   0.00860993 -4.18628e-05   0.00203752    0.0131684    0.0325277    0.0126684    -0.378579     -2.67776      6.19713      -2.7315    -0.393604  -0.00625088   0.00974836  7.30861e-05   0.00112243   0.00426503   0.00656992   0.00808881   0.00675762   0.00322239   0.00238342   0.00188361    0.0014625  0.000346259  -0.00135563  -0.00112194   -5.942e-05  0.000625751  -0.00178437  -0.00228236   0.00120631   0.00150318  7.52138e-05   0.00370082   0.00267156  -0.00101807 -0.000201562   0.00307889   0.00156859  -0.00141157 -8.59516e-05 -0.000261203 -0.000570623 -0.000241435  0.000398086   0.00328268   0.00612539    0.0050664   0.00346504   0.00321605    0.0104345    0.0111122    -0.106561   -0.0969462   -0.0919621   -0.0877885    -0.078632    -0.056543   -0.0128289    0.0532126     0.124498     0.171643     0.165403    0.0862606  -0.00884794   -0.0435099   -0.0501742   -0.0415345   -0.0295339   -0.0194053   -0.0121422  -0.00724961  -0.00431607  -0.00276162  -0.00206017   -0.0019623  -0.00210503     -0.00233  -0.00258957  -0.00285402  -0.00301474   -0.0030982  -0.00311997  -0.00314826  -0.00310044  -0.00296632  -0.00292394  -0.00293874  -0.00282548  -0.00284507  -0.00286509  -0.00284265  -0.00278899  -0.00286751  -0.00295159  -0.00306641  -0.00319602   -0.0033991  -0.00385618  -0.00489491  -0.00704497   -0.0105898   -0.0149558    -0.018036   -0.0154243   -0.0134171  -0.00832719  8.83783e-10    -0.040055   -0.0063186
  -0.0119831   -0.0216155  0.000745129   0.00685464  -0.00192584  -0.00197428   0.00233737    0.0120311    0.0254853   0.00437448    -0.384185      -2.7315      6.30763     -2.76557    -0.409227  -0.00803011    0.0064311  -0.00423432  -0.00281111   0.00313662   0.00822715   0.00894841   0.00635171   0.00566186   0.00487103   0.00397285   0.00237446  0.000237936 -6.59519e-05  0.000538804  0.000939859  -0.00142124  -0.00207095   0.00103709   0.00143335  0.000206931   0.00353222   0.00279882 -0.000528288  5.39658e-06    0.0029059   0.00163741  -0.00113508 -0.000134205 -0.000326223 -0.000618217 -0.000294485  0.000398859   0.00335556    0.0067054   0.00625523   0.00461339   0.00488729    0.0125203      0.01667      -0.1043   -0.0935032   -0.0884258   -0.0863379   -0.0834206   -0.0734919   -0.0477411 -0.000775975    0.0607455     0.118205     0.148532     0.129835    0.0571321  -0.00701708   -0.0355043    -0.038742   -0.0308237   -0.0216834    -0.014462  -0.00908925  -0.00555576    -0.003592  -0.00262898  -0.00241238  -0.00252084  -0.00274841  -0.00299587  -0.00323453  -0.00338534  -0.00345644  -0.00346044  -0.00346739  -0.00337023  -0.00314246  -0.00299509  -0.00289806  -0.00265761  -0.00257466  -0.00251383  -0.00239622  -0.00225279  -0.00229197  -0.00236921  -0.00245027  -0.00255545  -0.00273438  -0.00319375  -0.00434075  -0.00681954   -0.0110139   -0.0162231   -0.0200194   -0.0176194   -0.0145207   -0.0105721   1.3683e-09   -0.0337103  -0.00785291
  -0.0205149  -0.00630838  -0.00319295  -0.00146929  -0.00492654  -0.00390492  -0.00106363   0.00288945    0.0075029    0.0172074  -0.00283238    -0.393604     -2.76557      6.46599     -2.84888    -0.436714   -0.0111966   0.00165776  -0.00988922  -0.00549093    0.0026959   0.00713663   0.00802496   0.00802755   0.00697026   0.00540761   0.00354061   0.00170609  0.000716168  0.000236656 -0.000180518  -0.00121482  -0.00132942 -0.000106405  0.000198729   5.1579e-05    0.0012889   0.00100349 -7.60711e-05  0.000307243   0.00139392  0.000857901 -0.000185473  0.000136441   7.4716e-05 -5.14494e-05  6.46708e-05   0.00041859   0.00167331   0.00306849   0.00263631   0.00156035   0.00251307   0.00524737   0.00731018   -0.0731575   -0.0692075   -0.0676042    -0.069948   -0.0722598   -0.0693558   -0.0542351   -0.0207043    0.0299019    0.0864257     0.131019     0.145371     0.116916    0.0549872 -0.000686113   -0.0251335   -0.0264863   -0.0207989   -0.0150862   -0.0100448  -0.00624498  -0.00402882  -0.00285534  -0.00247939  -0.00248955  -0.00265091  -0.00280251  -0.00292166  -0.00300741  -0.00303937  -0.00302686   -0.0030259  -0.00295121    -0.002787    -0.002707  -0.00270034  -0.00266441  -0.00274889  -0.00286384  -0.00296171  -0.00304807  -0.00318295  -0.00331491     -0.00344   -0.0035753  -0.00374916  -0.00405047  -0.00463202  -0.00574611  -0.00757115  -0.00986447   -0.0118531   -0.0119345   -0.0102548  -0.00842973  6.11715e-10  -0.00403281  -0.00623273
 -0.00649649  -0.00208976  -0.00467113  -0.00484412  -0.00662692  -0.00531286  -0.00270042  0.000785238   0.00233487   0.00416964    0.0118733  -0.00625088    -0.409227     -2.84888      6.67516     -2.90787    -0.446127    -0.011176  -0.00308907   -0.0141257  -0.00787215  0.000785685   0.00620587   0.00885615   0.00897184   0.00774148   0.00590581   0.00407515   0.00259744   0.00140109  0.000332027 -0.000507099 -0.000641633 -0.000275558 -8.65108e-05  0.000129197  0.000536565  0.000435486  0.000219263  0.000511095  0.000885868  0.000655883   0.00025592  0.000235668  0.000205644  0.000130579  0.000160093  0.000396333  0.000998278   0.00175793   0.00149766   0.00083253   0.00283202   0.00510055   0.00785997   -0.0618399   -0.0587865   -0.0578012   -0.0608683   -0.0647889   -0.0659518   -0.0588779    -0.037122   0.00166496    0.0523831      0.10241      0.13623     0.141248     0.108468    0.0537685  0.000563279   -0.0184272   -0.0195506   -0.0167202   -0.0126544  -0.00870857  -0.00629831   -0.0050361  -0.00448611   -0.0044487  -0.00463063  -0.00479622  -0.00489415  -0.00497726  -0.00499676  -0.00495905  -0.00490538  -0.00477443  -0.00453675  -0.00436575  -0.00427039  -0.00417669  -0.00421805  -0.00431419   -0.0044054  -0.00449664  -0.00462086  -0.00474673  -0.00485116  -0.00496082  -0.00508625  -0.00527032  -0.00558797  -0.00619227  -0.00721547   -0.0085831    -0.010216   -0.0116516  -0.00989533  -0.00878697  3.12858e-10   0.00761187  -0.00574868
   0.0191518  -0.00853319  -0.00242742  -0.00131971  -0.00555768  -0.00537189    -0.003448  0.000540119   0.00268478   0.00248224   0.00223135   0.00974836  -0.00803011    -0.436714     -2.90787      6.77964     -2.93671    -0.442177  -0.00827405  -0.00588765   -0.0173329   -0.0108596  -0.00151118   0.00607723   0.00938729   0.00999509    0.0088048   0.00678021   0.00524136   0.00399338   0.00266561  0.000610118 -0.000295361  0.000570396  0.000612598   0.00021109   0.00148393    0.0012029 -7.53488e-05  0.000206408   0.00143251  0.000958057 -0.000268356 -8.49113e-05 -0.000142138 -0.000262021 -8.85582e-05  0.000423653   0.00211709   0.00435805   0.00449852   0.00329667   0.00465973   0.00905973    0.0160239    -0.067145   -0.0594861   -0.0562866   -0.0567643   -0.0598235   -0.0637187    -0.063873   -0.0537978   -0.0287668      0.01079    0.0575243    0.0993428     0.124444     0.121081    0.0929996    0.0419923   -0.0026216   -0.0161465   -0.0179699    -0.015835     -0.01204  -0.00950911  -0.00820604   -0.0073322  -0.00716232  -0.00734438  -0.00757231  -0.00772075  -0.00785347  -0.00789667  -0.00785223  -0.00774847   -0.0075538  -0.00720849  -0.00689904  -0.00664394  -0.00631503  -0.00617559   -0.0061133  -0.00601713   -0.0059186   -0.0059617  -0.00604824  -0.00610531  -0.00617953  -0.00628958  -0.00655814  -0.00724007  -0.00877592   -0.0114487   -0.0148548   -0.0176238   -0.0170881   -0.0133948   -0.0120787  9.42829e-10  -0.00419127  -0.00645144
   0.0331564   -0.0130036 -0.000272509   0.00208175  -0.00412047  -0.00494188  -0.00384155 -8.31796e-06   0.00281631   0.00426718   0.00264088  7.30861e-05    0.0064311   -0.0111966    -0.446127     -2.93671      6.83033     -2.96455    -0.439849  -0.00492892  -0.00638578    -0.020981    -0.014867   -0.0020585   0.00617711    0.0100519    0.0105081   0.00898407    0.0078126   0.00677746     0.005364   0.00221119  0.000454483   0.00160889   0.00140945  0.000320379   0.00229936   0.00184781 -0.000456196 -0.000269859    0.0017277   0.00107457 -0.000899845  -0.00051552 -0.000565983 -0.000692992  -0.00034857   0.00046595   0.00333949   0.00720089    0.0078452   0.00582617    0.0055291     0.010362    0.0214826   -0.0718731   -0.0604152   -0.0548381   -0.0525611   -0.0541566   -0.0593061   -0.0643178   -0.0633073   -0.0507113    -0.024134    0.0133835     0.053568    0.0863989     0.101426    0.0962643    0.0745848    0.0282694  -0.00469013   -0.0141745   -0.0157678    -0.013218     -0.01111   -0.0100609  -0.00876501  -0.00832693  -0.00839136  -0.00862408   -0.0088012  -0.00897266  -0.00904577  -0.00901316  -0.00887492  -0.00866541  -0.00830293  -0.00793838  -0.00759886  -0.00711507  -0.00684878  -0.00666906  -0.00642293  -0.00616709  -0.00614818  -0.00620758  -0.00623229  -0.00628903  -0.00641153  -0.00681467  -0.00794632   -0.0105303   -0.0149962   -0.0205512   -0.0242048   -0.0208695   -0.0153953   -0.0145662  1.95417e-09   -0.0147884  -0.00713135
   0.0355805   -0.0113662 -0.000276643   0.00175016  -0.00406811   -0.0050039  -0.00444928  -0.00133007    0.0015759   0.00468396   0.00553654   0.00112243  -0.00423432   0.00165776    -0.011176    -0.442177     -2.96455      6.88398     -2.99418    -0.447359   -0.0014938  -0.00824911   -0.0259227    -0.015954  -0.00270626   0.00609993   0.00973214    0.0100418   0.00978617   0.00908554   0.00769006   0.00442328   0.00219912   0.00268263   0.00211957  0.000765731   0.00231892   0.00188222 -0.000330712 -0.000384201   0.00138035  0.000886888 -0.000930194  -0.00066837 -0.000698166 -0.000784242 -0.000419405  0.000424704   0.00335488    0.0074843   0.00846721   0.00634311   0.00564887   0.00977148     0.022078   -0.0714178   -0.0590097   -0.0520796   -0.0481504   -0.0482513   -0.0529376   -0.0596365   -0.0636294   -0.0596688   -0.0441026   -0.0170336    0.0166983     0.049484      0.07264    0.0813518    0.0771893       0.0587    0.0195411  -0.00170827  -0.00955539   -0.0102448  -0.00960524  -0.00948905  -0.00787282  -0.00712399  -0.00698064  -0.00716653  -0.00735007  -0.00753723  -0.00763362   -0.0076173  -0.00744426  -0.00724574  -0.00694231  -0.00659079   -0.0062357  -0.00573174  -0.00542767  -0.00521391  -0.00492337  -0.00462258  -0.00458134  -0.00463364  -0.00464157   -0.0046882  -0.00480523  -0.00522528  -0.00644106  -0.00922234   -0.0140431   -0.0200227   -0.0238676   -0.0202147   -0.0145351   -0.0145821   2.1796e-09   -0.0124704  -0.00747024
   0.0291599  -0.00353065  -0.00277261  -0.00293164  -0.00573801  -0.00578029  -0.00536161  -0.00320964 -0.000512005   0.00319503   0.00597416   0.00426503  -0.00281111  -0.00988922  -0.00308907  -0.00827405    -0.439849     -2.99418      6.98144     -3.03978    -0.463345 -0.000454562   -0.0104781    -0.026827   -0.0176289  -0.00382331   0.00496903   0.00894884    0.0104201    0.0103038   0.00910716   0.00692434   0.00486286   0.00376661   0.00275404   0.00166771   0.00155579   0.00125956  0.000369347  3.21538e-06  0.000441711   0.00042129 -0.000248868 -0.000450965 -0.000446816 -0.000450027 -0.000248323  0.000303598   0.00194469   0.00463438   0.00562122   0.00429488   0.00502345   0.00761304    0.0174677   -0.0628769   -0.0529844   -0.0464236   -0.0425858   -0.0416684   -0.0445501   -0.0500275   -0.0549244   -0.0550452   -0.0466213   -0.0281249  -0.00178321    0.0272563    0.0521305    0.0675221     0.072124    0.0669638    0.0486209     0.019811   0.00289607  -0.00389284  -0.00588157  -0.00747764  -0.00577371  -0.00474014  -0.00432428  -0.00442966  -0.00461905  -0.00480362   -0.0049179  -0.00492074  -0.00471589  -0.00454295   -0.0043559  -0.00406949  -0.00375597  -0.00336737  -0.00311762  -0.00296036  -0.00274867  -0.00253633  -0.00251807  -0.00258328  -0.00259217  -0.00263358  -0.00271548  -0.00298915  -0.00379471  -0.00565368  -0.00894488   -0.0131076   -0.0162701   -0.0154452    -0.011303   -0.0122486  1.53406e-09   0.00450809  -0.00708117
   0.0319339   -0.0011648  -0.00377116  -0.00485718  -0.00632246  -0.00595724  -0.00567425  -0.00422996  -0.00204922   0.00153153    0.0053723   0.00656992   0.00313662  -0.00549093   -0.0141257  -0.00588765  -0.00492892    -0.447359     -3.03978      7.10228     -3.08436    -0.474281   0.00111348  -0.00973177   -0.0295663   -0.0199882  -0.00561705   0.00388286   0.00873151    0.0104394    0.0102641   0.00906357   0.00731204   0.00553538   0.00416638   0.00296942   0.00189845   0.00144368  0.000948336  0.000321479  0.000101684  0.000232213  2.23789e-05  -0.00040927 -0.000394341 -0.000360082 -0.000225092  0.000209392   0.00129608   0.00337561   0.00440778    0.0034712   0.00486773   0.00694304    0.0160191   -0.0567837   -0.0479178   -0.0417362   -0.0376937   -0.0356813    -0.036922   -0.0410915    -0.046142   -0.0488534   -0.0457128   -0.0342941   -0.0149132   0.00946721    0.0337645    0.0528986    0.0637671     0.066033    0.0595226    0.0417159    0.0180592   0.00214752  -0.00327469  -0.00691035  -0.00547655  -0.00424498  -0.00353617  -0.00359786  -0.00388702  -0.00410286  -0.00426503   -0.0043122  -0.00410433  -0.00396876  -0.00390418  -0.00368351  -0.00339662  -0.00306996  -0.00281986  -0.00265743  -0.00245298  -0.00224907  -0.00221592  -0.00226794  -0.00225729  -0.00227665  -0.00231938  -0.00249639  -0.00308075  -0.00449583  -0.00708467   -0.0104397   -0.0133186   -0.0137342   -0.0101382   -0.0114937  1.17547e-09    0.0116322  -0.00648662
   0.0430431   -0.0074093  -0.00148564 -0.000959525  -0.00435952  -0.00475441  -0.00484135  -0.00372258  -0.00239147  0.000650039   0.00509613   0.00808881   0.00822715    0.0026959  -0.00787215   -0.0173329  -0.00638578   -0.0014938    -0.463345     -3.08436      7.19722     -3.11031    -0.481323   0.00382961   -0.0103929   -0.0321988   -0.0226457   -0.0076715   0.00296348   0.00858708    0.0108077    0.0101729   0.00874244   0.00792819    0.0064671   0.00447815   0.00395545   0.00298863   0.00115705  0.000296618  0.000735493  0.000492173 -0.000572738 -0.000777272 -0.000792437 -0.000793511  -0.00051242  0.000170532   0.00230125   0.00569717   0.00704506   0.00546439   0.00519276   0.00771006    0.0194512   -0.0560332   -0.0452606   -0.0387388   -0.0335961   -0.0306784   -0.0316408   -0.0362101    -0.042741   -0.0485869     -0.05054   -0.0457281   -0.0331797   -0.0141209   0.00801746    0.0287622    0.0442346    0.0525738    0.0534532    0.0449915    0.0297184   0.00684741  -0.00201921  -0.00640748  -0.00591103  -0.00459971  -0.00357168   -0.0036251   -0.0041228  -0.00440164   -0.0046452   -0.0047756  -0.00463655  -0.00458632  -0.00468418  -0.00457837  -0.00434696  -0.00402837  -0.00371891  -0.00346764  -0.00315417  -0.00282121  -0.00271835  -0.00272324  -0.00266875  -0.00265434  -0.00268504  -0.00293968   -0.0038399  -0.00603999  -0.00999485   -0.0150028    -0.018465   -0.0162772   -0.0114439   -0.0129048  1.97755e-09  -0.00121753  -0.00606471
    0.040642  -0.00586169  -0.00172794  -0.00153092  -0.00431767  -0.00456355  -0.00470479  -0.00397782  -0.00314761 -0.000766929   0.00325612   0.00675762   0.00894841   0.00713663  0.000785685   -0.0108596    -0.020981  -0.00824911 -0.000454562    -0.474281     -3.11031       7.2851     -3.13842    -0.500303   0.00642401  -0.00981212   -0.0347521   -0.0252326  -0.00869925   0.00255434   0.00843596    0.0103013    0.0101895   0.00961122   0.00832004   0.00634046   0.00515203   0.00407967   0.00236726   0.00101701  0.000790883  0.000590156 -0.000228756 -0.000674912  -0.00075964 -0.000773752 -0.000563925 -9.05901e-06   0.00171469    0.0047619   0.00629109   0.00511836   0.00520275   0.00753704    0.0182164   -0.0525157   -0.0424553   -0.0361096   -0.0309179   -0.0275226   -0.0275883   -0.0311676   -0.0372064   -0.0438096   -0.0483893   -0.0481764   -0.0415661   -0.0285433   -0.0110663   0.00744124     0.023287     0.034043    0.0386629    0.0359514    0.0272605    0.0136726   0.00198104   0.00025876  -0.00170119 -0.000537107  0.000875108   0.00087511  0.000170993 -0.000114285 -0.000408488 -0.000621395 -0.000600156 -0.000674399  -0.00100822   -0.0011156  -0.00105065 -0.000933079 -0.000689628 -0.000454561 -0.000161664  0.000165068  0.000293524  0.000313667  0.000400384  0.000446608  0.000459472  0.000281668 -0.000489012  -0.00246196  -0.00610463   -0.0107789   -0.0142305   -0.0129456  -0.00895052   -0.0109353  1.75228e-09   0.00132774  -0.00585462
   0.0326481   0.00400125  -0.00556313   -0.0083675  -0.00722158   -0.0059985  -0.00575544  -0.00552152  -0.00466845   -0.0028367  5.41563e-06   0.00322239   0.00635171   0.00802496   0.00620587  -0.00151118    -0.014867   -0.0259227   -0.0104781   0.00111348    -0.481323     -3.13842      7.40056     -3.18934    -0.513742    0.0092448  -0.00958442   -0.0365301   -0.0265221   -0.0100079   0.00131365   0.00836703    0.0111319    0.0101111   0.00937042   0.00855307   0.00526222   0.00443577   0.00466839   0.00277349  0.000349961  0.000591391   0.00134888  0.000120582 -6.73868e-05 -8.21031e-05 -0.000234941 -0.000277181 -0.000898088 -0.000614673  0.000592183   0.00126928   0.00527582   0.00773375    0.0125824   -0.0457969   -0.0392196   -0.0338228   -0.0295777   -0.0254649   -0.0229207   -0.0229095   -0.0253624   -0.0293987   -0.0332881   -0.0347426   -0.0319806   -0.0241548    -0.011964   0.00241893    0.0160447    0.0265904    0.0326753    0.0332647    0.0289177    0.0219896   0.00974289    0.0115343   0.00454324   0.00464747   0.00637117   0.00641898   0.00546595   0.00523478   0.00493196   0.00465566   0.00450136   0.00431711   0.00378091   0.00345961   0.00332872   0.00311125   0.00318941   0.00330328   0.00342093   0.00356611    0.0036576   0.00366896   0.00376284   0.00383349   0.00393424   0.00406944   0.00412758    0.0039371   0.00318804     0.001865 -0.000766607  -0.00565009  -0.00473393  -0.00682337  1.33549e-10    0.0250136  -0.00558323
   0.0470124  -0.00215866  -0.00367577  -0.00519275  -0.00557966  -0.00488425  -0.00477354  -0.00455979   -0.0041416  -0.00285397 -0.000445777   0.00238342   0.00566186   0.00802755   0.00885615   0.00607723   -0.0020585    -0.015954    -0.026827  -0.00973177   0.00382961    -0.500303     -3.18934        7.482     -3.20392    -0.514609    0.0150374  -0.00954622   -0.0394895   -0.0296655   -0.0120059  0.000565603   0.00736255    0.0097487    0.0104583    0.0100825   0.00793232   0.00659275   0.00564893   0.00385011   0.00201585   0.00151772   0.00131529  0.000324431  1.20839e-05  -0.00014991    -0.000284 -0.000222256 -0.000317408  0.000244665  0.000942049   0.00142621   0.00566429      0.01015    0.0145115   -0.0416758    -0.034068    -0.029314   -0.0248716   -0.0203726   -0.0174574   -0.0169109   -0.0187159   -0.0223092   -0.0264293   -0.0291934   -0.0288445   -0.0241051   -0.0148698  -0.00242573     0.010843    0.0227494    0.0317268    0.0366022    0.0372611     0.035262    0.0276201    0.0192913   0.00654821   0.00268895   0.00386758   0.00379343    0.0022814   0.00207186   0.00174188   0.00137264  0.000911841  0.000602904 -6.41664e-06 -0.000487866 -0.000776155  -0.00115361  -0.00114347  -0.00104239 -0.000966898 -0.000851183 -0.000766545  -0.00074826 -0.000668279  -0.00060819 -0.000524306 -0.000413876 -0.000385509 -0.000667536   -0.0015759  -0.00316746  -0.00610039   -0.0106558  -0.00923635  -0.00951002  8.18737e-11    0.0143392   -0.0047338
   0.0567687  -0.00790159   -0.0017771  -0.00195693  -0.00398121  -0.00383406  -0.00384381  -0.00355032  -0.00347235  -0.00258502 -0.000480268   0.00188361   0.00487103   0.00697026   0.00897184   0.00938729   0.00617711  -0.00270626   -0.0176289   -0.0295663   -0.0103929   0.00642401    -0.513742     -3.20392      7.52966     -3.22762    -0.516375    0.0198437  -0.00846392   -0.0412529   -0.0313424    -0.013383 -0.000528658   0.00676511    0.0098928     0.010541    0.0101616   0.00876081    0.0066248   0.00481227   0.00370182   0.00252905   0.00115697  0.000298861 -0.000128982 -0.000414141 -0.000442181 -9.57739e-05   0.00101898    0.0029916   0.00386701   0.00331788   0.00536463   0.00923812    0.0170981   -0.0408257   -0.0317811   -0.0270536   -0.0221007   -0.0172666   -0.0143543   -0.0138612   -0.0156422   -0.0192393   -0.0236948   -0.0274897   -0.0290418   -0.0269385   -0.0205944   -0.0106143   0.00119888    0.0129445    0.0230892    0.0304044    0.0343373    0.0354723    0.0322801    0.0228594    0.0164112   0.00406817   0.00172974   0.00156313 -0.000727691 -0.000892156  -0.00119468  -0.00163339  -0.00253653  -0.00301015  -0.00364979  -0.00433397  -0.00485282  -0.00543459  -0.00553004  -0.00545154  -0.00540578  -0.00529211  -0.00519483  -0.00515358  -0.00506562   -0.0050016   -0.0049415  -0.00494308  -0.00522782  -0.00623732  -0.00835622   -0.0113738   -0.0144011   -0.0154208   -0.0120822   -0.0125229   1.0084e-09   0.00368199  -0.00403636
   0.0622267   -0.0120188 -0.000314909  0.000585704  -0.00282063   -0.0031099  -0.00320223  -0.00278618  -0.00294042  -0.00232537 -0.000439249    0.0014625   0.00397285   0.00540761   0.00774148   0.00999509    0.0100519   0.00609993  -0.00382331   -0.0199882   -0.0321988  -0.00981212    0.0092448    -0.514609     -3.22762      7.56533     -3.24493    -0.520027    0.0238322  -0.00718347   -0.0425566   -0.0337452   -0.0147833 -0.000541804   0.00664291    0.0094121    0.0111725    0.0105517   0.00802407   0.00612532   0.00537898   0.00378393   0.00154178  0.000561444 -7.88215e-05 -0.000533649 -0.000551246 -6.14619e-05   0.00192267   0.00514831   0.00650687    0.0052754   0.00548055   0.00882923    0.0200261   -0.0438423   -0.0330897   -0.0276917   -0.0218498   -0.0164909   -0.0135562   -0.0132562   -0.0152469   -0.0190607   -0.0239306   -0.0286446   -0.0318673   -0.0322202   -0.0288692   -0.0218872   -0.0125099  -0.00226846   0.00746859    0.0155322    0.0211162    0.0241863    0.0239108    0.0183288     0.016471    0.0132046   0.00253753   0.00286695    0.0004789  0.000213569 -6.45933e-06 -0.000433023  -0.00183307   -0.0024552  -0.00298879  -0.00386378  -0.00466945  -0.00552568  -0.00580375  -0.00579685  -0.00582036  -0.00574379  -0.00563868   -0.0055737  -0.00546683  -0.00538793  -0.00533626   -0.0054294  -0.00601492  -0.00773547    -0.011074   -0.0155312   -0.0187986   -0.0169073   -0.0121901   -0.0134998  1.77194e-09  -0.00459591  -0.00389468
   0.0606946   -0.0105889 -0.000911456 -0.000403748  -0.00339322  -0.00342793  -0.00340613  -0.00295596   -0.0030795  -0.00259824  -0.00108635  0.000346259   0.00237446   0.00354061   0.00590581    0.0088048    0.0105081   0.00973214   0.00496903  -0.00561705   -0.0226457   -0.0347521  -0.00958442    0.0150374    -0.516375     -3.24493      7.61378     -3.26484    -0.531282    0.0267889  -0.00574824   -0.0441864   -0.0346852   -0.0147273 -0.000995007   0.00603465   0.00962798    0.0109927    0.0100872   0.00810677   0.00659026   0.00517159   0.00321041   0.00159257  0.000603258 -7.97963e-05 -0.000380226 -0.000233103   0.00100629   0.00374977   0.00555291   0.00513451   0.00643794    0.0105894    0.0211606   -0.0483928   -0.0370656   -0.0307439    -0.024124   -0.0179222   -0.0141066    -0.012941   -0.0141041   -0.0172284   -0.0217492   -0.0267501    -0.031171   -0.0337405    -0.033495   -0.0300481   -0.0240537   -0.0166016  -0.00879326  -0.00164058   0.00396601   0.00766021   0.00879133   0.00634076    0.0057719   0.00578133   0.00374373   0.00634185   0.00850797    0.0078461   0.00762872   0.00726776   0.00528808   0.00460518    0.0043894   0.00341326   0.00230759   0.00110044  0.000528261  0.000360726  0.000156966   7.5193e-05  0.000154464  0.000230209  0.000358615  0.000466236  0.000561576  0.000551429  0.000104205  -0.00137377  -0.00440539  -0.00854195   -0.0119641   -0.0115522   -0.0078316   -0.0100628  1.39912e-09  -0.00101482  -0.00430129
