   113   113     1
     5.35567     -3.59086    -0.249003   -0.0739621    -0.121968   -0.0932064   -0.0585398   -0.0293187   -0.0111755   0.00299641    0.0133471    0.0187369    0.0201368    0.0204709    0.0176915    0.0126964    0.0100693    0.0084082   0.00955721   0.00953294   0.00470991   0.00458549    0.0150772   0.00941221    0.0113436    0.0112043      0.01262    0.0198586    0.0168713    0.0148011   0.00680454    0.0194064     0.026671   0.00855824   0.00982308    0.0270312   0.00295549   0.00424021    0.0208225    0.0201326   0.00295769   0.00366836    0.0148367   0.00555349   0.00706529   0.00813519   0.00786488   0.00795861   0.00637548   0.00989102   0.00102643    -0.022166  -0.00903914    0.0987127     0.265956     -1.32854    -0.184615     0.151401     0.173115    0.0535952    0.0274463    0.0446148    0.0690277    0.0793987    0.0801349    0.0762143    0.0702557     0.065786    0.0623554    0.0603782    0.0596068    0.0597851    0.0607537    0.0619881    0.0639852    0.0667853    0.0686811    0.0696727    0.0725836    0.0752682    0.0780269    0.0805898    0.0832804    0.0868835    0.0904139    0.0933415     0.094864    0.0968574     0.100199     0.102799     0.105036      0.10811     0.108737     0.107912     0.107919     0.108018     0.106489     0.104475     0.103935     0.102342    0.0988139     0.094271    0.0921273    0.0802578    0.0325423   -0.0737916      -0.2443    -0.413736    -0.455629    -0.225056 -5.46393e-07    -0.094869  -0.00335279
    -3.59086      4.65199     -1.29447   0.00962782    0.0443499  -0.00496482   -0.0230113   -0.0311088   -0.0275344   -0.0245286   -0.0256539   -0.0214732   -0.0201028  -0.00721992 -0.000809691  -0.00112514  -0.00176299  -0.00226828   0.00135448    0.0028311  -0.00275764  -0.00450431   0.00329621 -0.000953807  -0.00196357  -0.00453088  -0.00524204 -0.000547517 -0.000740139  -0.00185173  -0.00659377   0.00136744   0.00904758  -0.00054426  -0.00226682    0.0081856  -0.00585402  -0.00763532   0.00451478   0.00541139  -0.00786337  -0.00642323   0.00562688  -0.00212779  -0.00142598 -0.000517918  -0.00234656  -0.00431974   -0.0130011   -0.0168008  -0.00475164   0.00751373   0.00598452   -0.0284943   -0.0491771      1.86776      1.23304    -0.559351    -0.499595    -0.254719    -0.116085   -0.0504309   -0.0206278  -0.00689675  0.000652579   0.00584541   0.00766247   0.00775846   0.00645906   0.00630222   0.00675984   0.00692677   0.00685747   0.00693763   0.00704835     0.006933   0.00684111    0.0067581    0.0063286   0.00602407   0.00577833   0.00554565   0.00527975   0.00486239   0.00443825   0.00406114   0.00396833    0.0034857   0.00236151   0.00135652  0.000396634  -0.00116517  -0.00190804  -0.00224344  -0.00270289  -0.00289906  -0.00215041  -0.00142802   -0.0010903 -0.000931686  0.000452756   0.00819046     0.030549    0.0635785    0.0932271     0.108535     0.118195     0.132662     0.121707    0.0631591  4.26181e-07    -0.110703  -0.00336556
   -0.249003     -1.29447      2.65405     -1.15363    0.0146297    0.0109975   -0.0175518   -0.0234956   -0.0190291   -0.0143935   -0.0118469  -0.00794024  -0.00631484  -0.00255137  6.42969e-05   0.00107022   0.00147683   0.00108523  0.000992075   0.00124749  0.000643851 -0.000745488 -0.000259345 -0.000334515 -1.39603e-05 -3.78168e-05 -0.000377038 -0.000243251  0.000126422  0.000891069  0.000669815 -0.000331542  5.40302e-07   0.00205382   0.00189742  0.000690991    0.0032077   0.00264378 -0.000585438  7.53016e-05   0.00369044   0.00237108  -0.00142293   0.00116617   0.00103843  0.000646682   0.00122366   0.00195551   0.00472016   0.00516674  1.77617e-05  -0.00542325  -0.00391898    0.0176149    0.0238642   -0.0405093    -0.154202      1.10666    -0.158855    -0.180147    -0.120848   -0.0817744   -0.0567471    -0.041036   -0.0304894   -0.0233541    -0.019961   -0.0185008   -0.0185442    -0.018223   -0.0176885   -0.0172907   -0.0169617    -0.016647   -0.0163018    -0.015972   -0.0158581   -0.0159708   -0.0158443   -0.0157205   -0.0155178   -0.0153242   -0.0150958   -0.0146184   -0.0140819   -0.0136019   -0.0133782   -0.0131781   -0.0129526   -0.0129604   -0.0130776   -0.0130386   -0.0131366   -0.0132221   -0.0131756   -0.0130772    -0.013136   -0.0132066   -0.0132774   -0.0134267   -0.0141389   -0.0169005   -0.0233781   -0.0308971   -0.0363587   -0.0412336   -0.0536938   -0.0730113   -0.0745597   -0.0437087 -1.58887e-08    0.0724998  0.000186924
  -0.0739621   0.00962782     -1.15363      2.36402     -1.13952    0.0121115     0.017452   -0.0098423   -0.0132431   -0.0103027  -0.00760918  -0.00563946  -0.00377651  -0.00299433   -0.0012596  0.000242203  0.000680401  0.000748073 -3.55926e-05 -0.000231314  0.000675196  0.000112266  -0.00234362 -0.000270394 -0.000635094 -0.000172227 -0.000279056  -0.00170714 -0.000612642 -0.000160044   0.00148907  -0.00179745  -0.00295951    0.0020379   0.00148431  -0.00279135   0.00374745   0.00238385  -0.00269637  -0.00172425   0.00356441   0.00177775  -0.00286729  0.000765472  0.000366235  0.000128831  0.000912003   0.00162963   0.00467758   0.00591431   0.00173242  -0.00186881   -0.0016896   0.00461127   0.00899669    -0.111962    -0.149427    -0.166589     0.767285  0.000543203   -0.0647793   -0.0577259   -0.0462913   -0.0363719   -0.0280248   -0.0219098   -0.0187288   -0.0172507   -0.0170081   -0.0166657   -0.0162488   -0.0159503   -0.0157228   -0.0155283     -0.01535   -0.0152095   -0.0151873   -0.0152905   -0.0152914   -0.0152984   -0.0152639   -0.0152275   -0.0151606   -0.0149419   -0.0146757   -0.0144296   -0.0143295   -0.0142705   -0.0142421   -0.0143613   -0.0145419   -0.0145683   -0.0146311    -0.014632   -0.0145475   -0.0144376   -0.0144566   -0.0144543   -0.0145033   -0.0145218   -0.0148752   -0.0170671   -0.0237911   -0.0338954   -0.0419122   -0.0429447   -0.0385911   -0.0345836   -0.0278937   -0.0149503 -2.01795e-08    0.0238723   0.00117081
   -0.121968    0.0443499    0.0146297     -1.13952      2.46414     -1.23388   0.00612956    0.0146397    -0.011319   -0.0138715   -0.0110591   -0.0082741  -0.00619325   -0.0043595  -0.00200952  -0.00041696  6.56552e-07  0.000110584 -0.000342277 -0.000320192  0.000398065 -0.000238473  -0.00246397 -0.000376775 -0.000947883 -0.000703148 -0.000942359  -0.00232707  -0.00109418 -0.000710378  0.000885335  -0.00236572  -0.00320248   0.00184848   0.00100523  -0.00325945   0.00326504   0.00156776  -0.00328603  -0.00214888     0.002823   0.00105271  -0.00309854  0.000349197 -5.35754e-05 -0.000243556  0.000419896  0.000980215    0.0034227   0.00428506   0.00140456 -0.000301476 -0.000846514  -0.00259275  -0.00731177   -0.0335959   -0.0685699   -0.0800451    0.0929849     0.530481   0.00246925   -0.0470432   -0.0429491   -0.0358465   -0.0286251    -0.022991   -0.0203226   -0.0192613   -0.0193741   -0.0191914   -0.0188193   -0.0185429   -0.0183432   -0.0181592   -0.0180106   -0.0179447   -0.0179317   -0.0179762   -0.0180638   -0.0181435   -0.0181953    -0.018233   -0.0182467   -0.0182046   -0.0181431   -0.0181074     -0.01815   -0.0183467   -0.0187276   -0.0191787   -0.0196226   -0.0199632   -0.0201045    -0.020059   -0.0199774   -0.0198641   -0.0197389   -0.0195788   -0.0195737   -0.0194918   -0.0195456   -0.0208655   -0.0256631     -0.03272   -0.0365429   -0.0319608   -0.0194444  -0.00676081  0.000778135   -0.0011971 -3.18164e-09    0.0141397   0.00223387
  -0.0932064  -0.00496482    0.0109975    0.0121115     -1.23388      2.61713     -1.29595   0.00649669    0.0167586   -0.0099372   -0.0115597  -0.00839036  -0.00467117  -0.00442397   -0.0025888 -0.000439489  0.000356882  0.000919664  2.98203e-05 -0.000306793   0.00121619  0.000968831  -0.00293061 -9.91292e-05 -0.000989043 -0.000487473 -0.000591229  -0.00274489   -0.0013424  -0.00108487   0.00139059  -0.00276737  -0.00441826   0.00179016   0.00101898     -0.00442   0.00372939   0.00190586  -0.00367977  -0.00247582    0.0032308   0.00124262  -0.00340247  0.000541805  2.49757e-05 -9.50403e-05  0.000735965    0.0013861   0.00431768   0.00582454   0.00243577  0.000152822 -0.000426239  -0.00388204  -0.00329573   -0.0786991    -0.113886    -0.100057   -0.0258642     0.142886     0.328148   0.00310902   -0.0349221   -0.0343216   -0.0270171   -0.0198813    -0.016171     -0.01444   -0.0142058   -0.0138301   -0.0134142   -0.0131945    -0.013101   -0.0130287    -0.012969   -0.0129655   -0.0129923    -0.013077   -0.0132216    -0.013373   -0.0135001   -0.0136142   -0.0137068    -0.013689   -0.0136189   -0.0135326   -0.0135326   -0.0135645    -0.013659   -0.0138853   -0.0141737   -0.0143399   -0.0144838   -0.0145226    -0.014491   -0.0144102   -0.0143619   -0.0142441   -0.0142246   -0.0141495   -0.0143098   -0.0160668   -0.0223556   -0.0329234    -0.041519   -0.0402509   -0.0268878   -0.0101744 -0.000157636 -0.000232569  2.92699e-09  -0.00384878  0.000726106
  -0.0585398   -0.0230113   -0.0175518     0.017452   0.00612956     -1.29595      2.74509     -1.35599   0.00712984    0.0146264   -0.0117726   -0.0130101  -0.00747707   -0.0058623  -0.00343766 -0.000834411  0.000409208   0.00129677  0.000622354  0.000349037   0.00183556   0.00164064  -0.00213369   0.00019048 -0.000732495 -0.000381007 -0.000543572  -0.00260051  -0.00146011  -0.00123575   0.00105572  -0.00261938  -0.00421311   0.00130046  0.000756138   -0.0040586   0.00318788   0.00173036  -0.00319376  -0.00220605   0.00285664   0.00117332  -0.00294013  0.000525728  6.29161e-05 -4.86517e-05  0.000683111   0.00125876   0.00388543   0.00525526   0.00221285   0.00013397 -0.000370681  -0.00341418  -0.00300431   -0.0906562    -0.118062    -0.105967   -0.0544708     0.044008      0.15607     0.196839  -0.00575149   -0.0272773   -0.0234448   -0.0159793   -0.0122498   -0.0105832   -0.0107358   -0.0104092  -0.00993439  -0.00972237  -0.00968563  -0.00966805  -0.00964384  -0.00967261   -0.0096919  -0.00974361  -0.00992473    -0.010111   -0.0102686   -0.0104074   -0.0105318   -0.0105451   -0.0105018    -0.010427   -0.0104338   -0.0104168    -0.010414   -0.0105559   -0.0107786   -0.0109005   -0.0110445   -0.0111096   -0.0111074   -0.0110533   -0.0110169   -0.0109066   -0.0108748   -0.0108085   -0.0109848   -0.0126421   -0.0184283   -0.0281487   -0.0362454   -0.0355966   -0.0240862  -0.00942671 -0.000696959 -0.000829901  4.83994e-09  -0.00284507  9.03242e-05
  -0.0293187   -0.0311088   -0.0234956   -0.0098423    0.0146397   0.00649669     -1.35599      2.83757     -1.39345    0.0115705     0.014791   -0.0136217   -0.0119031  -0.00963599  -0.00599785  -0.00207955   7.5127e-05    0.0016922    0.0010238  0.000677261    0.0027719   0.00296176  -0.00172233  0.000747659 -0.000350124   7.8545e-05 -3.75946e-05  -0.00253814  -0.00152903  -0.00142017   0.00128903  -0.00262809   -0.0047819  0.000933431  0.000645935   -0.0044911   0.00311682   0.00193501  -0.00301365  -0.00221722   0.00287993   0.00132941  -0.00277502  0.000636572  0.000142288  6.26839e-05  0.000823336   0.00140332   0.00414303   0.00583955   0.00271784  0.000354618 -9.24663e-05  -0.00320469   0.00127354     -0.10005    -0.122054    -0.118294   -0.0898761   -0.0326695     0.050979     0.100247    0.0938169  -0.00777098   -0.0176201   -0.0104418  -0.00657095  -0.00486035  -0.00557254  -0.00527107  -0.00461453  -0.00434336  -0.00435009  -0.00441187  -0.00443827  -0.00449642  -0.00451435  -0.00454157  -0.00475497  -0.00497926   -0.0051731  -0.00533268  -0.00547662  -0.00548978  -0.00543279  -0.00532259  -0.00530296  -0.00516534  -0.00494386  -0.00490491  -0.00498941  -0.00496481  -0.00508302  -0.00518538  -0.00520268  -0.00516792   -0.0051942   -0.0051386  -0.00511186  -0.00506675  -0.00531162  -0.00716104   -0.0135529   -0.0248984    -0.035639   -0.0375833   -0.0272443    -0.012161  -0.00272141 -0.000459538  6.01862e-09   -0.0125043 -0.000732283
  -0.0111755   -0.0275344   -0.0190291   -0.0132431    -0.011319    0.0167586   0.00712984     -1.39345      2.90487     -1.43445    0.0170394    0.0113546   -0.0164859   -0.0170498   -0.0109011  -0.00532931  -0.00197071  0.000391444  0.000915082   0.00135085   0.00299036    0.0031621  0.000162484   0.00151904  0.000498996  0.000420067  3.11749e-05  -0.00176898  -0.00127372  -0.00130898  0.000340879  -0.00211774  -0.00332908  0.000395261   0.00023692  -0.00290828    0.0019848   0.00118519  -0.00189662  -0.00129518   0.00192349  0.000881806  -0.00169716  0.000480435  0.000153547  0.000100857  0.000577029  0.000934326    0.0026466   0.00370008    0.0017152  0.000233375 -4.01588e-05  -0.00216851  0.000548678   -0.0823984   -0.0964508     -0.09669   -0.0825733   -0.0473038    0.0200137    0.0819812    0.0967818    0.0733301  -0.00339894   -0.0064406  -0.00343628  -0.00236155  -0.00450361  -0.00445915  -0.00341991  -0.00288332  -0.00282556  -0.00293198  -0.00295838  -0.00299637  -0.00297504  -0.00292287  -0.00315477  -0.00339069   -0.0035897  -0.00372618  -0.00384201  -0.00387014  -0.00384264  -0.00376828  -0.00377176  -0.00365332  -0.00344262  -0.00340247  -0.00347934  -0.00349786  -0.00362949   -0.0037418  -0.00378795  -0.00377831  -0.00376765  -0.00369083  -0.00365038   -0.0036201  -0.00379741  -0.00498386  -0.00898355   -0.0160643   -0.0227541   -0.0239101   -0.0172718  -0.00757441  -0.00164826 -0.000474779  4.00198e-09  -0.00826635 -0.000814616
  0.00299641   -0.0245286   -0.0143935   -0.0103027   -0.0138715   -0.0099372    0.0146264    0.0115705     -1.43445      2.96186     -1.46588    0.0243092    0.0104334   -0.0205829    -0.018609   -0.0111033  -0.00571023  -0.00205723 -0.000192409   0.00119683   0.00287962   0.00331252   0.00168264    0.0023897   0.00150072   0.00108235  0.000469606 -0.000906044 -0.000871375  -0.00108566 -0.000252492  -0.00172832   -0.0023377 -5.65811e-05 -9.75205e-05  -0.00181616   0.00115507  0.000674592  -0.00107563 -0.000614133    0.0012995  0.000627776  -0.00089744  0.000417135  0.000211435  0.000175064  0.000459051  0.000670041   0.00170081   0.00233123   0.00103941  8.55027e-06 -6.77768e-05 -0.000698197   0.00182024   -0.0693506   -0.0778321   -0.0810566   -0.0768409    -0.058935   -0.0104852    0.0501441    0.0852944     0.079943    0.0763789  0.000279793 -0.000333434  1.30372e-05  -0.00393903  -0.00412152   -0.0024878   -0.0015245  -0.00134768  -0.00154454  -0.00159633  -0.00160091  -0.00156551  -0.00147212  -0.00171501  -0.00196808  -0.00218496  -0.00230266  -0.00238091  -0.00240637  -0.00238403   -0.0023177  -0.00232249  -0.00218597  -0.00191886  -0.00182368  -0.00185459  -0.00185492  -0.00198995  -0.00212338  -0.00219506  -0.00220799  -0.00219032  -0.00211532  -0.00206954  -0.00205904  -0.00221961  -0.00302158  -0.00550322  -0.00984371    -0.014065   -0.0152175   -0.0120054  -0.00696399  -0.00358861  -0.00165406  2.55833e-09  -0.00454829  -0.00100639
   0.0133471   -0.0256539   -0.0118469  -0.00760918   -0.0110591   -0.0115597   -0.0117726     0.014791    0.0170394     -1.46588       2.9944     -1.48236    0.0363853   0.00969874   -0.0231413   -0.0195167   -0.0113778  -0.00527726  -0.00261814 -0.000709171   0.00258671   0.00415631   0.00156209   0.00295351   0.00224317   0.00223753   0.00182679 -0.000265394 -0.000497645 -0.000872531  0.000569759   -0.0015652  -0.00336743 -0.000644684 -0.000253457  -0.00277117   0.00106676   0.00117211  -0.00103439 -0.000956382   0.00149611   0.00107624 -0.000870036  0.000596647  0.000337072  0.000284751  0.000639905  0.000907885   0.00235349   0.00347245   0.00177304  0.000107326  8.28292e-05     0.000341   0.00728061   -0.0702986   -0.0779318   -0.0842941   -0.0898766   -0.0918293   -0.0688756    -0.025079    0.0140822     0.025018    0.0154677    0.0305515   0.00812405   0.00761413   0.00161927   0.00125868   0.00365586   0.00513529    0.0054434   0.00508204   0.00495335   0.00498373   0.00498325    0.0050379   0.00480001   0.00451832   0.00425814   0.00413557   0.00409122   0.00410157   0.00417079    0.0042965   0.00434037   0.00459602   0.00507848   0.00535087   0.00545432   0.00562371   0.00552078   0.00535391   0.00528475   0.00526749   0.00519834   0.00519042   0.00521153   0.00519296   0.00492635   0.00366678 -0.000267554   -0.0075148   -0.0155298   -0.0197732   -0.0178304   -0.0126289  -0.00813404  -0.00236392  4.18945e-09   -0.0101033  -0.00147511
   0.0187369   -0.0214732  -0.00794024  -0.00563946   -0.0082741  -0.00839036   -0.0130101   -0.0136217    0.0113546    0.0243092     -1.48236      3.03102     -1.51563    0.0425053   0.00889372   -0.0242947   -0.0199656   -0.0114109  -0.00641175  -0.00308632   0.00068823   0.00312067   0.00253903   0.00309804   0.00309736   0.00305077   0.00269459   0.00133511  0.000327523 -0.000181718  0.000193642  -0.00045519  -0.00191836  -0.00167118 -0.000819269  -0.00126834 -0.000545236  0.000577063  0.000367769 -0.000151617  0.000371858  0.000859831  0.000451547  0.000481733  0.000427478  0.000356064  0.000385281  0.000429296  0.000906206   0.00139654  0.000742052 -0.000286402 -4.80802e-05   0.00299895   0.00805443   -0.0630498   -0.0676218   -0.0752995   -0.0809774   -0.0870353   -0.0764275   -0.0460124   -0.0102601   0.00916123   0.00685849   0.00130265  0.000429977   0.00678519   0.00562906   0.00483592   0.00835522    0.0105998    0.0111483    0.0106188     0.010437    0.0105618    0.0105292    0.0105268     0.010333     0.010063   0.00979827   0.00969826   0.00971605   0.00974182   0.00981729   0.00994467    0.0100156    0.0102888    0.0108016    0.0111204    0.0112715     0.011445    0.0113319    0.0111338    0.0110343    0.0109878    0.0109173    0.0108885    0.0109084    0.0108544    0.0105939   0.00978628   0.00778573   0.00429227 -0.000271877  -0.00474911  -0.00859595   -0.0115048   -0.0114823  -0.00503132  2.27177e-09   0.00170936  -0.00174093
   0.0201368   -0.0201028  -0.00631484  -0.00377651  -0.00619325  -0.00467117  -0.00747707   -0.0119031   -0.0164859    0.0104334    0.0363853     -1.51563      3.08714      -1.5499    0.0474936   0.00950578   -0.0251242   -0.0197791   -0.0130233  -0.00843556  -0.00216841   0.00208014  0.000372671   0.00251063   0.00308291   0.00400455   0.00424249    0.0020554   0.00101889  0.000385562    0.0017653 -9.42155e-05  -0.00327753  -0.00207069 -0.000852747  -0.00285685 -0.000449518   0.00121044  8.53344e-06 -0.000926993  0.000648661   0.00134695  0.000160721  0.000629363  0.000475769  0.000392125  0.000551975   0.00068254   0.00177753    0.0029572    0.0018484  0.000251724  0.000345278   0.00253271    0.0118186   -0.0576404   -0.0627687   -0.0711224   -0.0819722   -0.0989335    -0.104615   -0.0912426   -0.0647917   -0.0427256   -0.0361779   -0.0414004   -0.0473472   -0.0562487   0.00805871   0.00876215        0.014    0.0174031    0.0183212    0.0175834    0.0173072    0.0175569    0.0174223    0.0172246    0.0171128    0.0168586    0.0165656     0.016457    0.0165216    0.0165974    0.0167374    0.0169383    0.0170955    0.0174469    0.0180543    0.0184583    0.0186657     0.018945    0.0188424    0.0186154    0.0185355    0.0185052    0.0183573    0.0182504    0.0182363    0.0181617    0.0178281     0.016527    0.0126475   0.00528508  -0.00393649   -0.0111088   -0.0137929   -0.0133179   -0.0108009  -0.00236972  4.11387e-09  -0.00919585  -0.00162483
   0.0204709  -0.00721992  -0.00255137  -0.00299433   -0.0043595  -0.00442397   -0.0058623  -0.00963599   -0.0170498   -0.0205829   0.00969874    0.0425053      -1.5499      3.16807     -1.61092    0.0551095    0.0106954   -0.0273226   -0.0220421   -0.0135125  -0.00807792  -0.00359325     0.001169   0.00167521    0.0033978    0.0036765   0.00369845   0.00428781   0.00266028   0.00179713  -0.00013173   0.00161505   0.00175268  -0.00203591  -0.00139401   0.00169622  -0.00276747  -0.00124079   0.00206269   0.00136706  -0.00163683 -0.000278923   0.00229803  0.000103339  0.000402854  0.000439178 -3.47897e-05 -0.000404639  -0.00191389  -0.00265393  -0.00112421  -0.00041136  0.000134666   0.00440716   0.00632939   -0.0337322    -0.032208   -0.0400449   -0.0400512   -0.0431284   -0.0418778   -0.0288832  -0.00558681     0.016593    0.0275488    0.0269551    0.0207448    0.0152099   -0.0107271   0.00312626   0.00606388     0.011488    0.0130695     0.012134    0.0118034    0.0122593    0.0120378    0.0116216    0.0116502    0.0114896    0.0112583    0.0111793    0.0113028    0.0113536    0.0114465    0.0115807    0.0117647    0.0119877    0.0123458    0.0126055    0.0127299    0.0127922    0.0126035    0.0123203    0.0121397    0.0120429    0.0120274    0.0120276     0.012066    0.0119774     0.011851     0.012366    0.0150788    0.0198706    0.0232057    0.0205653     0.010382  -0.00185737  -0.00821665  -0.00430219 -4.38674e-09   0.00605602  -0.00165102
   0.0176915 -0.000809691  6.42969e-05   -0.0012596  -0.00200952   -0.0025888  -0.00343766  -0.00599785   -0.0109011    -0.018609   -0.0231413   0.00889372    0.0474936     -1.61092      3.26503     -1.65496    0.0643184    0.0108314   -0.0288842   -0.0229601   -0.0155786  -0.00984757  -0.00234756 -0.000463387   0.00214748   0.00292365   0.00326218   0.00477471   0.00376943   0.00288321  0.000193741   0.00191086   0.00314504 -0.000679797  -0.00100204    0.0022953  -0.00229964  -0.00196778   0.00134157   0.00145776   -0.0016012 -0.000889689   0.00181403 -4.94055e-05  0.000287927  0.000405607 -3.53144e-06 -0.000349201  -0.00203371  -0.00308567  -0.00154051 -0.000551516  1.93016e-05   0.00361872   0.00448317   -0.0143759    -0.010744   -0.0169275    -0.015147   -0.0150331   -0.0132579  -0.00315396     0.016455    0.0384393    0.0536311     0.058775    0.0562222    0.0521062     0.039546    0.0363426  -0.00232701   0.00099995   0.00359445   0.00237682   0.00191855   0.00257458   0.00215912   0.00132303    0.0015407   0.00148921   0.00130486   0.00120428   0.00132345   0.00137445   0.00147943   0.00162782   0.00189906   0.00207068   0.00227496   0.00246065   0.00253774   0.00254868    0.0023308   0.00202012   0.00181099   0.00170613    0.0017211   0.00176324   0.00181337   0.00174065   0.00167293   0.00248698    0.0061804    0.0128622    0.0188332     0.018778    0.0105554 -0.000386208  -0.00641143   -0.0037211 -5.83334e-09   0.00508739  -0.00118667
   0.0126964  -0.00112514   0.00107022  0.000242203  -0.00041696 -0.000439489 -0.000834411  -0.00207955  -0.00532931   -0.0111033   -0.0195167   -0.0242947   0.00950578    0.0551095     -1.65496      3.31496     -1.67864    0.0756678    0.0129054   -0.0303018   -0.0250609   -0.0162137  -0.00879237  -0.00450708 -0.000891163    0.0013989   0.00281049   0.00412619   0.00404257   0.00352446   0.00206465   0.00217123   0.00217016  0.000262642 -0.000315033  0.000671055  -0.00116992  -0.00122702  4.49096e-05  0.000268212 -0.000793418 -0.000533749   0.00057668   8.2991e-06  0.000199344  0.000307462  0.000209899  0.000104913 -0.000506129 -0.000875894 -0.000443429 -0.000303408  6.11275e-05   0.00265191   0.00576859   -0.0102542  -0.00873459   -0.0132943   -0.0145212   -0.0185941   -0.0224676   -0.0199167  -0.00780434    0.0101119    0.0259093    0.0343627    0.0352436    0.0325613    0.0274663    0.0248653    0.0396534   0.00126414   0.00291625   0.00123864  0.000580273   0.00141285  0.000748391 -0.000636614 -0.000172055 -8.11122e-05 -0.000181907 -0.000334429  -0.00027636 -0.000198332 -3.20232e-05  0.000201048  0.000606781  0.000832816   0.00100111   0.00119412   0.00129431   0.00136828   0.00117967  0.000871325  0.000689797  0.000610325  0.000557942  0.000543557  0.000560709  0.000487457  0.000339869  0.000449447   0.00160158   0.00378052   0.00555448   0.00488571  0.000894054  -0.00410155  -0.00618413  -0.00224822 -2.39929e-09  0.000338367 -0.000774483
   0.0100693  -0.00176299   0.00147683  0.000680401  6.56552e-07  0.000356882  0.000409208   7.5127e-05  -0.00197071  -0.00571023   -0.0113778   -0.0199656   -0.0251242    0.0106954    0.0643184     -1.67864      3.33905     -1.70075     0.087093    0.0143198   -0.0319917   -0.0253441   -0.0158338  -0.00998678    -0.005058  -0.00132398   0.00138329   0.00330579   0.00381439   0.00392253   0.00327119   0.00331218   0.00245286   0.00050083   0.00019416  0.000575648  -0.00117633  -0.00072401  0.000186535 -0.000138693  -0.00095891 -0.000352796  0.000508688 -7.26659e-05  0.000130422  0.000221328   0.00015273  9.16285e-05 -0.000284195 -0.000437815 -0.000136854 -0.000230886  0.000107323   0.00332917   0.00709063   -0.0136262   -0.0136346   -0.0177441   -0.0180918    -0.022145   -0.0284712   -0.0315362   -0.0268967   -0.0153026  -0.00239536   0.00634249   0.00903522   0.00768758   0.00364691   0.00191188    0.0106249    0.0235861   0.00711125   0.00652688   0.00560218   0.00670366   0.00577982   0.00379166   0.00456485   0.00486212   0.00491937   0.00473175   0.00469415   0.00479932   0.00502414   0.00534279   0.00588769   0.00619561   0.00632955   0.00654062   0.00668573    0.0067776   0.00662326   0.00632104    0.0061489   0.00607498   0.00596538   0.00588042   0.00586688   0.00576014   0.00554007   0.00535121   0.00560871   0.00628064   0.00634306   0.00444899 -0.000107649  -0.00541157  -0.00726344  -0.00230096 -1.29556e-09     0.002566 -0.000796668
   0.0084082  -0.00226828   0.00108523  0.000748073  0.000110584  0.000919664   0.00129677    0.0016922  0.000391444  -0.00205723  -0.00527726   -0.0114109   -0.0197791   -0.0273226    0.0108314    0.0756678     -1.70075      3.37051     -1.72921    0.0952363    0.0160171   -0.0324323    -0.026306   -0.0171187   -0.0104991  -0.00524278  -0.00112888   0.00142705   0.00279478   0.00370846   0.00424048   0.00424011   0.00259338  0.000939555  0.000920314  0.000490575  -0.00087398 -3.91358e-05  0.000361633 -0.000509354  -0.00103728 -0.000178253  0.000373211 -0.000168169  1.45956e-05  0.000106806  9.06484e-05  7.79194e-05 -2.85775e-05  0.000149262  0.000356611  7.42767e-05  0.000329488   0.00320961    0.0084591   -0.0153312   -0.0165197   -0.0203704   -0.0203166   -0.0247883   -0.0327766   -0.0395506   -0.0403133    -0.033999   -0.0242922   -0.0161734   -0.0123398   -0.0123466   -0.0155172   -0.0173449   -0.0151864  -0.00540144 -0.000299842    0.0114595     0.010843    0.0125109    0.0112427   0.00856965    0.0096999    0.0102521    0.0105145    0.0102911    0.0101051    0.0102343    0.0105144    0.0109163    0.0115828    0.0119773    0.0120636    0.0122731    0.0124404    0.0125153    0.0123991     0.012121    0.0119642    0.0119023    0.0117469    0.0115991    0.0115575    0.0114171    0.0111333    0.0106716   0.00998916   0.00879437   0.00656195   0.00318668  -0.00117154  -0.00528861  -0.00625051 -0.000734202 -5.21534e-10  -0.00104934 -0.000740245
  0.00955721   0.00135448  0.000992075 -3.55926e-05 -0.000342277  2.98203e-05  0.000622354    0.0010238  0.000915082 -0.000192409  -0.00261814  -0.00641175   -0.0130233   -0.0220421   -0.0288842    0.0129054     0.087093     -1.72921      3.42953     -1.77296      0.10223    0.0175455   -0.0333899   -0.0274059    -0.017089   -0.0107091  -0.00568128  -0.00088592   0.00129693   0.00305533   0.00298339   0.00518531   0.00544157   0.00182068   0.00157839   0.00331135  -0.00120991 -0.000641767   0.00160877  0.000703354  -0.00201511 -0.000977975   0.00122482  -0.00052793 -0.000152815  2.46883e-05 -0.000235708 -0.000436697  -0.00166006  -0.00225211 -0.000895396 -0.000210816   0.00028587   0.00403148   0.00711332   -0.0127088   -0.0118946   -0.0162218  -0.00968082  -0.00630194   -0.0085612   -0.0130796    -0.015396   -0.0129154  -0.00676256 -0.000358676    0.0035391   0.00433692   0.00216927  0.000316784   0.00104358   0.00420693   0.00953939    0.0087452    0.0115282     0.011859   0.00991467   0.00629011   0.00782052   0.00868202   0.00922232   0.00896511   0.00857122   0.00867771   0.00894664   0.00935347    0.0100642    0.0104857    0.0104618    0.0106233    0.0107943    0.0107408    0.0106406    0.0103854     0.010184    0.0100896   0.00998156   0.00986114   0.00984067   0.00967165     0.009432   0.00970562     0.011823    0.0156642    0.0183567    0.0163014   0.00830822  -0.00123356  -0.00588202  -0.00172201 -4.90335e-09   0.00282696  -0.00106946
  0.00953294    0.0028311   0.00124749 -0.000231314 -0.000320192 -0.000306793  0.000349037  0.000677261   0.00135085   0.00119683 -0.000709171  -0.00308632  -0.00843556   -0.0135125   -0.0229601   -0.0303018    0.0143198    0.0952363     -1.77296      3.50681     -1.81704     0.109381    0.0215864   -0.0361417   -0.0276007   -0.0178388   -0.0115347  -0.00505989  -0.00159465   0.00119629   0.00126763   0.00472912   0.00681857   0.00316316   0.00252336   0.00506259 -0.000300401 -0.000626426   0.00190034   0.00137666  -0.00195932  -0.00142316   0.00108206 -0.000756459 -0.000348221 -0.000128162  -0.00039435 -0.000590372  -0.00210776  -0.00308753  -0.00156621 -0.000570844  4.42285e-05   0.00409418   0.00556801    -0.008456  -0.00643595    -0.010243 -0.000875341   0.00742139   0.00995996   0.00853678    0.0066496   0.00743058    0.0114389    0.0166623    0.0206931    0.0223381    0.0213419    0.0197849    0.0199462    0.0215401    0.0238153    0.0216198    0.0210521   0.00578888   0.00402849  -0.00152527  0.000528831   0.00170834   0.00254677   0.00223119   0.00154374   0.00160532   0.00183314   0.00220584   0.00286121   0.00329419   0.00320372   0.00331791   0.00347913   0.00331644   0.00326247   0.00308089   0.00286755   0.00276034   0.00270528   0.00263611   0.00264097   0.00247315   0.00224511   0.00277741    0.0059939    0.0120894    0.0175867    0.0174355   0.00951624 -0.000976586  -0.00637035  -0.00291113 -6.53588e-09   0.00660715  -0.00105897
  0.00470991  -0.00275764  0.000643851  0.000675196  0.000398065   0.00121619   0.00183556    0.0027719   0.00299036   0.00287962   0.00258671   0.00068823  -0.00216841  -0.00807792   -0.0155786   -0.0250609   -0.0319917    0.0160171      0.10223     -1.81704      3.56893     -1.84752     0.118008     0.021453   -0.0376475   -0.0284335   -0.0176832    -0.011646  -0.00660587  -0.00248992   0.00110408   0.00260216   0.00281749   0.00351348   0.00355685   0.00221081    0.0021643   0.00187433  0.000661026 -0.000245732 -6.99872e-05 -0.000120541 -0.000717267 -0.000531591 -0.000507793 -0.000425359 -0.000218925 -2.12614e-05  0.000462065  0.000863979  0.000529666  7.95235e-05  0.000216494    0.0019307   0.00671097  -0.00790049  -0.00910344   -0.0105773  -0.00991992    -0.010645   -0.0136235   -0.0179373   -0.0212174   -0.0212647   -0.0179387   -0.0130219  -0.00851958  -0.00590757  -0.00561907  -0.00665722  -0.00706401  -0.00628844  -0.00504403  -0.00542861  -0.00658694   -0.0080773   0.00310851 -0.000347162    0.0027466   0.00427909   0.00539001   0.00498361    0.0039319   0.00397781   0.00419439   0.00455473   0.00505649   0.00555785   0.00556049   0.00567003   0.00581223   0.00564817   0.00570018   0.00567473   0.00556953   0.00552903   0.00543644   0.00533631   0.00531255   0.00516307   0.00479879   0.00398787     0.002269 -0.000439909  -0.00340162  -0.00531825   -0.0056547  -0.00509482  -0.00333378   0.00123361  6.10474e-10  -0.00138134 -0.000146179
  0.00458549  -0.00450431 -0.000745488  0.000112266 -0.000238473  0.000968831   0.00164064   0.00296176    0.0031621   0.00331252   0.00415631   0.00312067   0.00208014  -0.00359325  -0.00984757   -0.0162137   -0.0253441   -0.0324323    0.0175455     0.109381     -1.84752      3.62831      -1.8879     0.123365    0.0233673    -0.038379   -0.0282901   -0.0186014   -0.0122866  -0.00700415  -0.00127783  0.000916347  0.000655217   0.00236861   0.00368133   0.00190697   0.00257132   0.00331314   0.00172478 -0.000111729  0.000196789  0.000596683 -0.000373008  -0.00047064 -0.000575044 -0.000585752   -0.0004222 -0.000239055  0.000482798   0.00133996   0.00113546  0.000641481  0.000617873   0.00131956   0.00783988   -0.0107046   -0.0126944   -0.0142714   -0.0155405   -0.0193433    -0.024726   -0.0309066   -0.0359877    -0.038137   -0.0370209     -0.03387     -0.03023    -0.027646   -0.0267327   -0.0274044   -0.0282509   -0.0282818   -0.0276154   -0.0276098   -0.0278563   -0.0245503   -0.0247346   0.00979237    0.0117987    0.0141992    0.0157183    0.0152478    0.0138043    0.0138256    0.0139941    0.0142775    0.0145032    0.0150682    0.0152631    0.0154212    0.0155834     0.015366    0.0154911    0.0155893     0.015531    0.0155038      0.01543    0.0153341    0.0153194    0.0151614    0.0147448    0.0136469    0.0108422   0.00582721 -0.000190541  -0.00428814  -0.00449592  -0.00223233  0.000593877   0.00494449   1.6532e-09  -0.00765376  9.37764e-06
   0.0150772   0.00329621 -0.000259345  -0.00234362  -0.00246397  -0.00293061  -0.00213369  -0.00172233  0.000162484   0.00168264   0.00156209   0.00253903  0.000372671     0.001169  -0.00234756  -0.00879237   -0.0158338    -0.026306   -0.0333899    0.0215864     0.118008      -1.8879      3.70689     -1.93583     0.131358    0.0253638   -0.0405231   -0.0279393   -0.0181017   -0.0116178   -0.0094512 -0.000590688   0.00556919   0.00133463   0.00270335   0.00912262  0.000254131  0.000796045    0.0058224   0.00439716  -0.00214418  -0.00117304   0.00310756 -0.000922817  -0.00051742 -0.000418545  -0.00116709  -0.00167233  -0.00454967  -0.00630428   -0.0031619 -0.000948909  -1.0496e-05   0.00561303   0.00513606   -0.0139017  -0.00946701   -0.0149629  0.000558741    0.0164403    0.0253736    0.0274041    0.0244487    0.0198467    0.0168098    0.0163125     0.017473    0.0189021    0.0196471    0.0191225    0.0180895    0.0175391    0.0177705    0.0178694    0.0182656    0.0198375    0.0158227     0.021975   0.00485294   0.00740925   0.00984989   0.00932732    0.0074877    0.0073966   0.00738067   0.00740135   0.00713596   0.00763464   0.00805563   0.00831511   0.00857083   0.00819255   0.00831169   0.00843723   0.00822795   0.00805976   0.00819691   0.00830688   0.00843672   0.00827688   0.00803608   0.00922352    0.0153236    0.0266901    0.0368192    0.0365391    0.0224561   0.00416279  -0.00590801  -0.00340822 -1.17044e-08    0.0130384    -0.001622
  0.00941221 -0.000953807 -0.000334515 -0.000270394 -0.000376775 -9.91292e-05   0.00019048  0.000747659   0.00151904    0.0023897   0.00295351   0.00309804   0.00251063   0.00167521 -0.000463387  -0.00450708  -0.00998678   -0.0171187   -0.0274059   -0.0361417     0.021453     0.123365     -1.93583      3.75966       -1.955     0.139455    0.0278575   -0.0408878   -0.0302298   -0.0192329   -0.0131162   -0.0081377  -0.00246702   0.00147398    0.0026176   0.00368964    0.0046299   0.00301497   0.00218881   0.00244657   0.00197449  0.000389501 -0.000359079 -0.000162193  -0.00047128 -0.000516256 -0.000383788 -0.000233888 -2.04953e-05  4.25183e-05 -0.000331218 -0.000468378 -0.000164534  0.000152098   0.00477148  0.000661124   0.00226753  0.000348444   0.00214325    0.0048485   0.00763615   0.00962778    0.0105275    0.0109742    0.0119886    0.0139585    0.0165869     0.019017    0.0206972    0.0208807    0.0200578    0.0192891    0.0191777    0.0192389    0.0198164    0.0210773    0.0196852   0.00849347   0.00396212  -0.00774291  -0.00558663  -0.00652266    -0.008895  -0.00905527  -0.00919038  -0.00939717   -0.0103574  -0.00998851  -0.00918957  -0.00885707  -0.00868124  -0.00894205  -0.00877521  -0.00850847  -0.00861789  -0.00872847  -0.00854064  -0.00828059  -0.00808662  -0.00808905  -0.00840469  -0.00894278  -0.00942138  -0.00983822   -0.0100169  -0.00970994  -0.00833261  -0.00574074  -0.00312152   0.00042641 -2.04815e-09  -0.00799721 -0.000235382
   0.0113436  -0.00196357 -1.39603e-05 -0.000635094 -0.000947883 -0.000989043 -0.000732495 -0.000350124  0.000498996   0.00150072   0.00224317   0.00309736   0.00308291    0.0033978   0.00214748 -0.000891163    -0.005058   -0.0104991    -0.017089   -0.0276007   -0.0376475    0.0233673     0.131358       -1.955      3.78957      -1.9807     0.147067    0.0305017   -0.0415027   -0.0307905   -0.0201745   -0.0129967  -0.00639582  -0.00263297  0.000127384   0.00328522   0.00325018   0.00302827   0.00363072   0.00352541   0.00206676   0.00110197   0.00102347  0.000225546 -0.000121723 -0.000345243 -0.000523783 -0.000578711 -0.000883945  -0.00115285 -0.000989942 -0.000822711 -0.000382969   0.00164719    0.0045685  -0.00438163  -0.00225164  -0.00476198  -0.00163101   0.00293245   0.00681383    0.0091008   0.00954056   0.00883546   0.00830414   0.00873987      0.01014    0.0118734    0.0134051    0.0137471    0.0129475    0.0119257     0.011441     0.011389    0.0119483    0.0132384    0.0127193   0.00792702    0.0139626    0.0105536   0.00119345  0.000235075  -0.00355812  -0.00376701  -0.00403713  -0.00451047  -0.00626615  -0.00598291  -0.00458904  -0.00403915  -0.00376194  -0.00390481  -0.00373412  -0.00342587  -0.00354861  -0.00371333  -0.00344511  -0.00306612  -0.00278381    -0.002721  -0.00301739  -0.00343498  -0.00318919  -0.00194564 -0.000588445 -0.000740753  -0.00298017  -0.00530911  -0.00529815  -0.00155426 -3.15642e-09   0.00149033 -0.000441063
   0.0112043  -0.00453088 -3.78168e-05 -0.000172227 -0.000703148 -0.000487473 -0.000381007   7.8545e-05  0.000420067   0.00108235   0.00223753   0.00305077   0.00400455    0.0036765   0.00292365    0.0013989  -0.00132398  -0.00524278   -0.0107091   -0.0178388   -0.0284335    -0.038379    0.0253638     0.139455      -1.9807      3.81873     -2.00103     0.154153    0.0322173   -0.0427145   -0.0310242   -0.0198892   -0.0136928  -0.00774714  -0.00323169 -0.000479588   0.00227468   0.00346698   0.00343301   0.00318531   0.00316581   0.00248522   0.00133929  0.000968699  0.000366704 -7.29146e-05 -0.000262014 -0.000320456  4.24414e-05  0.000363138 -0.000109407 -0.000570832 -0.000326703  0.000995474   0.00553806  -0.00512862  -0.00407941  -0.00622774   -0.0073498  -0.00752619  -0.00690379  -0.00619614  -0.00590981  -0.00609828  -0.00624462  -0.00584521  -0.00473159  -0.00325011  -0.00175497  -0.00122657  -0.00188404  -0.00297689  -0.00369729  -0.00387796  -0.00344027  -0.00229392  -0.00260134  -0.00500137  -0.00232842   0.00285125  -0.00115706   0.00670501    0.0028834   0.00258934   0.00221218    0.0014998  -0.00114235 -0.000981621   0.00115805    0.0020071   0.00236688   0.00250073   0.00264062   0.00293411   0.00282402   0.00262816   0.00291807   0.00339167   0.00374965   0.00391941   0.00361513   0.00258544  0.000606756  -0.00213931  -0.00498431  -0.00704956  -0.00775813  -0.00702743  -0.00480788 -0.000293005  -2.3632e-10    -0.001866 -0.000108551
     0.01262  -0.00524204 -0.000377038 -0.000279056 -0.000942359 -0.000591229 -0.000543572 -3.75946e-05  3.11749e-05  0.000469606   0.00182679   0.00269459   0.00424249   0.00369845   0.00326218   0.00281049   0.00138329  -0.00112888  -0.00568128   -0.0115347   -0.0176832   -0.0282901   -0.0405231    0.0278575     0.147067     -2.00103      3.85448      -2.0292     0.158507    0.0343238   -0.0425461   -0.0313757    -0.021274   -0.0144191  -0.00804555  -0.00426135  -0.00062539   0.00274204   0.00371815   0.00313577   0.00322809   0.00353206   0.00263245   0.00169515   0.00100029  0.000381544 -5.35854e-05 -0.000317935 -8.16338e-05   0.00043498  0.000225263 -0.000254797 -9.97715e-05   0.00103827   0.00666502  -0.00713107  -0.00624077  -0.00899811   -0.0112504   -0.0135301    -0.015001   -0.0158584   -0.0164231    -0.017011   -0.0174985   -0.0175744   -0.0170308   -0.0160237   -0.0147969   -0.0142431   -0.0147781   -0.0158607   -0.0167207   -0.0170119   -0.0167291   -0.0158355   -0.0159679   -0.0179763     -0.01685   -0.0148444   -0.0102679  -0.00526431    0.0140762    0.0134131    0.0128973    0.0119508   0.00845715   0.00848638    0.0115219    0.0127666    0.0132764     0.013811    0.0138713    0.0140439    0.0138994    0.0136349    0.0139166    0.0144594    0.0148952    0.0151687    0.0149128    0.0137262    0.0111113   0.00701085   0.00207512  -0.00225393  -0.00474097    -0.005081  -0.00338431   0.00126855 -2.23994e-11  -0.00496253 -6.08164e-05
